1237657065255534650 16.8373031156922 -3.39299974630244 17.54137 16.64674 16.32948 16.2095 16.17932 8
1237657190909935618 10.7335876647289 -0.162637481943852 17.82393 16.93957 16.6394 16.50836 16.47028 8
1237657190910722089 12.645325446325 -0.111244530578496 18.33865 17.45362 17.15539 17.05377 17.05347 8
1237657190910591011 12.2861302941045 -0.119822032575433 18.26697 17.35963 17.06106 16.93951 16.9057 8
1237657190374047850 13.1141795814423 -0.438756194454336 18.19759 17.2928 16.96085 16.82233 16.7446 8
1237657191447658522 12.785594862837 0.262492720834131 18.15974 17.30769 17.02631 16.9265 16.89664 8
1237657191447855151 13.1786713644639 0.243528403445392 17.96538 17.04543 16.7133 16.60897 16.56409 8
1237663716019535890 11.8350951787161 0.609647803273621 18.41945 17.50697 17.17257 17.05252 17.00337 8
1237663782591463450 10.6573343778176 -1.1544758802261 18.07827 17.20001 16.94086 16.82976 16.80604 8
1237663782592839849 13.8926092039391 -1.05410219370861 18.21709 17.37107 17.00624 16.86001 16.78167 8
1237663783129055308 12.3988726301546 -0.645468897260663 18.60021 17.67268 17.34091 17.25245 17.24294 8
1237663783129055310 12.4003717217768 -0.691406164477438 17.51318 16.59662 16.23587 16.09509 16.06887 8
1237663783667564612 16.1656359338313 -0.293024854195678 18.184 17.30574 16.96828 16.84405 16.79204 8
1237663784202338327 11.3031548759857 0.110300438718448 18.02142 17.1599 16.85761 16.76175 16.75559 8
1237663784202731609 12.2294830942391 0.0886512550636459 17.83183 16.96079 16.61379 16.43576 16.41083 8
1237663784203386914 13.6848073989578 0.187618254482004 18.27375 17.41926 17.1033 17.00639 16.99306 8
1237663784203452507 13.8362902848267 0.0750539699109445 18.00673 17.11574 16.83031 16.70098 16.70566 8
1237663784202993670 12.7349787864458 0.0161417236131269 17.24687 16.31983 15.99052 15.91032 15.88112 8
1237663784205156418 17.7587917548282 0.0687780591656029 17.97217 17.08219 16.82231 16.71374 16.68717 8
1237663784740978698 15.2742702810145 0.496539579009141 17.70052 16.76991 16.42746 16.31175 16.26999 8
1237666338113978372 13.664373011911 -0.982374315349737 18.43158 17.59138 17.24674 17.12314 17.08256 8
1237666338115158218 16.5024472036739 -0.971923003506156 18.07151 17.16771 16.83813 16.70502 16.63751 8
1237666338651308034 14.7095652696677 -0.571802823297481 18.30305 17.35824 17.02541 16.917 16.89762 8
1237666338651373634 14.9328010742988 -0.546820907796359 18.36039 17.48473 17.11286 16.96531 16.92733 8
1237666338652094552 16.6549061971786 -0.614810269075601 18.55648 17.63759 17.30088 17.16658 17.14237 8
1237666338652356635 17.1650802736642 -0.615876897960938 16.77871 15.9036 15.53947 15.46238 15.42492 8
1237666339724591152 13.7478934715931 0.375591774057113 17.96019 17.05406 16.74809 16.64148 16.62937 8
1237666339189030933 16.7363220098833 -0.137361422792672 17.12604 16.25582 15.90637 15.78248 15.75435 8
1237678595948740663 13.1436709480159 1.43083005664052 17.66584 16.74017 16.41627 16.30323 16.29179 8
1237678595948609556 12.7760757744367 1.44632809304978 18.33414 17.48251 17.17382 17.0888 17.03615 8
1237678595949723659 15.3160529362163 1.45960236024103 16.62336 15.76262 15.45256 15.36419 15.32539 8
1237678596485873710 13.801649602299 1.91218687642509 17.66545 16.7694 16.44069 16.37218 16.31062 8
1237678597022285860 12.7603793495547 2.35628909540543 18.04981 17.15305 16.87393 16.78331 16.73388 8
1237678597023203341 14.7410827892552 2.29123743092008 17.56573 16.69994 16.3853 16.29137 16.26301 8
1237678617423118342 12.0124116305043 1.26337533902522 17.81926 16.96065 16.7077 16.61403 16.5736 8
1237678617423183933 12.175725139622 1.31550053940931 16.87407 16.03717 15.75843 15.66459 15.62617 8
1237678617423511571 12.9280131103862 1.42514104776155 18.13585 17.26353 16.99693 16.89565 16.89714 8
1237678617422921744 11.573757862535 1.33712063261147 17.19061 16.35878 16.07026 15.95487 15.90894 8
1237678617424429166 15.1079128392516 1.34400832790454 18.37178 17.47705 17.13032 17.04556 16.96832 8
1237678617960054902 12.2980525592785 1.72156646150957 18.2706 17.36492 17.04907 16.91685 16.926 8
1237678617961496640 15.5917613146551 1.72754836806549 18.09233 17.23488 16.90827 16.79082 16.77863 8
1237678618497318956 13.1689360776579 2.11708566276457 17.75418 16.90201 16.6262 16.54909 16.54124 8
1237678618497581072 13.7231829751084 2.10280903367352 17.5605 16.66877 16.32711 16.26542 16.2048 8
1237678619034255399 13.2995255107872 2.54559877116525 17.18547 16.29334 15.99517 15.88302 15.85421 8
1237678619034255401 13.3081962696297 2.54120110237805 17.56876 16.73237 16.47955 16.36916 16.36475 8
1237678619034845196 14.5855023899773 2.52673126349922 18.35147 17.47598 17.15237 17.05482 17.04746 8
1237678619034976359 14.9615049642609 2.47458587777719 17.89235 16.98911 16.66305 16.5754 16.51186 8
1237678879417040943 16.1617628304976 -3.47963212662151 17.34938 16.44619 16.15211 16.05692 16.02755 8
1237678879952339041 12.5529056901074 -3.01391212788554 16.37729 15.50324 15.16114 15.03965 15.03742 8
1237678879952732276 13.4109278737266 -2.90881243890746 17.49077 16.57328 16.24279 16.13861 16.09394 8
1237678879953977360 16.2043693380115 -2.9137915719652 17.01708 16.19177 15.86644 15.73477 15.70642 8
1237678880489013320 12.0449104147041 -2.69089709594117 18.30984 17.40156 17.06696 16.96138 16.91502 8
1237678881025163327 10.3672775801797 -2.1356281837859 17.42635 16.57364 16.21556 16.07107 16.01562 8
1237678881025228802 10.4683226157947 -2.17004708457812 18.04744 17.19894 16.84976 16.72513 16.7196 8
1237678881025097748 10.2123406106383 -2.15777703099921 18.15061 17.25924 16.89687 16.73997 16.68609 8
1237678881026342942 13.0118654781176 -2.17899687531337 18.35759 17.48901 17.18198 17.06481 17.01891 8
1237678882100084743 13.0377387219774 -1.28422530774458 18.29072 17.37367 17.04208 16.91919 16.86477 8
1237678882101002279 15.2130284516552 -1.33330228421161 18.11113 17.17012 16.85658 16.74486 16.71398 8
1237678882101133377 15.5400001360301 -1.40971965872145 17.34876 16.47442 16.1368 16.01521 15.97121 8
1237678882101198869 15.598345548491 -1.33622378619331 17.9178 17.01393 16.67815 16.53801 16.48646 8
1237679078594707526 12.9030862949781 -4.6290219265754 18.14405 17.26731 16.94378 16.74997 16.71543 8
1237679079131906064 13.6034268165615 -4.31462823644596 17.71786 16.8323 16.47102 16.31359 16.29398 8
1237679079668187161 12.2715303183619 -3.80529933209634 18.33467 17.47656 17.13416 17.04333 17.01183 8
1237679254662807554 14.5338970720163 -4.68438001784658 16.64651 15.70551 15.3224 15.15373 15.11015 8
1237679323926495240 15.2848588594265 -4.30712790202781 18.23635 17.31793 17.01302 16.93229 16.91099 8
1237679324462448668 13.2178383213848 -4.08894759235331 18.32737 17.39078 17.05456 16.93236 16.89622 8
1237679324463300614 15.1619141671579 -3.89663330099051 18.3567 17.49597 17.23203 17.15935 17.11525 8
1237679324463890481 16.5441503489828 -4.00897329116575 17.48466 16.59122 16.28794 16.17486 16.14873 8
1237679433450323994 12.8570666578898 -3.56536715345191 18.15032 17.2055 16.89591 16.79296 16.75136 8
1237679433988046872 14.7552856877606 -3.29287008736189 18.47127 17.58018 17.29058 17.15658 17.13185 8
1237679433988833373 16.6158874813439 -3.22837905564903 17.20955 16.32929 16.00442 15.88626 15.86151 8
1237679433988964408 16.8327425810711 -3.28290309632099 17.32463 16.4499 16.19677 16.09854 16.07015 8
1237679434525179994 15.4232263132448 -2.8216387061934 18.32066 17.42949 17.1067 16.93854 16.91813 8
1237679434524786700 14.4388029759004 -2.78436256659818 18.28719 17.43147 17.06993 16.95117 16.90077 8
1237679435060740116 12.3952635435839 -2.27561046102772 18.30918 17.39402 17.10081 16.95213 16.88446 8
1237679435062575175 16.5380660151551 -2.37600180254277 18.09672 17.1583 16.77245 16.62712 16.56556 8
1237679435597217832 11.4645067077011 -1.87556179867848 17.35314 16.46822 16.19393 16.07506 16.03049 8
1237679435597742082 12.5917587414173 -2.05832075768384 18.34525 17.43329 17.08986 16.97946 16.90155 8
1237679435599511583 16.721849409914 -1.94907301080792 17.29317 16.3746 16.06603 15.95595 15.92633 8
1237679435599904776 17.534233565907 -1.86074396815063 17.97388 17.07952 16.72907 16.63329 16.57992 8
1237679436135923730 15.5836811917906 -1.57478601098017 17.25279 16.32152 15.9385 15.77414 15.71052 8
1237656971301224492 11.1318948148893 -0.496687186282056 17.42548 16.42884 16.09128 15.9823 15.92497 7
1237656971301421092 11.623034783035 -0.554852648466106 17.44522 16.53067 16.25543 16.12284 16.10641 7
1237657065792208914 16.3250132508554 -2.99351694896909 16.30149 15.28506 14.97399 14.8703 14.82953 7
1237657066329276525 16.8449082094868 -2.52637334058192 17.69823 16.77365 16.43964 16.25453 16.24082 7
1237657067402559618 15.7785784692441 -1.66295048308504 17.34427 16.29501 15.9558 15.80364 15.74854 7
1237657067402494011 15.6399333525281 -1.75830116267827 18.60818 17.60915 17.20747 17.0184 16.9516 7
1237657067940347996 17.8004390934261 -1.31008832627214 17.12922 16.10688 15.73452 15.58867 15.52962 7
1237657190909804634 10.5682621494124 -0.140919058725159 18.0206 17.09964 16.77751 16.6489 16.63462 7
1237657190910132272 11.2699313328242 -0.206758407536699 17.01629 16.16143 15.87971 15.74955 15.7907 7
1237657190910984198 13.1614581988554 -0.0183393745266598 18.00727 17.06556 16.71949 16.5632 16.54328 7
1237663204918951964 10.9105436607582 0.682507201165713 17.72643 16.77334 16.48513 16.38062 16.37517 7
1237663204919017508 11.1096509133451 0.775353369896356 17.19543 16.26239 15.99251 15.88288 15.85368 7
1237663204920262718 13.9669678963932 0.776237668766296 18.53012 17.54237 17.22978 17.10268 17.02795 7
1237663204920328240 14.1165325284998 0.82986643493159 18.44355 17.53132 17.26068 17.17089 17.16149 7
1237663204920459308 14.4002776126504 0.780359071620488 18.17654 17.18544 16.82817 16.68769 16.64234 7
1237663204919869500 13.1015972455488 0.663094253167308 17.01073 16.09408 15.78765 15.73861 15.67409 7
1237663204920786948 15.0500346878339 0.811020783264394 18.41244 17.47511 17.23451 17.13201 17.10228 7
1237663204921507888 16.7848610052696 0.795625057174441 17.05886 16.10784 15.80424 15.67278 15.59246 7
1237663782591266825 10.2007650601333 -1.06704502000177 17.90378 16.96612 16.66753 16.5524 16.51901 7
1237663782591332385 10.3626948698118 -1.20897240898068 17.79566 16.83841 16.48772 16.365 16.35709 7
1237663716555882675 10.718803517524 0.922721025434067 17.79211 16.83157 16.50833 16.37643 16.35516 7
1237663782591463485 10.7467157957318 -1.18061129596231 18.43318 17.43957 17.10242 16.96793 16.96492 7
1237663782593495187 15.3617686796289 -1.0858882021372 18.17645 17.20183 16.83393 16.68774 16.63864 7
1237663783130038298 14.6628001901617 -0.828918677973023 17.27836 16.28553 15.89521 15.79043 15.73935 7
1237663783129448462 13.1988937598125 -0.671097065998445 16.57166 15.5772 15.2129 15.11449 15.09102 7
1237663783129907210 14.2318172348535 -0.811174558850733 17.53023 16.53683 16.24337 16.12925 16.10073 7
1237663783130431545 15.5541045086521 -0.701591847236931 18.03883 17.1117 16.84925 16.75648 16.74083 7
1237663783665008811 10.3181238951005 -0.233764211815227 17.72021 16.78748 16.49482 16.37048 16.33671 7
1237663783665074287 10.4659098566063 -0.288459393280334 17.1532 16.2066 15.86283 15.78153 15.78843 7
1237663783665270841 10.868579408373 -0.283360404911931 17.94013 17.02789 16.62366 16.48518 16.43303 7
1237663783131414580 17.7623904553037 -0.659530851347091 17.85084 16.90132 16.58376 16.40184 16.40779 7
1237663783131480077 17.8375996573335 -0.686502257691174 17.84943 16.84133 16.48166 16.33046 16.27097 7
1237663783666909230 14.5807987811139 -0.388544535902452 18.26446 17.26591 16.88566 16.77726 16.72444 7
1237663783666450457 13.5412070504232 -0.341224945545704 18.04057 17.03533 16.69726 16.62122 16.59883 7
1237663783667761162 16.4901513303038 -0.303933622343453 17.80382 16.88324 16.46762 16.28393 16.22245 7
1237663784202534958 11.7420492196471 0.198681470216357 17.27376 16.32548 16.05717 15.9692 15.98169 7
1237663784203780164 14.6547315432549 0.187339909883971 17.96716 17.0679 16.82887 16.75585 16.7046 7
1237663784204042255 15.14499230221 0.130999473074014 18.48758 17.50256 17.20582 17.06428 17.07347 7
1237663784740913280 15.2638310688015 0.608414634210622 18.51857 17.58805 17.29524 17.19601 17.17854 7
1237663784740651024 14.5900236242708 0.516884671579057 17.96142 17.01443 16.75836 16.6615 16.64157 7
1237663784741175332 15.8496971813016 0.577742491022213 17.71156 16.81327 16.59731 16.52313 16.52398 7
1237663784741240930 16.0119117315047 0.482054873777101 17.40012 16.45067 16.17544 16.03692 16.00277 7
1237663784741306372 16.0396055281907 0.430719090254784 18.30366 17.36016 17.06281 16.99104 16.94563 7
1237663784741306384 16.0712260915091 0.498536110453402 17.78906 16.86019 16.48448 16.329 16.26407 7
1237663785277522044 14.6547794112849 0.978275075500789 16.95126 15.97327 15.59261 15.44203 15.37308 7
1237663785277194324 13.8687027011756 0.842499512758621 18.33021 17.38741 16.98933 16.82832 16.76054 7
1237663785277194326 13.8842048574585 0.885298447006339 17.06319 16.11239 15.77312 15.65414 15.60486 7
1237663785277980756 15.6847785309675 0.943944620483834 18.44114 17.47511 17.10137 17.00051 16.94795 7
1237663785278570553 16.9719050202764 0.947293566620854 17.75463 16.78584 16.43137 16.31807 16.26466 7
1237663785278177325 16.1260840664939 0.978298699938432 16.82223 15.89502 15.59384 15.48639 15.45917 7
1237666338114371619 14.629896747458 -1.01334976700971 18.68254 17.68221 17.26944 17.10149 17.03408 7
1237663785278308372 16.3456022274058 0.919208406780375 18.27647 17.30531 17.00504 16.88743 16.82684 7
1237666338115092630 16.3467771290406 -0.955727767282945 17.12996 16.31114 16.07303 15.98545 15.99397 7
1237666338115747927 17.7935190746853 -0.929822247429534 17.64466 16.60628 16.23968 16.05005 15.99359 7
1237666338650914877 13.8893842417823 -0.550023389673164 17.58477 16.63736 16.35484 16.24886 16.23341 7
1237666338115289112 16.6925879479729 -0.888313920995645 18.0168 17.06215 16.72444 16.65835 16.62083 7
1237666338115354628 16.8092622138326 -0.957255210266429 18.39053 17.42487 17.06809 16.93713 16.86456 7
1237666338651242509 14.5873232926723 -0.421502518578849 17.31417 16.33153 15.92591 15.75548 15.73213 7
1237666338652028936 16.399037866363 -0.436182033875823 17.71305 16.78563 16.39738 16.28309 16.26877 7
1237666338652094490 16.5712954231476 -0.454502476333532 18.33941 17.37798 17.07406 16.93929 16.89642 7
1237666339188310058 15.1063835912583 -0.0552392687271532 18.33082 17.40294 17.11784 17.0253 17.01586 7
1237666338652422146 17.2615885618123 -0.459318753283951 16.61183 15.6299 15.21235 15.03003 14.98181 7
1237666339188047980 14.5558213896939 -0.15119148769912 18.17004 17.23031 16.90306 16.7836 16.69613 7
1237666339187785816 13.9196568696805 -0.0691319370098891 17.80142 16.87177 16.57421 16.46468 16.44248 7
1237666339188572216 15.7172921828281 -0.101133113111399 18.12274 17.10433 16.79193 16.6701 16.64614 7
1237666339724591120 13.6662699541503 0.303333703543609 18.38368 17.38983 17.06959 16.94641 16.91208 7
1237666339189489739 17.8014872136264 -0.123835646737364 16.93465 16.02995 15.64245 15.44207 15.39629 7
1237666339725115532 14.9940354735916 0.329939404723659 18.28185 17.36963 17.08957 16.96594 16.9792 7
1237666339725377684 15.5741095229616 0.413140110091244 18.62459 17.69555 17.30936 17.18598 17.14069 7
1237666340797546509 11.8904710887397 1.12344519101321 18.34188 17.38692 17.06849 17.01489 16.94196 7
1237666340797546526 11.9342244327507 1.13288333098169 17.32788 16.40567 16.03713 15.93598 15.85499 7
1237666340797743112 12.3446523383943 1.18471377324213 16.96267 15.96777 15.62749 15.55948 15.47891 7
1237666340797546532 11.9912694896254 1.10141832165551 18.24079 17.32415 17.04579 16.97035 16.93039 7
1237666340797808646 12.465292823482 1.0992129836841 17.50803 16.59296 16.35463 16.23682 16.2391 7
1237666340797808713 12.5426846866028 1.15158866343013 17.80495 16.85614 16.60982 16.47387 16.48408 7
1237666340798267394 13.5165480923666 1.05337549267794 17.88723 16.94823 16.65433 16.54827 16.50564 7
1237666340798464094 14.0805843501361 1.106940202116 18.03618 17.08889 16.8132 16.71854 16.6711 7
1237666340799119420 15.5876377841299 1.12261976610772 17.74617 16.76111 16.41936 16.29847 16.25226 7
1237667172931076106 11.2222706786239 0.211571617122272 18.47621 17.58868 17.22025 17.04518 16.94964 7
1237678595948085303 11.6486763543316 1.6087182971442 17.44575 16.48088 16.26009 16.15364 16.10572 7
1237667171320332300 10.9834496809592 -1.05000886640112 18.5133 17.58267 17.23425 17.12168 17.0198 7
1237678595949395976 14.5682887009684 1.56219902890988 18.31392 17.34396 17.06075 16.96081 16.89121 7
1237678597022679079 13.6049988713177 2.44932078101695 18.49717 17.497 17.11686 17.00299 16.92162 7
1237678597022220315 12.5214759107504 2.35878128923766 16.77749 15.79085 15.39426 15.29418 15.28519 7
1237678597023465481 15.3654079023768 2.35657354109702 17.20258 16.27948 15.87444 15.74683 15.6961 7
1237678617423118348 12.0447234773364 1.32614655606903 18.11462 17.14383 16.83273 16.73439 16.67703 7
1237678617422659610 11.0272293605983 1.27745490711883 17.56045 16.58921 16.22735 16.12582 16.07746 7
1237678617422921746 11.5854656488963 1.27385568517534 17.9354 16.99986 16.5969 16.45755 16.37799 7
1237678617425150048 16.7455397684873 1.32281176210208 17.68131 16.68297 16.31191 16.17904 16.14532 7
1237678617424232457 14.58489292018 1.25224103648428 17.83431 16.94011 16.64965 16.52556 16.54986 7
1237678617424232473 14.6520770332995 1.33956391574597 18.10697 17.13819 16.84516 16.73623 16.70022 7
1237678617960185918 12.5187268386201 1.784571016666 18.53556 17.59438 17.29594 17.19477 17.13236 7
1237678617960054877 12.1876446747337 1.73647678158605 18.00451 17.07318 16.69824 16.59063 16.49783 7
1237678617960251401 12.6102611906636 1.71990507958685 16.94002 16.05903 15.82633 15.78317 15.76663 7
1237678617959989287 12.1043474334722 1.66059054454006 17.66452 16.65459 16.29255 16.16463 16.11047 7
1237678617961431144 15.4351523755104 1.79905495932349 18.12777 17.12728 16.79274 16.67527 16.63118 7
1237678617960841243 13.9885075255693 1.65548953341506 18.31674 17.3987 17.11841 17.03096 17.00154 7
1237678617960841259 13.9975267119273 1.73011770673475 18.42775 17.47406 17.15901 17.06215 16.99255 7
1237678617961562194 15.7291506879296 1.77126290207635 17.16347 16.18301 15.80464 15.68081 15.64545 7
1237678617961693218 15.9551448765316 1.72128464272502 18.41586 17.48646 17.19669 17.10267 17.01516 7
1237678618497318920 13.0974508603695 2.20338417238823 18.01955 17.06359 16.84995 16.76644 16.73915 7
1237678618498433185 15.7369804714886 2.16532841329388 17.4507 16.46368 16.12016 15.99424 15.96087 7
1237678618498564102 15.9470187237752 2.0420513211375 18.08857 17.1851 16.75528 16.61058 16.55406 7
1237678619034255397 13.2617608421155 2.61746874975702 16.82991 15.91161 15.66324 15.56936 15.52665 7
1237678879415402592 12.3554880079546 -3.48725575028163 18.10124 17.09969 16.77936 16.6671 16.6246 7
1237678879416778805 15.5085898596391 -3.36015594008916 18.50413 17.5014 17.16334 17.03679 16.9967 7
1237678879417106438 16.1688458880848 -3.31290421330957 18.35117 17.43064 17.13782 17.06244 17.05517 7
1237678879952076824 11.9118760671006 -3.07840303921075 18.06301 17.06461 16.64851 16.47843 16.42886 7
1237678879951552545 10.7003345759587 -2.92971865500933 18.32501 17.39023 17.09319 16.99997 16.95603 7
1237678879951618108 10.7984329580578 -3.09330629333821 16.50374 15.56296 15.18799 15.11716 15.05991 7
1237678879953190922 14.3737284623092 -3.01240363105586 16.74805 15.79527 15.43841 15.26729 15.26077 7
1237678879953387535 14.8400945362961 -2.90327294405132 18.29434 17.28987 16.94706 16.82107 16.76229 7
1237678879953584175 15.344185836619 -2.91090304210928 18.30391 17.36572 17.08128 16.97206 16.96049 7
1237678879953649739 15.5278048877859 -2.9868941650979 18.23445 17.3478 16.94451 16.79021 16.76507 7
1237678879953715202 15.5641341572007 -2.93391677035514 18.54197 17.54996 17.15066 17.06706 17.04305 7
1237678880488488974 10.8324057673508 -2.60694623189929 17.40086 16.39674 16.01956 15.87996 15.82994 7
1237678880488947724 11.8697355721916 -2.52969640133171 18.37786 17.43046 17.11232 16.99557 16.97537 7
1237678880490389524 15.1582711924848 -2.60593666980319 17.95045 16.94384 16.60376 16.48496 16.46114 7
1237678881026146342 12.6610153171334 -2.20893385657143 17.62683 16.65948 16.29737 16.15793 16.1328 7
1237678881025884201 12.0107515946149 -2.13935481717156 17.8276 16.8306 16.47199 16.32091 16.25937 7
1237678881025884209 12.0259648611803 -2.13587952549531 18.04862 17.04283 16.61724 16.46152 16.39349 7
1237678881026670598 13.7707455904895 -2.19313511897982 18.41718 17.47579 17.2468 17.15181 17.16927 7
1237678881026932744 14.3756329653567 -2.04851965859097 18.06953 17.08183 16.77524 16.66601 16.62736 7
1237678881027457109 15.6885272251601 -2.20785660007718 18.33091 17.34328 16.99228 16.86201 16.78442 7
1237678881027522645 15.7832524930042 -2.13728439801854 18.4804 17.49847 17.17925 17.06012 17.02676 7
1237678881027981340 16.8177532764025 -2.148193744635 18.05476 17.05155 16.67641 16.53348 16.4912 7
1237678881028177922 17.2058762949754 -2.20620711898414 18.11517 17.13172 16.85885 16.70296 16.64778 7
1237678881562230849 10.8558363677055 -1.8196039359448 16.93972 15.94399 15.58647 15.47705 15.43277 7
1237678881562820704 12.1554227422605 -1.6494317944035 18.00109 16.98256 16.62218 16.48483 16.43637 7
1237678882099232775 11.0703505896966 -1.27528641543989 17.8981 16.96493 16.64135 16.52436 16.49668 7
1237678882099232849 11.1670759663998 -1.32441529303726 17.31805 16.45666 16.21934 16.13317 16.1215 7
1237678882099626123 12.0908796006318 -1.31497543396896 17.52753 16.64053 16.25373 16.07949 16.01451 7
1237678882100215810 13.3107641192937 -1.38455361682152 18.38174 17.35026 16.94558 16.7978 16.75393 7
1237678882101133375 15.5351199468892 -1.35039050944976 17.68827 16.66389 16.26397 16.13387 16.09334 7
1237678882101264402 15.7585216352953 -1.27195943864139 17.91647 17.07923 16.66301 16.50663 16.4245 7
1237678890664919108 17.9274494776975 -1.51001003835644 18.17745 17.1652 16.79638 16.66388 16.57829 7
1237678890664722442 17.3545508923673 -1.52735536729042 18.70401 17.66208 17.25251 17.10399 17.02572 7
1237678890664722463 17.3801210240812 -1.56726769166862 18.43929 17.45338 17.01605 16.84093 16.75115 7
1237679078058229905 13.7381021739798 -5.12873858611751 18.78029 17.75399 17.36276 17.24653 17.21392 7
1237679078594511010 12.4481852659218 -4.68129252178245 18.53703 17.57464 17.15888 16.99102 16.96841 7
1237679078594904106 13.306388355664 -4.65968843288886 18.15557 17.23614 16.81751 16.70977 16.69323 7
1237679079131119675 11.8226031001697 -4.26960924575643 18.72696 17.68811 17.3336 17.17255 17.14268 7
1237679254126133314 15.10579491665 -4.93365764346101 18.46772 17.43732 17.05561 16.89646 16.85272 7
1237679254663135328 15.2875343156029 -4.57666373446171 18.54787 17.59093 17.29389 17.18922 17.18483 7
1237679254663266335 15.70798444991 -4.6030154785636 17.45665 16.47869 16.19304 16.0288 16.03142 7
1237679255199875160 15.0618639123072 -4.23186711322439 16.72638 15.79913 15.43549 15.26988 15.25861 7
1237679255199875164 15.0992982407573 -4.11441175156788 17.9749 16.98562 16.58577 16.4373 16.34861 7
1237679255737073750 15.8427448328641 -3.76335617818944 17.52908 16.60398 16.31523 16.20422 16.20924 7
1237679255737204824 16.1518431316934 -3.76190769336995 16.54849 15.58857 15.24838 15.12977 15.10811 7
1237679255736811546 15.1634701813318 -3.80448642040352 18.06859 17.09609 16.74292 16.62144 16.56131 7
1237679255737466924 16.7523452939922 -3.68397663954832 16.91343 15.90589 15.60328 15.46141 15.44987 7
1237679323388903492 13.7328415092765 -4.78941219888849 18.57664 17.61971 17.20928 17.11613 17.10856 7
1237679322851836027 13.2689799795779 -5.16041325005378 18.23846 17.23648 16.94763 16.80969 16.79364 7
1237679323388510214 12.7257945587884 -4.87356073775276 17.17235 16.18342 15.86825 15.76726 15.7231 7
1237679323926298667 14.847958870102 -4.38328082195261 16.7454 15.74584 15.49523 15.39065 15.35789 7
1237679324462121040 12.5281363752633 -3.97567807922503 17.17945 16.19735 15.8092 15.66861 15.66411 7
1237679324463038523 14.639342756786 -3.9246145946083 17.99119 17.03971 16.71918 16.5794 16.54577 7
1237679433450061877 12.2100656975938 -3.71499190953004 18.56525 17.52835 17.1622 17.0204 16.98 7
1237679433986408454 10.9909346101658 -3.15162009461437 17.07042 16.11317 15.76908 15.68601 15.65333 7
1237679433987719170 13.9408682907424 -3.1103131022366 18.49673 17.51916 17.18032 17.07653 17.03868 7
1237679433987719222 14.0674634497365 -3.14750325928573 18.49773 17.55097 17.2132 17.09976 17.02849 7
1237679433988309188 15.4334949061972 -3.23292596554375 18.07261 17.11701 16.72632 16.52942 16.49603 7
1237679434523672686 11.9696742368651 -2.79432792433418 18.63232 17.66718 17.26211 17.11647 17.0658 7
1237679434525507593 16.0563380321244 -2.77824698188098 17.06824 16.15995 15.9068 15.79733 15.78866 7
1237679435059888140 10.3696270149236 -2.36964840861768 17.27493 16.29615 15.93098 15.8122 15.82829 7
1237679435060412437 11.5953956662571 -2.44564204602026 18.30495 17.32976 16.92544 16.80197 16.74769 7
1237679435061657623 14.4454065947623 -2.45880443197817 16.76344 15.86121 15.39897 15.28653 15.18159 7
1237679435597283336 11.5734310767988 -1.9006309501798 17.2636 16.26244 15.87069 15.76142 15.70467 7
1237679435597807638 12.8534409484278 -1.9702425656866 17.12614 16.14406 15.7313 15.62227 15.55753 7
1237679435599249410 16.0389331666177 -2.00499062354636 18.56186 17.64422 17.264 17.13266 17.07959 7
1237679435598921781 15.3640125827939 -2.03913815350564 17.97811 17.00672 16.72767 16.61966 16.58557 7
1237679436134482046 12.3474229245581 -1.44597732216089 17.1504 16.13407 15.73496 15.59675 15.55842 7
1237679436135399466 14.5163962904297 -1.4409396185166 17.21222 16.18317 15.81613 15.69798 15.64314 7
1237679436135596058 14.8886451255967 -1.57688116253496 18.30298 17.34456 16.98177 16.84342 16.77817 7
1237679436135858180 15.436689134494 -1.59300461155174 17.38046 16.37757 15.998 15.84946 15.78376 7
1237679436136120324 16.0358249971791 -1.48459497650445 18.06586 17.10966 16.72014 16.56594 16.50389 7
