1237652598496493710 332.787022067571 -9.34608302253797 17.5133 16.56798 16.23766 16.13972 16.08283 8
1237652599030808614 326.90729309745 -8.50440924330027 15.91225 14.99582 14.68284 14.55791 14.55066 8
1237652599030808616 326.922847897665 -8.44017835004748 18.62791 17.69759 17.34328 17.19501 17.1641 8
1237652599033298974 332.660524588072 -9.05176686581518 18.37164 17.50677 17.19447 17.08718 17.05708 8
1237652599033430084 333.01651371985 -9.02494678065287 18.03045 17.15481 16.85797 16.74193 16.69263 8
1237652599567220838 325.935305942145 -7.82523024461583 18.02687 17.10984 16.80779 16.72019 16.67589 8
1237652599567351854 326.210628457882 -8.03079269033996 17.3102 16.43693 16.13149 15.99209 15.97036 8
1237652599568990253 329.96462142723 -8.35531091437176 18.24257 17.34356 17.03891 16.88588 16.84076 8
1237652599570235394 332.797926921131 -8.54569962029126 18.46525 17.5219 17.15735 17.0413 16.99172 8
1237652600104484884 326.827438804031 -7.60239509382477 18.40637 17.45086 17.12916 17.00523 16.94108 8
1237652600105992219 330.28196487033 -7.98986570138115 17.66624 16.74296 16.43395 16.30497 16.28735 8
1237652600640962629 325.994461924814 -7.09220317378426 17.95766 17.04139 16.71946 16.59914 16.51685 8
1237652600641290418 326.841592551813 -7.10662784189387 18.39516 17.49011 17.14737 17.03367 16.97722 8
1237652600643846154 332.623803189305 -7.82530618252168 17.87143 16.93351 16.57963 16.47386 16.43204 8
1237652601178816529 328.263846134588 -6.97230686180925 17.65082 16.71914 16.3975 16.25857 16.21287 8
1237652601180192785 331.420823142545 -7.23127457588942 17.30201 16.38939 16.10335 15.98412 15.94628 8
1237652601179799595 330.558699350581 -7.2193340726865 16.78875 15.87969 15.55411 15.4301 15.35734 8
1237652601180913725 333.173486350352 -7.37831014212603 18.43895 17.53409 17.1617 17.02755 16.9543 8
1237652934573883529 326.321462996161 -8.07241237233604 18.297 17.3664 17.0173 16.86889 16.8073 8
1237652934574604348 327.871851795317 -8.42374342470171 18.40893 17.48071 17.15396 17.04936 17.04259 8
1237652934574669994 328.099142578835 -8.32138035879033 18.06224 17.2035 16.87049 16.75471 16.6995 8
1237652934574276647 327.085741444539 -8.30780760906335 17.87795 16.95915 16.61814 16.48281 16.46349 8
1237652934574276678 327.184201317012 -8.15768990030025 17.62346 16.69436 16.38133 16.25306 16.20304 8
1237652935110426790 325.57281902109 -7.74839982491114 17.72694 16.78433 16.44686 16.32367 16.28549 8
1237652935110885455 326.55454360222 -7.83013026699862 18.57059 17.66847 17.31917 17.15036 17.08976 8
1237652935647297559 325.520143034511 -7.23018625176838 18.3811 17.48259 17.19189 17.05903 17.02451 8
1237652936184627278 326.702177337989 -6.99652512452491 18.27081 17.32819 16.96684 16.85293 16.79684 8
1237652936184496257 326.399329867595 -6.85051573742427 16.98671 16.06557 15.74023 15.61048 15.57854 8
1237656532679196822 325.891765779186 -8.93022183024962 17.83963 16.89738 16.56489 16.44647 16.40226 8
1237656532679393358 326.259874892757 -8.92045656476212 18.56787 17.62776 17.28249 17.18391 17.12197 8
1237656538048102454 332.843394505343 -8.84108233466565 18.3262 17.46049 17.0935 16.9252 16.88107 8
1237656538584907810 332.692495679535 -8.40326223319176 17.6263 16.71269 16.38068 16.26494 16.19969 8
1237656539121909849 333.061417659465 -8.08274176528607 18.61533 17.66402 17.33892 17.21826 17.20133 8
1237666209272299584 325.668501602754 -6.53852671803593 18.54873 17.6188 17.29675 17.1636 17.12601 8
1237666209273741351 328.491603711691 -8.27483368482591 17.1793 16.29798 16.00941 15.89765 15.876 8
1237666210346303651 326.609224111056 -6.14809944556521 18.48501 17.619 17.32585 17.22851 17.18349 8
1237666210347024519 328.139520325492 -6.93197460839802 17.95618 17.06153 16.74481 16.64586 16.62416 8
1237666210347745387 329.512325185195 -7.83106179487327 18.19229 17.32585 17.04928 16.92228 16.88124 8
1237666210348335174 330.68130768434 -8.5933570899025 18.0374 17.18168 16.84588 16.68492 16.65514 8
1237666210883764286 328.031262939219 -6.42228513356444 17.10013 16.19325 15.83671 15.68126 15.68396 8
1237666210883633180 327.800388373933 -6.229883667398 18.44869 17.54212 17.20474 17.05103 17.02665 8
1237666210885009445 330.469870201265 -7.97015026193472 17.34558 16.46339 16.11505 15.95225 15.92322 8
1237666211957047444 327.588221374679 -5.28322527415014 17.97652 17.09111 16.80448 16.67658 16.63101 8
1237666211957506149 328.456732408104 -5.85179446579028 17.72094 16.85576 16.57494 16.49828 16.43729 8
1237666211958423577 330.248642678214 -6.90019893266027 18.45098 17.60165 17.31259 17.18925 17.1324 8
1237666211958489127 330.356848507622 -6.95278368536651 17.95508 17.03951 16.67496 16.52426 16.44729 8
1237666226453282864 330.04891393922 -9.43774515898983 16.96965 16.0798 15.76027 15.63095 15.61255 8
1237666226453610554 330.660073222186 -9.84482606166862 17.54332 16.63437 16.31059 16.15147 16.13198 8
1237666227527286980 331.043486194534 -9.04179476750708 16.80166 15.90962 15.58685 15.50082 15.4322 8
1237666228600242343 329.951260033858 -7.34385334486442 18.52355 17.61249 17.24384 17.08111 17.03055 8
1237680064805208164 332.151371875704 -5.13593605146096 18.05382 17.13668 16.79214 16.63534 16.61283 8
1237680065340833941 329.306629133333 -4.55629681853694 17.52614 16.63019 16.23007 16.09108 16.01557 8
1237680065340440643 328.356204521123 -4.54643129327784 17.10169 16.18356 15.90061 15.78343 15.73734 8
1237680065341554875 330.893563796559 -4.69433993953208 18.66578 17.70711 17.31928 17.16803 17.12651 8
1237680065341686008 331.247411890867 -4.73338956018875 18.69293 17.70784 17.35373 17.20157 17.14081 8
1237680065877573894 328.955874098408 -4.16291190581483 18.4762 17.52737 17.15676 17.01641 16.97514 8
1237680065877180532 328.069206395378 -4.07377716775027 18.46036 17.54848 17.2344 17.09265 17.06441 8
1237680065878097936 330.129829827433 -4.23662409698612 17.82196 16.84187 16.49723 16.33694 16.27792 8
1237680189361684731 329.583715697635 -5.13570232256171 18.04313 17.15717 16.8543 16.74391 16.70826 8
1237680189362012365 330.318230268144 -5.20299051734267 17.87871 16.97917 16.69018 16.60924 16.54696 8
1237680189897965675 328.222185725835 -4.7495982880029 18.39143 17.47338 17.18744 17.09426 17.03167 8
1237680189898031167 328.327782220739 -4.68687764032181 18.54906 17.65291 17.3024 17.21327 17.10092 8
1237680189898817718 330.181507391428 -4.93263792743756 18.06354 17.1738 16.81961 16.70261 16.64394 8
1237680189898883177 330.341878531206 -4.79491719990646 18.43748 17.541 17.19469 17.10969 17.09096 8
1237680190435033171 328.604420325753 -4.34525236923531 17.06306 16.13952 15.83961 15.73578 15.67671 8
1237680190972166367 329.326297171082 -4.02712773295132 18.18495 17.34246 16.93099 16.79914 16.75694 8
1237680240901226592 331.670333467529 -7.49553778085684 18.5047 17.60262 17.25979 17.1252 17.06995 8
1237680240901423191 332.043725800376 -7.47996459902995 18.14965 17.2208 16.90247 16.76206 16.75084 8
1237680241437311020 329.83607000177 -6.85447452384008 18.32929 17.40274 17.05211 16.91602 16.83137 8
1237680241438097471 331.664175398393 -7.09507506073418 17.99824 17.05344 16.72811 16.59248 16.52201 8
1237680241438294130 332.141054984098 -7.10635639196289 18.3253 17.41067 17.0541 16.9314 16.8826 8
1237680242509545478 326.373110685296 -5.77981502959728 18.17805 17.26596 16.90459 16.7738 16.74762 8
1237680242510921875 329.640933852836 -5.95710239484625 17.2761 16.35344 16.01624 15.91888 15.88938 8
1237680242512363620 332.970363816261 -6.24625209395392 17.7779 16.88493 16.5148 16.402 16.34206 8
1237680243047661627 329.288125231574 -5.6412220708834 18.31621 17.38025 17.05203 16.91935 16.89387 8
1237680243047530539 328.978068171166 -5.64109520052522 17.90193 17.04661 16.76141 16.65724 16.62649 8
1237680243048054912 330.269071317767 -5.70288701597118 18.31039 17.41891 17.11795 16.98834 16.92633 8
1237680243048972379 332.31624281368 -5.8339583655306 18.40087 17.46846 17.13745 17.00918 16.95778 8
1237680243583352901 326.658346170878 -4.91460517696413 18.20727 17.2854 16.92761 16.80326 16.73779 8
1237680243585056796 330.520403579734 -5.17664232821643 17.11139 16.22878 15.89515 15.81128 15.74036 8
1237680243585581391 331.751395355722 -5.41871460293337 18.57047 17.58293 17.17036 17.01103 16.9163 8
1237680243585777942 332.187708441505 -5.29680873420542 18.05177 17.10576 16.79927 16.65509 16.60735 8
1237680262913589252 330.125058395753 -6.60440583483802 18.45886 17.56129 17.28854 17.17286 17.15298 8
1237680262913851675 330.841712636349 -6.74947800764369 18.66302 17.71526 17.34715 17.21579 17.16945 8
1237680262913917102 330.880877566088 -6.79218822335688 18.6106 17.68863 17.32168 17.18394 17.17005 8
1237680262914048246 331.289325682236 -6.74690494270337 18.4844 17.6269 17.28229 17.17774 17.08323 8
1237680262913916974 330.92201865846 -6.73242124799722 18.26907 17.3672 17.07312 16.93082 16.86075 8
1237680262914179265 331.506341456332 -6.86763203093627 18.44124 17.53953 17.20536 17.09371 17.05589 8
1237680263450132525 329.442607511628 -6.1187907211809 17.94443 17.02972 16.69257 16.58497 16.54634 8
1237680263449673858 328.454404272155 -6.05118423694466 17.75764 16.87693 16.61845 16.50436 16.49203 8
1237680263450787902 330.941327300049 -6.33356437297666 16.87035 15.92952 15.59639 15.47914 15.44908 8
1237680263451181135 331.868475398727 -6.32151965693564 18.61753 17.68531 17.31174 17.18637 17.11842 8
1237680263986675729 328.67939104432 -5.71736529198054 18.0526 17.18094 16.81112 16.70343 16.6937 8
1237680263987855580 331.482541339675 -5.99208574568676 18.55917 17.63742 17.33788 17.24178 17.15742 8
1237680264523219220 328.029534881973 -5.32716410156451 16.46106 15.55538 15.2827 15.1742 15.15828 8
1237680264523808794 329.32360058912 -5.45079930894598 18.19798 17.28529 16.97718 16.88761 16.85386 8
1237680264524923040 331.970179939592 -5.61592161646678 18.23774 17.27066 16.90432 16.77719 16.71051 8
1237652598493610118 326.203446232963 -8.8400381669847 17.80506 16.78451 16.40047 16.26269 16.2118 7
1237652598493610094 326.185693892132 -8.81489306254082 18.67002 17.6424 17.26987 17.12546 17.0892 7
1237652598493937739 326.887308596324 -8.92804661489041 18.52012 17.52136 17.15617 17.00754 16.94706 7
1237652598494593070 328.391197193292 -8.98534102255844 18.19959 17.22137 16.87397 16.73997 16.67688 7
1237652598496166113 332.108826557449 -9.30144767265354 18.57125 17.58054 17.18752 17.01329 16.93025 7
1237652598496297036 332.323841018838 -9.28996740354988 18.67647 17.65616 17.27999 17.1465 17.06282 7
1237652599030874271 327.165037730168 -8.43107745181891 18.76163 17.76899 17.34851 17.21875 17.14932 7
1237652599030939710 327.20610561769 -8.52066529772729 18.6484 17.65753 17.32318 17.18751 17.1222 7
1237652599030612060 326.486878901838 -8.43708883194775 18.38373 17.43926 17.07875 16.9244 16.83975 7
1237652599031398440 328.230574414584 -8.65467556230097 18.42714 17.44235 17.14356 17.01219 16.95724 7
1237652599031332866 328.101098987964 -8.46119537916923 16.91567 15.92998 15.50948 15.35791 15.31187 7
1237652599031332896 328.107534926584 -8.54768470993653 16.71356 15.73536 15.31299 15.13551 15.0934 7
1237652599031988327 329.685527503556 -8.61401625052961 16.70994 15.77033 15.49273 15.36198 15.34542 7
1237652599032053836 329.831156287668 -8.76910717808893 18.59347 17.61765 17.33236 17.21461 17.15289 7
1237652599031660601 328.88728352332 -8.67149347273709 18.43313 17.46482 17.08356 16.92504 16.84523 7
1237652599031726144 329.030614743563 -8.69228305910233 18.60903 17.61327 17.26192 17.10712 17.03174 7
1237652599032316079 330.431527480583 -8.73868710253917 17.90017 16.97845 16.70793 16.59792 16.57631 7
1237652599032447144 330.750425755362 -8.85105162075851 18.36989 17.46517 17.20814 17.11052 17.04837 7
1237652599033430102 333.040170944926 -9.10735284440438 18.52785 17.57329 17.20142 17.04979 16.99186 7
1237652599033102400 332.25109801689 -8.9041053520315 16.79838 15.8182 15.45362 15.30885 15.26432 7
1237652599033036818 332.007630837243 -8.96395146226518 18.53255 17.56779 17.3248 17.24069 17.22733 7
1237652599033364506 332.796572338765 -9.09307436697384 18.358 17.3747 16.97811 16.81882 16.72653 7
1237652599567089906 325.709212955058 -7.89069493983538 17.98439 17.02385 16.72769 16.602 16.5725 7
1237652599567351998 326.320123618722 -7.84164494926706 17.77743 16.86232 16.45351 16.29783 16.2674 7
1237652599568400421 328.618116328296 -8.12190243106169 18.14923 17.18011 16.77275 16.59722 16.51796 7
1237652599569645724 331.579549671969 -8.45484260139963 18.43683 17.46243 17.17312 17.08052 17.02933 7
1237652599569842309 332.019093229699 -8.49920951731775 17.11075 16.15626 15.81887 15.69357 15.61635 7
1237652599569449025 331.019789496426 -8.5071962483402 18.22178 17.23916 16.88594 16.73321 16.71688 7
1237652599570169956 332.719941564345 -8.67825414064646 17.29974 16.32712 15.99277 15.88755 15.81604 7
1237652599569383576 330.951623639659 -8.45120928672667 18.4447 17.46651 17.17699 17.06768 17.01705 7
1237652600103960754 325.705583139065 -7.48442555612357 17.27641 16.32217 16.00112 15.87291 15.83167 7
1237652599570300962 333.014526863874 -8.54899670328779 18.75842 17.74979 17.3334 17.17853 17.13709 7
1237652600104157338 326.179122987653 -7.55199357961754 18.42516 17.52613 17.2638 17.15094 17.1232 7
1237652600104419492 326.773647973572 -7.54715663386809 18.19952 17.22753 16.86715 16.73513 16.66943 7
1237652600105140242 328.324407105149 -7.78389096316281 17.14744 16.12445 15.77352 15.6339 15.59729 7
1237652600105271403 328.745638246342 -7.67865078216569 17.02695 16.05276 15.72894 15.56777 15.51262 7
1237652600106188849 330.788630595279 -7.92961344603486 17.09394 16.17947 15.90122 15.7839 15.77703 7
1237652600105467943 329.113339675241 -7.85191701191508 18.26943 17.31959 17.00748 16.88961 16.86804 7
1237652600106254418 330.962954789058 -7.98177395581583 17.48039 16.48684 16.11912 15.96966 15.91621 7
1237652600106385471 331.265307496291 -8.09993501520021 17.67218 16.72585 16.31181 16.15675 16.08963 7
1237652600105926774 330.230933436999 -7.92861204849833 18.70457 17.71371 17.29778 17.1146 17.0341 7
1237652600106123368 330.689531984251 -7.90992202347276 17.96447 17.01585 16.72999 16.63413 16.59381 7
1237652600106582193 331.756470492676 -8.11658494844405 18.40195 17.42546 17.136 17.02396 16.97041 7
1237652600106647603 331.815496568657 -8.15751672349453 17.82065 16.8182 16.53185 16.44767 16.40856 7
1237652600106909764 332.416446815465 -8.23142107335539 18.39019 17.37716 16.9988 16.85072 16.79867 7
1237652600640831606 325.704361255539 -7.11754369568821 18.29184 17.30166 16.90979 16.74668 16.68875 7
1237652600641945706 328.299592531104 -7.29620186430467 18.52658 17.57115 17.28795 17.16947 17.10787 7
1237652600642011175 328.413170069363 -7.36531545101242 17.46292 16.51721 16.24368 16.12116 16.08508 7
1237652600642666549 329.912290189075 -7.39697506023226 18 17.03478 16.70829 16.59592 16.55545 7
1237652600642273312 328.987523289817 -7.39847723567671 17.52567 16.54107 16.26199 16.14514 16.11426 7
1237652600642928684 330.516079933387 -7.62466900718719 18.56819 17.57656 17.21067 17.06998 17.04218 7
1237652600643453000 331.740129919772 -7.62795917866542 18.49885 17.51801 17.23674 17.13535 17.06542 7
1237652600643453050 331.813875973746 -7.61244209621976 18.18929 17.23244 16.95001 16.85376 16.77768 7
1237652600643322076 331.41301025835 -7.61354895935756 18.42078 17.41657 17.11887 17.01409 16.96947 7
1237652600643518522 331.861593447279 -7.73626659277404 16.8771 15.99474 15.74082 15.64016 15.5948 7
1237652600643846170 332.65401421227 -7.71762377102025 18.13601 17.11224 16.76603 16.63695 16.59184 7
1237652600643977295 332.968599834626 -7.84103209707391 17.31224 16.30805 15.90757 15.74084 15.66104 7
1237652600643977327 333.008064486942 -7.68707281345504 17.38519 16.4445 16.16115 16.03008 15.99605 7
1237652600644173832 333.323791082496 -7.79078908890016 17.97553 17.03689 16.73312 16.65539 16.58282 7
1237652601179209788 329.230534248744 -7.01410099934373 18.11061 17.17742 16.93051 16.83993 16.81883 7
1237652601180389500 331.951812403472 -7.14634476258976 17.35796 16.37766 16.04152 15.89999 15.85343 7
1237652601180848238 333.027565169957 -7.31120060763513 16.78238 15.77465 15.43942 15.3246 15.26553 7
1237652601180586140 332.392001665979 -7.35847031244823 18.56059 17.58623 17.24253 17.10723 17.04666 7
1237652933500993594 328.119343299479 -9.26910733154596 18.52413 17.51531 17.1713 17.02424 16.9714 7
1237652933501255786 328.72893411553 -9.22345675586558 18.56705 17.53189 17.17733 17.03523 16.97326 7
1237652933501059139 328.250834448714 -9.25802172874149 18.47513 17.44154 17.09152 16.92308 16.84648 7
1237652933501059170 328.29268902196 -9.23652026334197 18.61865 17.61645 17.23661 17.08259 17.02337 7
1237652933500928025 327.917644688086 -9.12402682549906 17.47347 16.54159 16.257 16.10637 16.06915 7
1237652934037078112 326.40234412678 -8.54955814972974 17.99054 17.01858 16.67663 16.53402 16.47269 7
1237652934037471291 327.206315947316 -8.69462227659264 18.58866 17.5876 17.19768 17.08919 17.02013 7
1237652934037864480 328.089830582694 -8.71563554891719 17.70123 16.68432 16.32439 16.19698 16.11454 7
1237652934037667951 327.693557918911 -8.75188925913175 16.57856 15.55491 15.15927 15.01117 14.96875 7
1237652934037602306 327.494393095505 -8.60774383965355 18.17248 17.14498 16.76525 16.63494 16.54815 7
1237652934573817940 326.068392320511 -8.142843709537 18.3521 17.34544 16.94894 16.75788 16.65446 7
1237652934574080025 326.651534768913 -8.27399072968092 18.15758 17.12306 16.76085 16.62926 16.58022 7
1237652934574669992 328.079376117015 -8.42149118962249 18.42609 17.41471 17.07241 16.9513 16.88451 7
1237652935110492322 325.684549005419 -7.61461712797906 18.43906 17.42787 17.1238 17.05619 17.01702 7
1237652934574735488 328.269204475683 -8.3397039010645 18.20977 17.18211 16.79405 16.64524 16.57941 7
1237652934574800984 328.32675597228 -8.45512531771881 17.65941 16.64757 16.30176 16.17435 16.08327 7
1237652935110623263 325.947046390827 -7.74733609870407 17.23655 16.23339 15.87433 15.70482 15.63383 7
1237652935110623364 326.043043869886 -7.68600659581271 17.88765 16.89572 16.502 16.36438 16.32566 7
1237652935110819896 326.426772335121 -7.76394157866156 17.98269 16.97905 16.64232 16.4943 16.42552 7
1237652935111082021 326.983448036455 -7.82881334190884 18.42283 17.44184 17.04479 16.90076 16.8568 7
1237652935111213112 327.306687072622 -7.86293438142097 18.57992 17.64838 17.35864 17.24234 17.22125 7
1237652935111671964 328.461138041237 -7.921498790271 17.92256 16.90492 16.50851 16.34475 16.27645 7
1237652935111540796 328.0555696055 -7.85766681872232 18.02564 17.10989 16.83366 16.73265 16.71004 7
1237652935111737502 328.601404455649 -8.06448170153314 18.62261 17.62484 17.27212 17.12604 17.08503 7
1237652935647297540 325.50710816818 -7.22878432305845 17.90165 16.90442 16.51289 16.36795 16.32595 7
1237652935647494166 325.986772760879 -7.19467646881027 17.70633 16.73625 16.42158 16.2798 16.22823 7
1237652935647494284 326.107134528878 -7.24126660265182 18.45198 17.42897 17.06284 16.93827 16.88175 7
1237652935647887521 326.995947341619 -7.34184755713594 17.21281 16.19558 15.83736 15.67826 15.63521 7
1237652935647625263 326.27130064881 -7.23851807957923 18.08108 17.09522 16.76479 16.6232 16.59121 7
1237652935648280620 327.767326389933 -7.47436525076701 16.67126 15.66352 15.32243 15.18413 15.09101 7
1237652935648673889 328.738267516515 -7.56179562013193 17.23944 16.27886 15.89909 15.74623 15.67704 7
1237652935648280869 327.887762503108 -7.43762978386664 18.64327 17.65499 17.28783 17.14396 17.10633 7
1237652935648346122 327.909669350424 -7.53895151885255 17.13887 16.16141 15.83996 15.69609 15.64229 7
1237652935648477291 328.289587603549 -7.60111466174103 18.37155 17.3737 17.02192 16.89807 16.84917 7
1237652936185479217 328.641146876265 -7.16678349661388 16.94038 16.02751 15.64759 15.49439 15.41231 7
1237652936185348285 328.392582209642 -7.03027708386603 17.6499 16.64965 16.22871 16.07023 15.99524 7
1237656532679589907 326.684639914988 -9.14184704477836 18.38028 17.36674 16.97246 16.82156 16.74855 7
1237656532679720982 326.984556000174 -9.15558767716993 18.10904 17.1301 16.70141 16.54297 16.45205 7
1237656532679786607 327.221523090786 -9.09390263243041 18.67124 17.68091 17.35285 17.19151 17.14045 7
1237656532679786516 327.132859011406 -9.10525384335646 18.58254 17.59887 17.20325 17.06833 17.02406 7
1237656536973770760 331.302523306571 -9.58204797980899 17.46532 16.49309 16.19255 16.07777 16.0436 7
1237656536973770805 331.369657736066 -9.42741169059102 18.44748 17.46511 17.10839 16.96077 16.91232 7
1237656536973901881 331.712067400521 -9.50358317663784 18.46792 17.48087 17.10837 16.97484 16.91423 7
1237656537510904091 332.0891152174 -9.17877125825094 18.46641 17.5731 17.1557 17.04238 16.99849 7
1237656537509527647 328.916192632114 -8.91860318689741 18.50085 17.64185 17.15855 17.03678 16.90821 7
1237656537510707328 331.599660155577 -9.17655492848215 18.54157 17.54611 17.16291 17.02436 16.95755 7
1237656537511297028 332.889020404139 -9.20736695922989 18.40421 17.42343 17.0567 16.85843 16.79217 7
1237656538047643809 331.780844596861 -8.66792857894344 16.97264 15.96657 15.67229 15.57073 15.51498 7
1237656538048036941 332.728891487331 -8.86925622452783 17.50849 16.49132 16.17589 16.02269 16.00038 7
1237656538584645798 332.152484589459 -8.41749611495018 17.45798 16.45685 16.11373 15.9951 15.94907 7
1237656538584907788 332.656163334289 -8.33496254647982 15.80197 14.80653 14.50854 14.3927 14.32724 7
1237656538584973457 332.922810365924 -8.33548472745067 18.14837 17.19573 16.91619 16.76889 16.71845 7
1237656539121778765 332.735458517163 -7.90968597663355 18.22991 17.28249 16.90937 16.75872 16.66203 7
1237666209272627338 326.395974768186 -6.93635157870883 17.59105 16.5912 16.31721 16.21154 16.17734 7
1237666209272692775 326.459580433244 -7.07391589147299 17.63107 16.61045 16.26987 16.16476 16.11853 7
1237656539658846222 333.168745588114 -7.66003305278478 16.97625 15.94498 15.54868 15.40362 15.34265 7
1237666209274265720 329.668145893713 -8.82148475345627 17.25136 16.3076 15.89827 15.72767 15.64191 7
1237666209809563862 326.732381003086 -6.70404705675675 18.40538 17.51854 17.13408 16.96363 16.87332 7
1237666209809694923 327.00479926958 -6.87195079815202 18.56187 17.60112 17.23144 17.09109 17.04547 7
1237666209809301751 326.215866477661 -6.40164853124365 18.03452 17.04601 16.72093 16.61325 16.55996 7
1237666209809956898 327.445419610704 -7.10345611188656 17.99482 17.01 16.64984 16.51481 16.46433 7
1237666209809629204 326.779118046001 -6.70278260513558 18.26925 17.32957 17.00523 16.87065 16.86283 7
1237666209810153709 327.925795502555 -7.37262093413023 17.42888 16.4812 16.15773 15.99394 15.95492 7
1237666209811136654 329.892661496237 -8.52388209850601 16.69821 15.72131 15.42713 15.33355 15.2649 7
1237666209811464372 330.54858366299 -8.85458782105488 17.67814 16.75969 16.47112 16.34036 16.34032 7
1237666209811726435 330.973978810395 -9.28378548656662 18.04383 17.06423 16.77639 16.68118 16.62509 7
1237666210346631355 327.290472667641 -6.58975205579412 18.49251 17.49779 17.11423 16.99182 16.94523 7
1237666210346762256 327.473143058084 -6.72961317095744 18.41487 17.42068 17.03085 16.9113 16.87453 7
1237666210346500118 326.958811249162 -6.3944060186123 18.26039 17.27958 16.9595 16.83783 16.79594 7
1237666210347680035 329.414129788145 -7.85460110385671 17.07405 16.04554 15.69344 15.55306 15.51167 7
1237666210348269645 330.50231453647 -8.53755727777588 18.24901 17.29001 17.02617 16.90738 16.86986 7
1237666210348335132 330.617996899257 -8.54687893446102 18.24997 17.25693 16.89307 16.70499 16.63083 7
1237666210348466264 330.983172214136 -8.69108029757441 18.29053 17.31151 16.91793 16.775 16.70668 7
1237666210348531733 331.028010987963 -8.70174130523054 17.52029 16.60819 16.36563 16.27155 16.25679 7
1237666210883174518 326.871508706532 -5.8010359544652 17.94014 16.95187 16.60015 16.46059 16.39262 7
1237666210883371066 327.280448926731 -5.99617006379302 17.50982 16.52492 16.14211 15.96796 15.91251 7
1237666210884157557 328.904032533026 -6.88235539826457 17.20586 16.21885 15.9511 15.76753 15.73558 7
1237666210882912420 326.343037229194 -5.52039759967184 18.32212 17.38174 17.02327 16.89383 16.83565 7
1237666210883698858 327.919306479513 -6.50765602971379 17.77478 16.78645 16.42022 16.29192 16.27685 7
1237666210884026420 328.530176108626 -6.80448133216241 18.57673 17.59486 17.2031 17.06905 17.00378 7
1237666210883829911 328.211201252761 -6.54968412367047 18.24496 17.30042 16.94293 16.81279 16.76506 7
1237666210884354178 329.234170524726 -7.2573425910739 17.20585 16.28039 15.98553 15.81592 15.75338 7
1237666210884091956 328.71225814314 -6.8842944874901 17.98601 17.01546 16.71382 16.54586 16.51133 7
1237666210884812906 330.126083575024 -7.77749005901096 17.69676 16.81111 16.60522 16.49352 16.48032 7
1237666210884747412 330.030789844844 -7.65637913940008 18.40648 17.50646 17.24503 17.12863 17.14867 7
1237666210885140546 330.748049201463 -8.14244402161826 17.81716 16.80224 16.48595 16.3454 16.29543 7
1237666211419848741 326.624292003594 -5.24545404386799 18.64949 17.66324 17.27339 17.13161 17.09526 7
1237666210885075009 330.563552844727 -8.06926634607393 18.51128 17.57991 17.30554 17.18371 17.13195 7
1237666211419783208 326.540563772748 -5.09920424421216 18.60365 17.59807 17.23275 17.0885 17.05576 7
1237666211419783304 326.60756111309 -5.12179944973612 18.2626 17.32809 17.05935 16.96931 16.94608 7
1237666211420111017 327.229528912925 -5.63435677116911 18.62554 17.64934 17.27882 17.14639 17.08208 7
1237666211420373080 327.685610128696 -5.889783714265 18.3292 17.37989 17.0338 16.90672 16.80995 7
1237666211420635190 328.25447018875 -6.06146354569604 18.45145 17.46625 17.07517 16.90742 16.89935 7
1237666211420897434 328.851507271646 -6.41718775187655 16.95403 16.12092 15.86441 15.74758 15.75612 7
1237666211421159560 329.288466558722 -6.80187351510968 17.25815 16.29149 16.013 15.91504 15.8645 7
1237666211421618313 330.207138917565 -7.37572313698892 16.64421 15.65629 15.31023 15.13917 15.12692 7
1237666211421356061 329.674495877114 -6.9647241088001 18.53899 17.56888 17.21059 17.07974 17.0362 7
1237666211421290504 329.495936903943 -6.87505165591134 17.46619 16.51182 16.16864 16.05563 16.02146 7
1237666211422470293 331.986236034775 -8.21890514555619 18.0932 17.11388 16.7357 16.60737 16.55229 7
1237666211956785306 327.161180380689 -4.86018715251845 17.52546 16.53243 16.18056 16.06388 16.01809 7
1237666211422404715 331.729021894881 -8.20637049085172 17.5889 16.57749 16.20974 16.07715 16.02193 7
1237666211422470189 331.824745104869 -8.28085228762603 18.26661 17.30442 16.97852 16.88762 16.83124 7
1237666211957112981 327.777652163224 -5.26762181661797 17.49097 16.508 16.14613 16.01336 15.94586 7
1237666211957833784 329.117027576827 -6.13575756230785 18.21965 17.316 17.09923 16.97548 16.96305 7
1237666211958030372 329.498727273222 -6.32831675268158 17.88181 16.9417 16.65134 16.52518 16.499 7
1237666211958095988 329.650273274269 -6.49679100757518 18.68919 17.68029 17.31269 17.17689 17.13404 7
1237666211958227055 329.923232752658 -6.57646059533554 17.76403 16.83236 16.54547 16.43115 16.38442 7
1237666226452824070 329.049313682026 -8.86407964065551 18.07977 17.10389 16.69634 16.50674 16.4897 7
1237666226989760666 329.521668009029 -8.50320100688446 17.1254 16.16212 15.8536 15.70198 15.66649 7
1237666226989826055 329.58165465684 -8.57507803357576 16.89781 15.89793 15.49226 15.39657 15.3234 7
1237666227526500456 329.477275419959 -8.02184328414562 17.76363 16.76753 16.45244 16.33887 16.28295 7
1237666226990612508 331.129472875369 -9.57515316300823 18.4242 17.42127 17.03477 16.86495 16.85067 7
1237666227527352396 331.060794217661 -9.05008642610233 18.50386 17.55052 17.17172 17.08197 16.94713 7
1237666228064354306 331.583399068302 -8.76004446647913 18.1454 17.17007 16.77668 16.6616 16.60352 7
1237666228600963234 331.377152296877 -8.1931089387147 18.22605 17.26789 17.0068 16.89114 16.88754 7
1237666229137965114 331.784020541581 -7.96275491593908 18.18201 17.20553 16.84258 16.67468 16.57821 7
1237666229137244238 330.352290895516 -7.21414972110044 18.40652 17.40769 17.04275 16.89639 16.8141 7
1237680064803504208 328.241953447126 -4.86940499388796 18.42354 17.4354 17.05933 16.93386 16.88684 7
1237680064803963028 329.22109755351 -4.92885216902618 18.33765 17.38011 17.15569 17.05208 17.02874 7
1237680064804356171 330.188898054038 -5.06307479316482 18.49922 17.46728 17.11423 16.97692 16.95098 7
1237680064804094158 329.600566991617 -4.92163517875394 17.80451 16.86077 16.57255 16.36448 16.39201 7
1237680064805011615 331.731048631862 -5.06704731623779 18.53134 17.51599 17.07263 16.92328 16.88622 7
1237680064804618353 330.726673810614 -4.98359637733492 17.70632 16.70216 16.25996 16.0967 16.01696 7
1237680064805208154 332.115910017212 -5.25229740266297 16.91541 15.87888 15.46508 15.28299 15.21474 7
1237680065340178530 327.804724309715 -4.41052755014862 18.47707 17.54449 17.25183 17.1798 17.08891 7
1237680065340768552 329.142838536461 -4.59653485469782 18.30714 17.33008 16.91975 16.7254 16.62738 7
1237680065340833924 329.295041003599 -4.51569590367924 16.28129 15.25852 14.9223 14.79328 14.77572 7
1237680065340964947 329.646865986749 -4.54271937906913 17.98377 17.04632 16.68365 16.43295 16.43058 7
1237680065341489348 330.78240776105 -4.73421453375815 18.76774 17.74541 17.33856 17.17103 17.10909 7
1237680065341227027 330.171804958866 -4.65900019565647 18.04332 17.07789 16.75989 16.61933 16.54721 7
1237680065341947959 331.833871182957 -4.65672706022724 16.84734 15.82773 15.49744 15.39121 15.39088 7
1237680065877114987 327.959373347299 -4.09401440423291 18.54001 17.6102 17.31287 17.23456 17.18724 7
1237680065877246038 328.183013090609 -4.12639333155585 18.47984 17.5422 17.09312 16.93764 16.92126 7
1237680065877246066 328.243056319114 -4.0899883138292 18.08616 17.26071 16.79217 16.67793 16.65144 7
1237680065878294657 330.660461819971 -4.15233817732833 18.07123 17.00784 16.57194 16.44418 16.39326 7
1237680065878360117 330.773202725517 -4.21775110826778 16.49034 15.52994 15.06709 14.89113 14.81134 7
1237680189360701618 327.331495826075 -5.04107881257698 18.53609 17.53407 17.19533 17.10297 17.03356 7
1237680189360439434 326.684631281673 -5.04619859164518 17.22458 16.21671 15.92189 15.80027 15.74096 7
1237680189361291325 328.58536478617 -5.17634654659806 16.87675 15.91684 15.60488 15.48368 15.41034 7
1237680189898358960 329.107582112551 -4.87290277082663 18.3371 17.37967 16.99166 16.84545 16.7216 7
1237680189898555566 329.618234653838 -4.88660404527969 18.19935 17.21149 16.82766 16.65435 16.60627 7
1237680189898752033 329.94260434415 -4.84455310133461 18.5961 17.65386 17.38864 17.25811 17.19158 7
1237680189899014219 330.653190845793 -4.79823287553805 17.13687 16.13317 15.85639 15.74176 15.69541 7
1237680189898817561 330.117400252709 -4.79761599098888 18.43463 17.46361 17.06512 16.84912 16.7939 7
1237680190434836548 328.204071862628 -4.33732198226054 18.11164 17.10252 16.70549 16.55486 16.49641 7
1237680190434574483 327.623041208377 -4.31725346099735 16.03492 15.0783 14.68152 14.55718 14.48897 7
1237680190435164260 329.046144699042 -4.36760559417458 16.51303 15.51943 15.14087 15.00942 14.9861 7
1237680190435295289 329.226216053007 -4.38491854617819 18.37713 17.38488 17.09282 16.99489 16.95682 7
1237680190435885103 330.5917691929 -4.43701148356984 18.22569 17.19033 16.81286 16.61644 16.53136 7
1237680190435557483 329.92321051311 -4.42374737463432 17.51375 16.47194 16.09903 15.96905 15.88431 7
1237680190436147224 331.190026860058 -4.5717030037888 18.62939 17.72846 17.26236 17.09509 17.07539 7
1237680190972428386 329.904905162203 -4.00818638256461 17.44556 16.41285 16.04396 15.89237 15.82734 7
1237680190972559670 330.219500410814 -4.05010646625797 18.77645 17.77368 17.43039 17.335 17.30824 7
1237680241435738133 326.161906404026 -6.61199850919472 18.25347 17.26468 16.93808 16.80619 16.76832 7
1237680240901357592 331.846133188735 -7.45602809014819 18.37032 17.35147 17.04177 16.94512 16.88044 7
1237680241436393582 327.738641410035 -6.64979536996373 18.03799 17.0646 16.70619 16.59303 16.52237 7
1237680240901226535 331.578423295024 -7.32463919922019 18.42148 17.5012 17.25907 17.13511 17.05978 7
1237680241437769825 330.918718803249 -6.97535584146597 18.58318 17.64119 17.36529 17.28631 17.21898 7
1237680241438228585 331.995494357824 -7.05712527355523 17.8167 16.87368 16.56856 16.40635 16.33822 7
1237680241437835323 330.986697789922 -6.93786808724047 18.16418 17.20401 16.86005 16.69322 16.62758 7
1237680241972674631 326.419681538352 -6.20950700703138 17.79241 16.84342 16.48878 16.3305 16.28233 7
1237680241973395590 328.1234308363 -6.26494100826954 17.89306 16.88652 16.56011 16.40857 16.35995 7
1237680241973788773 328.941969893329 -6.38517521584318 17.75453 16.76618 16.42381 16.25184 16.1721 7
1237680241972609045 326.194734126383 -6.07425298114883 18.32017 17.37484 17.08648 16.97498 16.92204 7
1237680241975296265 332.493013917273 -6.6177506509477 18.83679 17.82971 17.37748 17.22835 17.14847 7
1237680241974706201 331.001437289283 -6.52500685648842 17.58687 16.56939 16.24306 16.07375 16.01734 7
1237680241974968339 331.59788907076 -6.5852800487609 18.45645 17.48382 17.16267 17.01651 16.97121 7
1237680241975361589 332.593242692146 -6.67354286446447 18.2481 17.20329 16.7847 16.67682 16.63042 7
1237680242510397508 328.369996218536 -5.85319295638543 17.58432 16.58766 16.24826 16.08147 16.02765 7
1237680242511052844 329.901514364905 -6.00987072058438 18.2754 17.3235 16.94373 16.87568 16.75799 7
1237680242511183889 330.145456644668 -6.0040472011548 18.46265 17.55495 17.31155 17.23732 17.16641 7
1237680242511446058 330.777248015235 -6.17426754767543 18.53498 17.52624 17.19753 17.06053 16.96671 7
1237680242511642727 331.297578297236 -6.24023426385076 18.35729 17.40021 17.12609 16.98986 16.90931 7
1237680242511249485 330.379431065036 -5.9829802504845 17.82243 16.8825 16.6493 16.50658 16.53491 7
1237680242511773814 331.610346670488 -6.07788228874604 18.63061 17.66991 17.34783 17.25938 17.19781 7
1237680242511904810 331.839220300072 -6.23824450040997 18.49626 17.51098 17.16271 17.00228 16.94914 7
1237680242511773751 331.541627562377 -6.07883452867965 17.4099 16.35821 15.98018 15.8645 15.80972 7
1237680242512298209 332.807678107046 -6.34265036779122 18.8164 17.76919 17.36041 17.24203 17.22358 7
1237680243047333962 328.556925458962 -5.52880991419272 17.04075 16.12578 15.82039 15.7362 15.64557 7
1237680243047530573 329.018143287567 -5.61716214282636 17.4195 16.49172 16.15364 15.95644 15.89315 7
1237680243046416399 326.399348298348 -5.37649163751324 17.96677 17.00973 16.6518 16.52841 16.48034 7
1237680243047858251 329.786506663213 -5.52883890807904 18.43394 17.44866 17.16419 17.10014 17.07943 7
1237680243047399560 328.735432331641 -5.442993613192 18.45081 17.48107 17.12743 16.98365 16.89109 7
1237680243048775694 331.810852880264 -5.81249415900777 17.95742 16.90028 16.52085 16.37384 16.30817 7
1237680243583680551 327.373988091539 -4.9505945569941 18.20895 17.25088 16.93321 16.79005 16.71125 7
1237680243049168912 332.716175414823 -5.90261243549163 18.68243 17.64274 17.31654 17.20084 17.14114 7
1237680243584204868 328.622230903587 -5.03006999264343 18.07112 17.14617 16.91673 16.77487 16.7781 7
1237680243584925779 330.308455989598 -5.15777924897992 18.484 17.53492 17.15414 17.05399 16.94724 7
1237680243583942695 327.975160545923 -4.95494168613544 17.99582 17.03491 16.72741 16.55673 16.56344 7
1237680243585319111 331.218464151292 -5.20237152191545 17.57251 16.55925 16.12134 15.97788 15.90951 7
1237680243584794660 329.922036119164 -5.13771783579609 18.58662 17.65837 17.37743 17.28999 17.23641 7
1237680243585581058 331.684918383129 -5.38775324333999 17.91595 16.95346 16.65267 16.46218 16.47449 7
1237680243585778067 332.215248668344 -5.37829747581345 18.81951 17.82846 17.39137 17.21719 17.12012 7
1237680262913327112 329.513788090762 -6.65126307948625 16.63341 15.73131 15.50579 15.40212 15.40229 7
1237680262912475232 327.588946346823 -6.4470068963143 18.07612 17.13584 16.8305 16.69379 16.66035 7
1237680262912475238 327.579427071329 -6.57681877736044 17.97007 17.06696 16.81401 16.65698 16.61136 7
1237680262914375947 332.064975386242 -6.76021361655019 18.70468 17.65314 17.21141 17.07618 17.00983 7
1237680262914572322 332.438768939016 -6.78983575875688 18.29489 17.31549 16.97543 16.80257 16.7162 7
1237680262914441367 332.112731232232 -6.9147176272612 17.48364 16.4905 16.19909 16.0659 16.00686 7
1237680263449804896 328.74464264852 -6.19211413574746 17.44136 16.47851 16.09752 15.94831 15.89335 7
1237680263450460230 330.252444842552 -6.25965709246028 16.54451 15.56729 15.21958 15.08908 15.05479 7
1237680263450460246 330.278366660056 -6.3751090609584 18.45173 17.4919 17.26193 17.18062 17.16258 7
1237680263450591327 330.526402467833 -6.38204851145284 18.66038 17.75041 17.33495 17.18825 17.15493 7
1237680263985561794 326.259245059778 -5.51383217052963 18.01746 17.07058 16.78777 16.64655 16.60382 7
1237680263986413637 328.143464289861 -5.7879865185288 17.83815 16.8683 16.57463 16.46045 16.42417 7
1237680263986937891 329.321688964634 -5.73938291919054 18.26468 17.24696 16.88908 16.78389 16.7376 7
1237680263987331136 330.259186906134 -5.84767161021394 18.50422 17.64327 17.37799 17.26745 17.25933 7
1237680263985823779 326.741290454565 -5.58141414740042 18.12426 17.10971 16.74152 16.61759 16.5533 7
1237680263988314153 332.535987824869 -5.98097664848054 18.3156 17.2803 16.93067 16.75419 16.65867 7
1237680264523219218 328.023292716905 -5.35390382320323 17.50553 16.58974 16.34411 16.25013 16.25442 7
1237680264523415630 328.504645766067 -5.37418316872217 17.46234 16.48719 16.20022 16.06208 16.03511 7
1237680264524071024 330.037507429874 -5.49703679210415 17.8649 16.8877 16.60428 16.45127 16.40616 7
1237680264524333065 330.521089332912 -5.52754406362396 18.28478 17.28038 16.91477 16.77577 16.70395 7
1237680264524464189 330.923189222609 -5.45514019233306 17.58819 16.63391 16.2666 16.15686 16.1783 7
1237680264524005394 329.765786974355 -5.43048905065056 17.89509 16.99705 16.75076 16.59851 16.61053 7
1237680264524922922 331.922482924595 -5.60388365032163 17.18121 16.14262 15.71628 15.55344 15.48815 7
1237680264524922935 331.930228658299 -5.57923217979727 18.33182 17.29656 16.92938 16.77107 16.71766 7
