1237657067403608068 18.0449234852072 -1.69593034351844 17.47191 16.52565 16.16269 16.01476 15.93024 8
1237657069546242373 22.2756992621935 -0.969174097098273 17.89882 17.03752 16.70815 16.62374 16.61403 8
1237657070619852840 21.9633680571895 -0.131604003037884 18.12793 17.29502 17.01447 16.89133 16.85493 8
1237657070619918382 22.0804696293154 -0.0601720129498736 18.03628 17.17004 16.85285 16.77699 16.76585 8
1237657070620114980 22.5264013322181 -0.0205017122276939 18.17214 17.34094 17.07302 16.97306 16.94265 8
1237657190914457606 21.061312518349 -0.0670264395067395 16.54395 15.64104 15.33122 15.19781 15.18707 8
1237657190914326599 20.8840735008625 -0.17163007091606 17.58396 16.67812 16.31756 16.18863 16.15511 8
1237663204922228780 18.4733377539904 0.75992419090277 18.55325 17.63001 17.28789 17.19929 17.15954 8
1237663204922228776 18.4319723182828 0.820635112794078 16.9332 16.03452 15.76812 15.68275 15.65488 8
1237663478742581363 20.617641461083 -0.353052349309161 18.31227 17.37834 17.07918 16.95369 16.91338 8
1237663782595788875 20.6199584509325 -1.07098828934171 18.26909 17.33906 17.03082 16.91704 16.88436 8
1237663782595723335 20.4796629021934 -1.18629378795552 18.32903 17.40227 17.09893 16.99594 16.94181 8
1237663782595788848 20.5585220786513 -1.0832027942707 18.62597 17.70556 17.35046 17.20312 17.1695 8
1237663782596050962 21.1487216528601 -1.19749731610519 18.20372 17.31965 17.02648 16.92344 16.90394 8
1237663783133052972 21.5087502994438 -0.783527463250466 18.24504 17.34638 17.01341 16.90468 16.90966 8
1237663783667564612 16.1656359338313 -0.293024854195678 18.184 17.30574 16.96828 16.84405 16.79204 8
1237663784205156418 17.7587917548282 0.0687780591656029 17.97217 17.08219 16.82231 16.71374 16.68717 8
1237663784740978698 15.2742702810145 0.496539579009141 17.70052 16.76991 16.42746 16.31175 16.26999 8
1237663784742420648 18.6815417558805 0.562418267153503 18.05252 17.16962 16.8055 16.64929 16.59806 8
1237663784744189984 22.6788093536762 0.525425517159973 17.76221 16.87131 16.54603 16.417 16.36847 8
1237663784743010328 20.0004875714831 0.547619653373127 17.96189 17.06966 16.79994 16.67959 16.64797 8
1237663785279225860 18.4304782195443 0.903766518233058 18.4945 17.59345 17.28724 17.20578 17.17354 8
1237663785279356938 18.7324165600609 0.841031027005476 16.73824 15.88606 15.56812 15.44087 15.43633 8
1237663785279488066 19.1327538659075 0.969211903488661 18.30807 17.40737 17.12462 17.03554 17.02372 8
1237663785280340020 21.0184605370331 0.930904693650463 17.53905 16.70117 16.41694 16.32219 16.28842 8
1237663785280929867 22.378794771054 0.931829317653643 17.78555 16.86028 16.56262 16.45952 16.42626 8
1237666338115158218 16.5024472036739 -0.971923003506156 18.07151 17.16771 16.83813 16.70502 16.63751 8
1237666338116730886 19.9697479392637 -0.902840642184333 16.1599 15.34535 15.02476 14.91524 14.90593 8
1237666338652094552 16.6549061971786 -0.614810269075601 18.55648 17.63759 17.30088 17.16658 17.14237 8
1237666338651373634 14.9328010742988 -0.546820907796359 18.36039 17.48473 17.11286 16.96531 16.92733 8
1237666338652356635 17.1650802736642 -0.615876897960938 16.77871 15.9036 15.53947 15.46238 15.42492 8
1237666339189030933 16.7363220098833 -0.137361422792672 17.12604 16.25582 15.90637 15.78248 15.75435 8
1237666339726360634 17.8186834574275 0.353967417588059 17.56569 16.67894 16.34265 16.2356 16.16684 8
1237666339727474725 20.3170489675465 0.338947516649378 18.37477 17.47444 17.11085 16.9557 16.92752 8
1237666340800233497 18.0503815377971 1.0749475082827 18.20336 17.35022 16.97027 16.84614 16.76752 8
1237666340800626762 18.9919009137796 1.09326472493819 18.30277 17.47291 17.12503 16.9669 16.97925 8
1237678595949723659 15.3160529362163 1.45960236024103 16.62336 15.76262 15.45256 15.36419 15.32539 8
1237678617425936468 18.5611021265141 1.37799884649065 17.35627 16.52524 16.15752 16.02077 15.99496 8
1237678617424429166 15.1079128392516 1.34400832790454 18.37178 17.47705 17.13032 17.04556 16.96832 8
1237678617426984989 20.8679388222785 1.33878239244753 18.31026 17.37782 17.03326 16.91253 16.8709 8
1237678617961496640 15.5917613146551 1.72754836806549 18.09233 17.23488 16.90827 16.79082 16.77863 8
1237678617962348564 17.4592971417777 1.73077575117584 17.73257 16.83598 16.5635 16.46253 16.43444 8
1237678617962676244 18.2082335705412 1.77195707330364 18.22229 17.3523 17.08938 16.96837 16.9317 8
1237678618500792370 21.0445999398793 2.10915976116924 17.87064 17.02749 16.71585 16.56706 16.54918 8
1237678619036287088 17.9567937267457 2.59089925559078 18.16678 17.28474 17.00103 16.89796 16.88 8
1237678619036483592 18.332140061042 2.45833626905898 18.56969 17.64788 17.32492 17.22601 17.2271 8
1237678619035959312 17.1167875652759 2.61542140424591 18.19562 17.28337 16.95728 16.82483 16.78229 8
1237678619037204502 19.9789125091665 2.45513776447339 17.95266 17.09582 16.83504 16.72376 16.67933 8
1237678619037532204 20.7569865854775 2.57712648133589 17.42246 16.56542 16.29145 16.17447 16.14207 8
1237678619037859919 21.5468494042667 2.39914658589472 18.11237 17.22187 16.943 16.85814 16.83378 8
1237678619573878815 19.5296274949579 2.93996686934175 17.83113 16.94562 16.64538 16.54269 16.50028 8
1237678619574272039 20.4858966405695 2.88426729154215 17.95154 17.05098 16.71984 16.60137 16.54138 8
1237678619574337582 20.6764189071368 2.97466273373329 17.43738 16.59377 16.30046 16.16651 16.14668 8
1237678619574468682 20.9427502355045 2.8433481776744 17.55156 16.67925 16.4209 16.32919 16.2683 8
1237678621697966097 17.1361467854713 3.87519969259391 18.52273 17.62046 17.28559 17.20953 17.17978 8
1237678881029816362 21.0393009449888 -2.06137092978801 17.47949 16.56491 16.2334 16.10846 16.06557 8
1237678882101133377 15.5400001360301 -1.40971965872145 17.34876 16.47442 16.1368 16.01521 15.97121 8
1237678882101198869 15.598345548491 -1.33622378619331 17.9178 17.01393 16.67815 16.53801 16.48646 8
1237678882101002279 15.2130284516552 -1.33330228421161 18.11113 17.17012 16.85658 16.74486 16.71398 8
1237678882103296017 20.3901726335882 -1.29113135405438 17.91386 17.0424 16.73428 16.61612 16.58965 8
1237678888518156313 19.4943087780923 -3.14656970310088 17.75509 16.85516 16.56629 16.45741 16.45267 8
1237678888518156375 19.5929242089768 -3.07923564291549 17.36871 16.41926 16.10433 15.99692 15.94299 8
1237678889592422424 20.7217064109861 -2.27093418583279 17.61796 16.68292 16.36872 16.26813 16.21533 8
1237678889592487944 20.8128633971731 -2.23888168084363 17.69061 16.77793 16.39961 16.28915 16.20695 8
1237678890129489996 21.2193803442003 -1.91440833720071 17.95415 17.05022 16.74344 16.63304 16.56217 8
1237679433989816341 18.7661251761113 -3.18461365826198 17.06781 16.18681 15.86982 15.7482 15.70486 8
1237679435062575175 16.5380660151551 -2.37600180254277 18.09672 17.1583 16.77245 16.62712 16.56556 8
1237679435063427122 18.5702351663416 -2.22708503768111 17.65016 16.69836 16.37779 16.25417 16.23933 8
1237679435599511583 16.721849409914 -1.94907301080792 17.29317 16.3746 16.06603 15.95595 15.92633 8
1237679435599904776 17.534233565907 -1.86074396815063 17.97388 17.07952 16.72907 16.63329 16.57992 8
1237679435600560142 19.0424539491012 -1.94021236811342 18.31841 17.45213 17.08227 16.93436 16.90296 8
1237679436135923730 15.5836811917906 -1.57478601098017 17.25279 16.32152 15.9385 15.77414 15.71052 8
1237680099161407495 18.7976176337563 1.42702674941557 16.59077 15.67119 15.34274 15.20743 15.19465 8
1237680099161735183 19.6087515432292 1.37788937855437 18.32193 17.39894 17.05455 16.95861 16.89672 8
1237680099161735212 19.622130581008 1.50244779163772 18.45882 17.53971 17.23019 17.1151 17.08088 8
1237680100771758092 18.2395473064125 2.73713194435546 16.80227 15.90104 15.61626 15.51154 15.49164 8
1237657065256058995 18.0558714019631 -3.40520900260464 18.22818 17.2071 16.81341 16.66709 16.559 7
1237656512816087118 21.7009049491593 0.323297244850102 18.0771 17.05978 16.68596 16.54949 16.52316 7
1237656511742083115 21.0515271367765 -0.602078031509493 17.83177 16.82363 16.45892 16.33421 16.32775 7
1237657065792929820 17.9421549241877 -2.86200595970014 17.76007 16.81928 16.50635 16.40542 16.39565 7
1237657065793323037 18.8373073674454 -3.00083942393848 18.5354 17.57117 17.21841 17.08919 17.05843 7
1237657066329276525 16.8449082094868 -2.52637334058192 17.69823 16.77365 16.43964 16.25453 16.24082 7
1237657066866999302 18.6782650338482 -2.12711047728862 18.44862 17.49331 17.17187 17.08075 17.0473 7
1237657067402559618 15.7785784692441 -1.66295048308504 17.34427 16.29501 15.9558 15.80364 15.74854 7
1237657067402494011 15.6399333525281 -1.75830116267827 18.60818 17.60915 17.20747 17.0184 16.9516 7
1237657067940937740 19.1282972681911 -1.34271235684042 18.2124 17.20932 16.86726 16.74946 16.67883 7
1237657067404263449 19.5922169550205 -1.62435234862173 17.92121 16.89054 16.52519 16.38917 16.35535 7
1237657067940347996 17.8004390934261 -1.31008832627214 17.12922 16.10688 15.73452 15.58867 15.52962 7
1237657070619852814 21.8734736839768 -0.203086103266852 18.29176 17.33997 16.99994 16.82693 16.79143 7
1237657070619852834 21.9333940390441 -0.130832668218335 17.63514 16.74397 16.48735 16.37852 16.37378 7
1237657070619787471 21.7701882879743 -0.190278643144411 17.79497 16.81276 16.46179 16.30485 16.28497 7
1237657189840650261 21.0258155213946 -0.934849564177915 17.47159 16.44993 16.06282 15.97239 15.9582 7
1237657072230596618 22.1931136411612 1.05139550116558 16.93632 15.9827 15.61725 15.50085 15.45608 7
1237663204920786948 15.0500346878339 0.811020783264394 18.41244 17.47511 17.23451 17.13201 17.10228 7
1237660223157239814 20.6269769538349 -0.290661014902374 17.94655 16.91346 16.56706 16.41762 16.38608 7
1237663204921507888 16.7848610052696 0.795625057174441 17.05886 16.10784 15.80424 15.67278 15.59246 7
1237663204922163217 18.2540813481694 0.712471366521937 16.91736 16.01759 15.76468 15.67678 15.6448 7
1237663204921901060 17.5959284412693 0.742487959896409 18.30163 17.38099 17.00551 16.83159 16.77436 7
1237663204922818576 19.7349767114886 0.799826746178208 18.32561 17.37637 17.02394 16.89081 16.83625 7
1237663204922425410 18.9391633518824 0.695887260849446 18.14071 17.19563 16.87463 16.76982 16.7377 7
1237663204922753048 19.6115225596397 0.631499774749207 18.05835 17.14742 16.95428 16.85665 16.84719 7
1237663204923211885 20.7156491034702 0.823209989412365 18.13924 17.18172 16.92771 16.80673 16.79388 7
1237663204923473939 21.2075890729577 0.773429314510545 18.51965 17.55407 17.18017 17.04753 17.01274 7
1237663204923015209 20.189579832785 0.6528024415715 18.32918 17.38666 17.05671 16.93312 16.93802 7
1237663204923080758 20.388586591172 0.741850906602152 17.05592 16.04054 15.68928 15.57185 15.52291 7
1237663782593495187 15.3617686796289 -1.0858882021372 18.17645 17.20183 16.83393 16.68774 16.63864 7
1237663204923605013 21.5278762719484 0.790076924913573 18.23245 17.27686 16.99665 16.86864 16.81948 7
1237663782594740238 18.130926421881 -1.21915106022429 18.39891 17.33801 16.99537 16.829 16.77511 7
1237663783130431545 15.5541045086521 -0.701591847236931 18.03883 17.1117 16.84925 16.75648 16.74083 7
1237663783131414580 17.7623904553037 -0.659530851347091 17.85084 16.90132 16.58376 16.40184 16.40779 7
1237663783131480077 17.8375996573335 -0.686502257691174 17.84943 16.84133 16.48166 16.33046 16.27097 7
1237663783132987394 21.2693493615831 -0.716350490620345 17.67715 16.67645 16.34177 16.2276 16.18397 7
1237663783133446164 22.3793048520852 -0.712818590682406 18.40162 17.40626 17.07444 16.9407 16.88309 7
1237663783667761162 16.4901513303038 -0.303933622343453 17.80382 16.88324 16.46762 16.28393 16.22245 7
1237663784204042255 15.14499230221 0.130999473074014 18.48758 17.50256 17.20582 17.06428 17.07347 7
1237663784205287474 18.0218220060777 -0.000346784643460596 18.28733 17.354 17.12104 17.06198 17.03598 7
1237663784205942815 19.5211257984073 0.11380433344359 16.96524 15.96229 15.63087 15.5094 15.4833 7
1237663784207253525 22.4808189272138 0.117399459061982 18.45183 17.51929 17.23156 17.10636 17.11204 7
1237663784207253570 22.5187730534734 0.205766468267084 17.7042 16.7343 16.4017 16.2586 16.17157 7
1237663784740913280 15.2638310688015 0.608414634210622 18.51857 17.58805 17.29524 17.19601 17.17854 7
1237663784741175332 15.8496971813016 0.577742491022213 17.71156 16.81327 16.59731 16.52313 16.52398 7
1237663784741240930 16.0119117315047 0.482054873777101 17.40012 16.45067 16.17544 16.03692 16.00277 7
1237663784741306372 16.0396055281907 0.430719090254784 18.30366 17.36016 17.06281 16.99104 16.94563 7
1237663784741306384 16.0712260915091 0.498536110453402 17.78906 16.86019 16.48448 16.329 16.26407 7
1237663784743403689 20.9257638412247 0.600972933407399 18.46444 17.48841 17.25609 17.12738 17.10959 7
1237663785277980756 15.6847785309675 0.943944620483834 18.44114 17.47511 17.10137 17.00051 16.94795 7
1237663785278177325 16.1260840664939 0.978298699938432 16.82223 15.89502 15.59384 15.48639 15.45917 7
1237663785278570553 16.9719050202764 0.947293566620854 17.75463 16.78584 16.43137 16.31807 16.26466 7
1237663785278308372 16.3456022274058 0.919208406780375 18.27647 17.30531 17.00504 16.88743 16.82684 7
1237663785279029293 18.0052043725537 0.86163960614614 18.47238 17.52301 17.18357 17.10513 17.06991 7
1237663785279946775 20.1168145438209 0.957537823185278 17.92401 16.9473 16.56137 16.40829 16.33275 7
1237663785280012317 20.2778990645588 1.02515657152035 17.86977 16.96381 16.73573 16.63701 16.60117 7
1237663785280143362 20.5231309375332 1.03258673818224 18.54439 17.5903 17.28627 17.16487 17.1251 7
1237666338115092630 16.3467771290406 -0.955727767282945 17.12996 16.31114 16.07303 15.98545 15.99397 7
1237666338115289112 16.6925879479729 -0.888313920995645 18.0168 17.06215 16.72444 16.65835 16.62083 7
1237666338115354628 16.8092622138326 -0.957255210266429 18.39053 17.42487 17.06809 16.93713 16.86456 7
1237666338115747927 17.7935190746853 -0.929822247429534 17.64466 16.60628 16.23968 16.05005 15.99359 7
1237666338116862030 20.3618722529642 -0.849685033821858 17.87414 16.97878 16.68295 16.60436 16.47589 7
1237666338652028936 16.399037866363 -0.436182033875823 17.71305 16.78563 16.39738 16.28309 16.26877 7
1237666338652094490 16.5712954231476 -0.454502476333532 18.33941 17.37798 17.07406 16.93929 16.89642 7
1237666338652422146 17.2615885618123 -0.459318753283951 16.61183 15.6299 15.21235 15.03003 14.98181 7
1237666338653864020 20.6331145834696 -0.544398559950557 18.22279 17.19148 16.85819 16.70917 16.70862 7
1237666339188310058 15.1063835912583 -0.0552392687271532 18.33082 17.40294 17.11784 17.0253 17.01586 7
1237666339188572216 15.7172921828281 -0.101133113111399 18.12274 17.10433 16.79193 16.6701 16.64614 7
1237666339189489739 17.8014872136264 -0.123835646737364 16.93465 16.02995 15.64245 15.44207 15.39629 7
1237666339190145077 19.3002749982389 -0.0204594848214246 18.42891 17.45049 17.0491 16.8882 16.89984 7
1237666339725377684 15.5741095229616 0.413140110091244 18.62459 17.69555 17.30936 17.18598 17.14069 7
1237666339725115532 14.9940354735916 0.329939404723659 18.28185 17.36963 17.08957 16.96594 16.9792 7
1237666339726753899 18.7496163977895 0.351461371940953 18.57503 17.60921 17.30585 17.18905 17.16436 7
1237666340799119420 15.5876377841299 1.12261976610772 17.74617 16.76111 16.41936 16.29847 16.25226 7
1237666340801609799 21.2061873578054 1.07702502515453 18.04807 17.04703 16.68061 16.5823 16.52394 7
1237666340800823426 19.4439683982413 1.08774441080533 17.86622 16.86054 16.50737 16.4038 16.36082 7
1237666340800495706 18.6708846532357 1.15408814245275 17.60381 16.64336 16.24059 16.06035 15.9772 7
1237666407378583577 22.5929803313977 -0.534338828020265 18.44597 17.46829 17.08974 16.96659 16.92781 7
1237666407377993753 21.2211336409155 -0.52780998287875 18.29082 17.29104 16.96564 16.83672 16.77082 7
1237678597023465481 15.3654079023768 2.35657354109702 17.20258 16.27948 15.87444 15.74683 15.6961 7
1237678597560664094 16.1932188981158 2.84192922338629 18.40852 17.45448 17.19148 17.09286 17.03913 7
1237678598097535009 16.1329750044688 3.10388842461602 18.0173 17.02011 16.68816 16.55986 16.56322 7
1237678598097600520 16.2591993577839 3.10191238178288 18.26229 17.31394 17.07692 16.96779 16.91954 7
1237678598097928246 17.0963813367625 3.2110593231132 18.21051 17.2245 16.82495 16.72233 16.66158 7
1237678598634471455 16.3552109768909 3.55593566455764 18.32807 17.38981 17.07988 16.93299 16.88447 7
1237678598634864647 17.1449578065653 3.61222705945784 18.19138 17.2752 16.99623 16.87235 16.87183 7
1237678617425150048 16.7455397684873 1.32281176210208 17.68131 16.68297 16.31191 16.17904 16.14532 7
1237678617426133064 18.9673274307927 1.27891557683375 18.07849 17.11189 16.78251 16.63237 16.5836 7
1237678617961693218 15.9551448765316 1.72128464272502 18.41586 17.48646 17.19669 17.10267 17.01516 7
1237678617961431144 15.4351523755104 1.79905495932349 18.12777 17.12728 16.79274 16.67527 16.63118 7
1237678617961562194 15.7291506879296 1.77126290207635 17.16347 16.18301 15.80464 15.68081 15.64545 7
1237678617962610748 18.116093841834 1.79423689415223 17.27205 16.33379 16.03342 15.9384 15.90054 7
1237678617963856059 20.9619603832236 1.61504048512971 18.33644 17.37203 17.05184 16.93202 16.88047 7
1237678617964118127 21.5343245438893 1.68672882106969 15.92393 14.9476 14.57747 14.44811 14.40417 7
1237678618498433185 15.7369804714886 2.16532841329388 17.4507 16.46368 16.12016 15.99424 15.96087 7
1237678618498564102 15.9470187237752 2.0420513211375 18.08857 17.1851 16.75528 16.61058 16.55406 7
1237678618499416097 17.9086960400005 2.14905536552547 17.67974 16.68893 16.35542 16.22726 16.1731 7
1237678618500464666 20.338078160331 2.05778525125676 18.00956 17.05371 16.66115 16.53984 16.52165 7
1237678618501185538 21.9012018302989 2.11438641284856 18.32476 17.32046 16.94477 16.81661 16.74958 7
1237678619035435040 15.9308785877374 2.63646299985345 18.28104 17.34933 17.04753 16.92472 16.88107 7
1237678619035762791 16.7142713791949 2.56733141917555 17.14754 16.2617 15.86895 15.70803 15.66612 7
1237678619035303949 15.6902782063364 2.51824879213064 18.4073 17.49212 17.25466 17.18827 17.23583 7
1237678619036680258 18.876568370523 2.59809305254455 17.6835 16.7344 16.38541 16.30221 16.20281 7
1237678619036680260 18.8755116382284 2.47170553465245 18.33918 17.31706 16.97671 16.86174 16.80224 7
1237678619036942351 19.3717375740503 2.58269572865662 17.76451 16.70324 16.31113 16.14638 16.08898 7
1237678619036942381 19.4758137818183 2.62583462514196 18.21233 17.21093 16.96873 16.8369 16.79689 7
1237678619037859878 21.5072104386251 2.4761500429876 18.42893 17.43551 17.08457 16.93684 16.89017 7
1237678619038122068 22.1815672514262 2.40586706486879 17.60022 16.64347 16.35011 16.1655 16.16703 7
1237678619572895786 17.3423311876748 2.95692387665898 18.41103 17.4316 17.02253 16.87443 16.79132 7
1237678620109570185 16.9099980781762 3.43013493668708 18.44983 17.51301 17.26367 17.15949 17.14565 7
1237678620109439100 16.5982791928951 3.40617790977495 18.19714 17.25888 16.97744 16.85535 16.84119 7
1237678620111077435 20.3666464577664 3.26434201698275 17.23665 16.29837 16.00383 15.93728 15.93462 7
1237678620110946322 20.0005176065652 3.32510191785504 17.38951 16.46306 16.04805 15.88134 15.82738 7
1237678620111339675 20.9879260621943 3.33251879901867 18.30369 17.33501 16.98533 16.8702 16.834 7
1237678622235361434 18.4299224662218 4.39176148713429 17.756 16.75886 16.38368 16.25849 16.21026 7
1237678660358897689 19.7467840959202 3.69769027208376 18.30906 17.39343 16.98705 16.83921 16.81791 7
1237678660358570049 19.0085194641088 3.7117927729433 18.43612 17.46692 17.14782 17.06103 17.00814 7
1237678660358963289 19.9920951325815 3.71805748521207 17.00329 16.03013 15.69082 15.58715 15.52839 7
1237678660895113277 18.2856289479314 4.04154249305412 16.43166 15.44068 15.14499 15.0047 14.99464 7
1237678880492552231 20.1719209003375 -2.61680932531085 18.1265 17.09242 16.74979 16.60711 16.54479 7
1237678879955877952 20.629621413841 -3.00675059966047 17.77732 16.81547 16.53297 16.41388 16.37112 7
1237678881027981340 16.8177532764025 -2.148193744635 18.05476 17.05155 16.67641 16.53348 16.4912 7
1237678881027522645 15.7832524930042 -2.13728439801854 18.4804 17.49847 17.17925 17.06012 17.02676 7
1237678881028177922 17.2058762949754 -2.20620711898414 18.11517 17.13172 16.85885 16.70296 16.64778 7
1237678881029292084 19.8413582076175 -2.05412909938409 17.75987 16.79684 16.43319 16.30843 16.27154 7
1237678881029750786 20.8118525089737 -2.15747398379202 18.66911 17.7362 17.3004 17.16856 17.16205 7
1237678882101133375 15.5351199468892 -1.35039050944976 17.68827 16.66389 16.26397 16.13387 16.09334 7
1237678882103230573 20.2975470990431 -1.29340923556572 18.56067 17.58524 17.22492 17.03731 16.96131 7
1237678882101264402 15.7585216352953 -1.27195943864139 17.91647 17.07923 16.66301 16.50663 16.4245 7
1237678882103099403 19.913877647327 -1.36373667465598 16.14862 15.25512 15.00997 14.94042 14.89504 7
1237678889591898130 19.4702587415644 -2.23053682594601 17.64112 16.63061 16.2416 16.10868 16.08458 7
1237678889592815701 21.650321788297 -2.2157611382987 18.06505 17.18485 16.77829 16.58292 16.53848 7
1237678890128834598 19.6639810585479 -1.83288423459247 18.38923 17.40699 17.08502 17.00938 16.9282 7
1237678890129752121 21.7781658636951 -1.8436877818175 18.05951 17.13511 16.88556 16.81786 16.77828 7
1237678890664919108 17.9274494776975 -1.51001003835644 18.17745 17.1652 16.79638 16.66388 16.57829 7
1237678890664722442 17.3545508923673 -1.52735536729042 18.70401 17.66208 17.25251 17.10399 17.02572 7
1237678890664722463 17.3801210240812 -1.56726769166862 18.43929 17.45338 17.01605 16.84093 16.75115 7
1237678890665508925 19.2743129340944 -1.43934504287678 17.29305 16.27641 15.84406 15.66785 15.59404 7
1237678890665639976 19.4759864005362 -1.55322372306336 18.38225 17.40408 17.08358 16.96245 16.93758 7
1237678890665639978 19.4905903120371 -1.55500996507077 16.2942 15.30354 14.96287 14.84857 14.80013 7
1237678890665640034 19.5603428964529 -1.52449791973171 18.51632 17.55236 17.18552 17.04991 16.95798 7
1237678890666098694 20.5478530434354 -1.43206225427416 18.61905 17.63526 17.24729 17.07985 16.9996 7
1237679433989554194 18.1588188934516 -3.13245244970757 17.74322 16.7118 16.31389 16.16576 16.10406 7
1237679433989554207 18.1949670721417 -3.24176681698245 18.0155 17.01447 16.66909 16.51626 16.45448 7
1237679434526752880 18.9481692638003 -2.74178405437366 17.32302 16.34592 15.94328 15.85649 15.8064 7
1237679434527080481 19.6646649336573 -2.74820367322296 17.21993 16.1861 15.7975 15.70918 15.68895 7
1237679434527539230 20.7453411318456 -2.68965149802925 15.76457 14.75503 14.42887 14.30495 14.24043 7
1237679434526949396 19.3815600233489 -2.73761633744262 16.7653 15.83652 15.4586 15.33801 15.35015 7
1237679435063296029 18.2288289455174 -2.3232587503444 17.30316 16.2708 15.86771 15.75283 15.69652 7
1237679435063296043 18.2779317102227 -2.23977542970707 18.59308 17.56859 17.1412 16.99584 16.96324 7
1237679435063689264 19.1155156227109 -2.25369677334407 18.42391 17.50308 17.09732 16.9454 16.82088 7
1237679435063689304 19.1537369004795 -2.34990481021188 18.41523 17.3912 17.02909 16.92786 16.82989 7
1237679435599249410 16.0389331666177 -2.00499062354636 18.56186 17.64422 17.264 17.13266 17.07959 7
1237679435600363530 18.6274740152253 -1.84179453840422 17.68187 16.67849 16.34076 16.20922 16.1716 7
1237679436136120324 16.0358249971791 -1.48459497650445 18.06586 17.10966 16.72014 16.56594 16.50389 7
1237680097013989393 19.0672417007642 3.1591919619702 16.69449 15.68267 15.33844 15.22406 15.16923 7
1237680097551122483 19.6818959303254 3.60308428183526 18.0972 17.15288 16.83315 16.7432 16.73741 7
1237680099160686671 17.2286363886649 1.41778092179457 17.30827 16.38775 16.04806 15.91154 15.9159 7
1237679436135858180 15.436689134494 -1.59300461155174 17.38046 16.37757 15.998 15.84946 15.78376 7
1237680099161079814 18.0884196711539 1.59193654021328 17.56175 16.59281 16.18231 16.05749 16.02489 7
1237680099161276605 18.603013311477 1.53895172085599 17.58772 16.59817 16.2095 16.07253 16.04974 7
1237680099161997314 20.1564461891153 1.45017314637251 17.70936 16.78405 16.47939 16.33841 16.27952 7
1237680099698278458 18.9162123355398 1.88008475775651 17.592 16.66965 16.39803 16.29774 16.27994 7
1237680100236263448 21.4033885017524 2.32872853562724 18.24773 17.26136 16.93655 16.80492 16.76424 7
1237680100771954742 18.6817570450673 2.68644795165052 17.37971 16.43962 16.14162 16.01839 16.01227 7
1237680100771364877 17.3327888485664 2.85815062056663 17.78376 16.81866 16.44358 16.30761 16.2847 7
1237680100772085795 19.010153875425 2.77463961985385 18.62062 17.58962 17.19058 17.08462 16.99308 7
1237680100771889219 18.5934504774899 2.75222456171894 18.45359 17.45706 17.13616 17.01143 16.9528 7
1237680100772872285 20.7826459733656 2.81741950186229 17.76145 16.80996 16.52974 16.37708 16.37528 7
1237680100773396520 22.0045576962362 2.60927801090305 18.17445 17.18152 16.89757 16.76302 16.72192 7
