1237652628565590046 9.01995899617667 -11.0589907289362 17.27623 16.37737 15.98786 15.87376 15.83346 8
1237652628566900804 12.1272704069702 -11.0772624634535 18.28112 17.38825 17.05078 16.97577 16.89621 8
1237652629104099367 12.8076221003979 -10.6851559836832 17.61889 16.69639 16.40391 16.29131 16.28282 8
1237652629104295952 13.270501468173 -10.6745673011975 17.23666 16.34936 16.06752 15.95444 15.91896 8
1237652629638545473 7.23924520931745 -10.258517086546 17.72215 16.89184 16.55502 16.43757 16.39281 8
1237652629638938638 8.08688433984624 -10.3457685640289 17.12116 16.23009 15.96392 15.85054 15.841 8
1237652629638283351 6.65945281565989 -10.2711805084818 18.54958 17.59906 17.26871 17.14411 17.12113 8
1237652629638676505 7.50556115234386 -10.2188302114256 18.38767 17.53256 17.18684 17.04699 17.04995 8
1237652629641035780 12.9423003338446 -10.1915073473843 18.46363 17.59188 17.22087 17.13738 17.04873 8
1237652629641494545 13.9932815826434 -10.1848230685303 17.64167 16.73415 16.38533 16.26604 16.23261 8
1237652630712680544 8.11575346785072 -9.36223861346053 18.53236 17.60054 17.25009 17.17071 17.12715 8
1237652900751409198 7.69893596287778 -9.88099563012411 18.15256 17.22249 16.90072 16.79324 16.72765 8
1237652900752654346 10.5440397760198 -9.76951598084916 17.81306 16.94468 16.65705 16.54074 16.50821 8
1237652900754161715 14.0275713863652 -9.7463145566728 17.60074 16.68797 16.32253 16.18359 16.13025 8
1237652901826396175 10.5006988588217 -9.07783825455563 17.27544 16.36699 16.0234 15.89817 15.82669 8
1237652901827903515 14.057534031262 -8.98741640427566 18.60477 17.64328 17.26284 17.0951 17.02174 8
1237652946382094377 9.17583020042619 -11.0011504705828 17.12241 16.22041 15.87751 15.77591 15.74244 8
1237652946382815284 10.8466984639465 -10.9765649092492 18.46305 17.54544 17.2224 17.09496 17.03945 8
1237652946383601675 12.5772831976927 -10.8855425276825 18.08939 17.26306 16.92205 16.80524 16.73821 8
1237652946384060427 13.7098556247995 -10.7316305331269 17.31364 16.4051 16.07423 15.96569 15.95098 8
1237652946918178831 7.24644249436582 -10.5200824145804 17.80891 16.89935 16.54938 16.43 16.36414 8
1237652946919227439 9.75271700354976 -10.4825064997653 18.1939 17.25571 16.93144 16.83202 16.77551 8
1237652946921062406 13.9231070417226 -10.374968673588 17.59281 16.75412 16.41114 16.33984 16.27271 8
1237652947455770671 8.91715627392342 -10.0548106610792 18.08739 17.16948 16.86802 16.77119 16.76806 8
1237652947454984264 7.15204618531028 -10.0388391776797 17.11181 16.20275 15.84217 15.6798 15.6162 8
1237652947455639554 8.6032713799639 -10.1281208785498 17.90147 17.02613 16.72854 16.60249 16.58652 8
1237652947455705115 8.8241247122554 -10.1378136752908 18.29901 17.4618 17.15649 17.06679 17.01154 8
1237652947456032875 9.64253542408213 -10.0659059769193 17.80412 16.91924 16.60973 16.53178 16.4661 8
1237652947457605650 13.1748874631033 -9.92231467384722 17.62424 16.69065 16.38148 16.24936 16.22902 8
1237652947992051853 7.65522170135466 -9.71902402189679 17.55475 16.67471 16.3248 16.18456 16.13292 8
1237652947992051857 7.66494202816587 -9.65929197408625 17.91634 17.01488 16.71015 16.58545 16.53989 8
1237652947991658505 6.61773704202311 -9.61430870300696 18.24065 17.30396 16.9956 16.86606 16.84621 8
1237652947457605638 13.1543910903727 -10.057105653193 17.20944 16.31605 16.02849 15.91412 15.89118 8
1237652947992379444 8.34130198888644 -9.65374631517306 17.22538 16.2977 15.95216 15.86332 15.82858 8
1237652947993231374 10.2622547416668 -9.68131456303631 17.28537 16.36183 16.07158 15.96043 15.93915 8
1237652947992969267 9.7564373602832 -9.56860034555314 18.43252 17.51059 17.20909 17.09868 17.02974 8
1237652947992444944 8.45131490061053 -9.76680148890622 17.26621 16.34942 15.96383 15.84388 15.81578 8
1237652947994083380 12.3238592924248 -9.57911392050689 18.07337 17.19426 16.8014 16.66016 16.63523 8
1237652947994279971 12.7767547001848 -9.58814426515099 18.2749 17.3791 17.08131 16.97153 16.96811 8
1237652947994345481 12.8900238735341 -9.54232773937522 18.35248 17.4691 17.15249 17.06184 17.03 8
1237652948528463969 6.54707859943267 -9.20912228461036 16.5984 15.70597 15.36227 15.22322 15.16579 8
1237652947994738719 13.8666274266567 -9.51333948283503 18.03258 17.19249 16.89933 16.79702 16.72125 8
1237652948530233487 10.6652669767335 -9.21039487069522 18.17046 17.29543 16.96376 16.82469 16.7872 8
1237652948530757666 11.8339595527786 -9.15601322583353 17.48894 16.59602 16.23969 16.08937 16.02608 8
1237652949067497484 11.4764201338458 -8.76217248827565 18.05025 17.14165 16.83123 16.739 16.70583 8
1237657353014476865 11.0950049203168 -5.99054330998462 17.5937 16.68446 16.3174 16.16903 16.13014 8
1237657353014673439 11.0737059917943 -5.5348885120624 17.72443 16.75776 16.40902 16.29954 16.24963 8
1237679077520113730 10.9089556553014 -5.42552588605251 18.64412 17.68386 17.30001 17.13349 17.08056 8
1237679077520113686 10.9156776849919 -5.59767809424269 18.37765 17.48079 17.06084 16.95959 16.89202 8
1237679321775865928 8.14414699225398 -6.10608198656068 18.07765 17.17063 16.86149 16.74833 16.74039 8
1237680120636506126 8.53589135191309 -8.43055285634256 16.86923 15.93233 15.57186 15.45928 15.42177 8
1237680121172918281 7.51920785237118 -8.11701943338271 18.07454 17.1822 16.82441 16.69963 16.67847 8
1237680121173377074 8.57955715517475 -8.09783457900437 18.16923 17.28541 16.9868 16.87303 16.83428 8
1237680121173442700 8.79574103226778 -8.04491136419594 18.54418 17.61265 17.26902 17.13914 17.09898 8
1237680121709723675 7.36882787589076 -7.59386650359027 17.02854 16.12999 15.83142 15.66673 15.63955 8
1237680121710510092 9.12575176960024 -7.55913609208659 18.00716 17.08085 16.70873 16.56373 16.50787 8
1237680121710706732 9.62943006157155 -7.5784768705842 18.34131 17.3902 17.02117 16.88006 16.83289 8
1237680122783662146 7.87912106864583 -6.72322681710179 18.67409 17.72827 17.35161 17.23502 17.18896 8
1237680122785366022 11.6670906823182 -6.65111170602318 18.63964 17.67524 17.30411 17.20568 17.14439 8
1237680122785890323 12.9094867263632 -6.64788868662661 17.76323 16.87369 16.48172 16.34868 16.31355 8
1237680123320926210 8.66541447132524 -6.33334951394333 16.40985 15.5284 15.23752 15.13912 15.10521 8
1237680123322302472 11.8162733680958 -6.29502557789469 17.17433 16.1939 15.83183 15.67527 15.62585 8
1237680240916693033 7.26217566243822 -8.67529730413511 18.30596 17.39817 17.04951 16.92003 16.87659 8
1237680240916430850 6.61101389732106 -8.65255911467728 18.13062 17.22458 16.91443 16.77091 16.75735 8
1237680240918003725 10.2570424271597 -8.54790421023188 17.01896 16.10249 15.75036 15.64684 15.60096 8
1237680241454678084 9.85436641478323 -8.30427790284825 18.02511 17.11916 16.84269 16.72007 16.68251 8
1237680241455661067 12.0413270344116 -8.10625209366728 18.44767 17.52856 17.23749 17.14728 17.12574 8
1237680241454874626 10.2343748230006 -8.15346628523531 18.44424 17.56704 17.207 17.11346 17.0834 8
1237680241455595562 11.9222138043574 -8.27569381241909 17.17095 16.2706 15.92848 15.78276 15.73307 8
1237680241991286790 9.17576032318306 -7.71489439324452 17.529 16.61362 16.24054 16.15644 16.09073 8
1237680241991352445 9.41831178545391 -7.80347460947332 18.48231 17.5579 17.22791 17.12564 17.06992 8
1237680242527305760 7.23582210746244 -7.38593415994397 17.44735 16.54049 16.20009 16.09821 16.0543 8
1237680242528419906 9.8744779691704 -7.28369288022078 17.28161 16.40299 16.02365 15.90064 15.8812 8
1237680243064176683 7.24220932318001 -7.01768206889951 18.10273 17.20494 16.83539 16.68713 16.65081 8
1237680243065684058 10.7131263230569 -6.98182344902059 18.35208 17.42673 17.11738 16.97279 16.95826 8
1237652628566573076 11.304073419579 -11.1171789914039 16.83608 15.8862 15.60622 15.48595 15.47928 7
1237652628566769752 11.8007220367361 -11.0533168148337 17.56045 16.61874 16.34565 16.26099 16.24103 7
1237652629101936657 7.77034168736229 -10.7265539445155 17.88839 16.96927 16.71807 16.61068 16.63276 7
1237652629103837248 12.2739535975771 -10.6306387718283 18.40616 17.44065 17.11303 17.01542 17.00077 7
1237652629103181844 10.6863845960397 -10.7688822138881 18.67341 17.70396 17.30541 17.1691 17.11684 7
1237652629103443994 11.3024321322986 -10.6389062431905 18.3883 17.49958 17.268 17.1477 17.1118 7
1237652629641363499 13.7978355078508 -10.1523772553152 16.58606 15.63421 15.32722 15.23243 15.16047 7
1237652630713401417 9.82920572640568 -9.5208204414319 17.32731 16.3246 15.93779 15.78535 15.73569 7
1237652630714449922 12.1335344854828 -9.44506258674325 17.72651 16.74407 16.45205 16.37007 16.31158 7
1237652631249027157 6.85280100803138 -8.94579476410229 18.63398 17.65874 17.29809 17.14982 17.11563 7
1237652900751409180 7.63201967488214 -9.88102823018365 17.98824 16.99197 16.68525 16.57073 16.5148 7
1237652900752588822 10.3665170146635 -9.85926528288326 17.21081 16.21623 15.91908 15.84684 15.8087 7
1237652900751015977 6.74110504670705 -9.99567623097649 18.62861 17.65817 17.32242 17.21251 17.16709 7
1237652900752588804 10.3084972160989 -9.82946054885824 17.47046 16.5386 16.22268 16.0542 16.01348 7
1237652900752654340 10.4592374847213 -9.89104264641013 17.94567 16.99477 16.65436 16.50471 16.46438 7
1237652900753309731 12.0588200138361 -9.81646287799705 16.76278 15.80593 15.42849 15.32442 15.26926 7
1237652900753637410 12.7718116258289 -9.8630030341185 18.6026 17.62154 17.29237 17.19847 17.1229 7
1237652901825609757 8.67012135696044 -9.12242674954941 18.51707 17.59271 17.20697 17.07208 16.97398 7
1237652901825871882 9.25818810827892 -9.02798403388175 17.54784 16.60052 16.24107 16.12153 16.01643 7
1237652901825937513 9.46104329900197 -8.94850013766869 18.48725 17.58213 17.33714 17.23771 17.24276 7
1237652901826461711 10.6506890465369 -9.06761968345836 18.40044 17.40225 16.99269 16.84288 16.81574 7
1237652901827772426 13.693346864231 -8.88167699961688 16.42914 15.46653 15.15889 15.04663 14.98807 7
1237652946381963317 8.82720364144694 -10.9543314283936 18.16211 17.21077 16.93303 16.82963 16.79596 7
1237652946381438978 7.52888297986313 -10.8500083405083 16.75592 15.78215 15.40801 15.26873 15.2224 7
1237652946381701172 8.23376405104666 -10.9647424708374 17.67382 16.7179 16.27243 16.114 16.05569 7
1237652946381176898 7.00450443011574 -11.0417056679592 16.89186 15.92102 15.66388 15.533 15.49673 7
1237652946383142954 11.5959379690234 -10.7763711407548 16.98605 16.0156 15.65798 15.5132 15.48687 7
1237652946383339608 11.9791605607061 -10.9509148138241 17.57775 16.60821 16.31837 16.20406 16.18412 7
1237652946383601682 12.6302525948348 -10.8516352344526 18.03811 17.05805 16.70939 16.56063 16.51462 7
1237652946384125969 13.8174586995192 -10.7629667161073 18.60629 17.6653 17.32247 17.24498 17.22137 7
1237652946919489633 10.342013529198 -10.4096067114339 17.87364 16.89295 16.55486 16.42323 16.36745 7
1237652946920210434 11.9404605551032 -10.4442239186825 17.84553 16.90396 16.57585 16.47772 16.45289 7
1237652946920538175 12.8453539585523 -10.4967430336573 18.44381 17.52839 17.12031 16.99992 16.95708 7
1237652946920603712 12.9608473060176 -10.4940962260247 17.9229 16.92971 16.56603 16.47236 16.41925 7
1237652947455770691 8.95009218155292 -10.1629519478434 16.9768 15.98461 15.60357 15.49581 15.43564 7
1237652947456425994 10.4203972379021 -10.0856009305039 18.54702 17.57009 17.19084 17.03165 17.01971 7
1237652947456557075 10.7359421330158 -10.0953736866001 17.40838 16.48508 16.24197 16.14995 16.1314 7
1237652947457474602 12.9779251703208 -10.0455073711905 18.03456 17.03094 16.71853 16.60165 16.59291 7
1237652947457540212 13.1237821808078 -10.1114951026887 17.89371 16.91479 16.65027 16.53869 16.50041 7
1237652947991986210 7.50811855175093 -9.6451446634125 17.97721 16.97559 16.60162 16.4508 16.44991 7
1237652947991789591 7.00846798289025 -9.71681832188656 17.57938 16.59283 16.2044 16.05059 15.99316 7
1237652947992576042 8.82351169997531 -9.74058123647584 18.38261 17.51525 17.22992 17.13405 17.16062 7
1237652947993034784 9.83715989561047 -9.64774749833422 17.37354 16.37955 16.05697 15.9072 15.87565 7
1237652947992444946 8.46211050640181 -9.64464463284644 17.90419 16.97701 16.58172 16.42447 16.35563 7
1237652947993034758 9.80232592313861 -9.72854410476272 17.5745 16.61572 16.33393 16.20967 16.16451 7
1237652947994279967 12.7547517980011 -9.55584245943326 17.83782 16.861 16.50516 16.35154 16.32504 7
1237652947994607625 13.4536706700263 -9.55573411956345 16.3818 15.44837 15.02957 14.91623 14.92473 7
1237652948528594946 6.75547878798922 -9.29445053755041 18.38989 17.37932 17.04762 16.92348 16.89855 7
1237652948528726079 7.16785564321918 -9.20032320168564 18.47064 17.505 17.0757 16.90397 16.80837 7
1237652948529119269 8.04825964528756 -9.20975775996224 17.96392 17.03181 16.66494 16.52837 16.45928 7
1237652948530233491 10.6895216091201 -9.31339758225104 18.14668 17.13235 16.78423 16.61468 16.59235 7
1237652948529709081 9.36342529244179 -9.31762992014278 16.4636 15.50797 15.13462 15.05611 14.99112 7
1237652948530364479 10.9863690133292 -9.12777156783271 17.09529 16.09792 15.79887 15.71292 15.70595 7
1237652948530954278 12.3373172714546 -9.14887065125478 18.16295 17.18078 16.83583 16.69323 16.663 7
1237652948531216414 12.8857886451771 -9.12382816924473 17.40288 16.4711 16.18375 16.07588 16.05936 7
1237652949066907665 10.0892113678337 -8.84242873815302 18.28374 17.31485 16.91383 16.74517 16.65158 7
1237652949067169844 10.7763325617595 -8.73191332139675 17.84956 16.82995 16.51051 16.39904 16.35591 7
1237652949067431994 11.3862578985941 -8.81241174503719 18.35969 17.35106 17.03111 16.91827 16.86291 7
1237652949067628566 11.8333585528337 -8.83523643505047 17.22751 16.27678 16.00193 15.89749 15.89145 7
1237652949067300902 11.0805693351663 -8.78778000304088 18.20811 17.20942 16.86626 16.7308 16.64366 7
1237652949067300906 11.099435357473 -8.79619796124086 17.56173 16.60414 16.3024 16.19539 16.15396 7
1237652949068152836 12.9781375040708 -8.78130016038397 17.50392 16.51914 16.25689 16.19417 16.16036 7
1237679076983373905 11.1635612132556 -5.92341608619898 18.51422 17.54268 17.14822 16.99173 16.90189 7
1237679076983701517 11.95132385483 -5.92955323162468 16.54364 15.47206 15.07766 14.9203 14.83518 7
1237679321776128029 8.71421469645851 -6.04143992125476 18.35546 17.37238 17.01069 16.88423 16.86331 7
1237679321777766431 12.5356600744064 -6.05745020521548 18.69379 17.72295 17.34183 17.13379 17.1233 7
1237679322313457705 9.77307134875471 -5.75224947310591 17.96869 17.06971 16.57668 16.38572 16.30487 7
1237680120635981847 7.35134100990361 -8.45887981509262 16.45535 15.45136 15.08686 14.93903 14.91697 7
1237680120636047374 7.49448872998914 -8.33836700763782 18.12998 17.16562 16.78877 16.6811 16.62897 7
1237680120638537886 13.2914238462336 -8.39733735648243 18.8348 17.80935 17.37463 17.22187 17.17327 7
1237680120638341122 12.7778638136446 -8.39571110529525 16.36253 15.35369 14.976 14.7973 14.73938 7
1237680121173966865 9.89045080344781 -7.924737454796 18.23093 17.20303 16.8852 16.755 16.68828 7
1237680121175474178 13.3909454792034 -7.85190682067291 18.66959 17.59937 17.19382 17.02772 16.96096 7
1237680121175539736 13.5219947174949 -7.99301255436333 17.60478 16.60335 16.24912 16.08569 16.02515 7
1237680121175736361 14.0059430466102 -7.83934071208898 18.42828 17.37519 16.96646 16.8092 16.76166 7
1237680121709789215 7.51700618862603 -7.50567133429938 18.12193 17.12565 16.85705 16.72354 16.68509 7
1237680121711165523 10.6630885590272 -7.49096107094091 18.60735 17.67432 17.20356 17.07673 17.00198 7
1237680122246791183 7.83785592302577 -7.12726169763911 17.8733 16.9235 16.588 16.43306 16.41228 7
1237680122246987841 8.3137619078105 -7.27471764176786 18.36887 17.38113 17.06891 16.95368 16.93533 7
1237680122247970900 10.5176866888157 -7.12635433330312 18.4985 17.63706 17.18378 17.03417 16.95124 7
1237680122248429606 11.6523888787147 -7.05700639129007 17.71877 16.71948 16.29917 16.18197 16.10199 7
1237680122248495136 11.6950201705767 -7.08792789511571 17.55542 16.54246 16.12892 16.00322 15.91206 7
1237680122248953950 12.8512661425133 -7.03577152796141 18.45917 17.58159 17.29825 17.17363 17.0997 7
1237680122249084944 13.0775883526522 -7.05832037272915 17.9333 16.96996 16.66945 16.57758 16.5269 7
1237680122783465484 7.32022937737078 -6.84518101751922 17.08983 16.12782 15.83709 15.68503 15.67212 7
1237680122784579672 9.89650292293778 -6.77888783922653 18.82374 17.8514 17.46019 17.26247 17.11493 7
1237680122784579604 9.8960356989158 -6.70262186409427 18.502 17.52531 17.18668 17.05861 17.0447 7
1237680122784841854 10.5881447451075 -6.67026173577193 18.75581 17.71188 17.31619 17.15902 17.12593 7
1237680122785038405 10.9677435578509 -6.71224132968841 17.55643 16.55419 16.11303 15.9376 15.88961 7
1237680122785497126 12.070684558603 -6.64976464889114 17.29246 16.25051 15.84534 15.68908 15.61759 7
1237680122786152471 13.5596455567387 -6.77930574031112 18.70853 17.6449 17.27014 17.13966 17.08011 7
1237680123320598530 7.9033582082828 -6.30215178586215 16.87976 15.99951 15.75123 15.62451 15.60554 7
1237680123321974810 11.1924244871745 -6.27375386778598 17.84732 16.8121 16.40569 16.23656 16.1863 7
1237680123321974816 11.1966179257349 -6.39109532574822 16.74218 15.66889 15.30892 15.15693 15.09909 7
1237680123322105922 11.4738319378716 -6.37776919425076 18.77706 17.80082 17.37672 17.18268 17.1151 7
1237680123322368088 12.0417176567868 -6.35807996673974 18.64076 17.6345 17.19844 17.00923 16.90842 7
1237680240917020697 8.01503474695227 -8.55687613903841 17.29058 16.33964 16.03397 15.90419 15.87089 7
1237680240918331479 11.0739865659233 -8.67798771744532 18.56086 17.56561 17.26579 17.18375 17.11721 7
1237680240919117954 12.926965844836 -8.67130528706664 17.92296 16.97946 16.69398 16.57819 16.53566 7
1237680240918855700 12.2723448345483 -8.67250943883964 18.41576 17.4346 17.1079 17.00188 16.95386 7
1237680240919052389 12.738422047182 -8.61240850411429 17.73305 16.72056 16.36473 16.20711 16.14746 7
1237680240919052395 12.7537197124614 -8.49337328864221 17.70735 16.71222 16.36686 16.25264 16.18555 7
1237680240919248898 13.1129595367804 -8.49422132353297 17.88439 16.85778 16.43804 16.29824 16.24557 7
1237680240919511093 13.8261261499525 -8.59472263981125 18.6957 17.63166 17.19245 16.98107 16.8835 7
1237680241454415913 9.29206395251096 -8.13143515591008 17.99011 17.06271 16.80476 16.70831 16.69646 7
1237680241453826063 7.88691769142451 -8.30019500247372 18.65962 17.68228 17.26688 17.17852 17.16104 7
1237680241454940197 10.4822763043022 -8.28932761401244 18.23544 17.21751 16.84613 16.728 16.69416 7
1237680241456316490 13.618645558047 -8.06427332216836 17.981 17.00461 16.57738 16.43191 16.36159 7
1237680241990434881 7.30419723844126 -7.8959824678154 17.86057 16.9487 16.71403 16.6439 16.55679 7
1237680241990631433 7.69516437626882 -7.70746209234924 16.35064 15.33143 14.93929 14.80806 14.77745 7
1237680241991483418 9.69410989197961 -7.80268313219036 17.90434 16.94451 16.62381 16.51574 16.46456 7
1237680241992794147 12.7507720216606 -7.75699420246712 16.92882 15.95905 15.64998 15.54995 15.49903 7
1237680241992335423 11.7128161826795 -7.76298100627629 18.36239 17.51142 17.29451 17.22419 17.18736 7
1237680241991614470 9.97783838886849 -7.78990336869808 18.27873 17.44281 17.16367 17.07866 17.01195 7
1237680241993252868 13.717282271925 -7.69732356198854 17.9334 16.91508 16.47032 16.30189 16.22093 7
1237680242527371286 7.40640346211691 -7.46925869348302 17.36199 16.39237 16.07737 15.96992 15.86639 7
1237680242528157722 9.22136521915827 -7.29197881216364 18.22658 17.25147 16.90071 16.75375 16.74055 7
1237680242528551053 10.1911053053328 -7.46200272873755 17.56902 16.51842 16.17336 15.98621 15.95871 7
1237680242528288807 9.45830616675599 -7.36705996244182 17.03321 16.10048 15.86464 15.76373 15.75281 7
1237680242529468432 12.1989290620717 -7.41653369909547 17.34771 16.46617 16.21188 16.07545 16.03776 7
1237680243064504333 7.99535980824783 -7.03379271606556 18.28493 17.28265 16.97575 16.84539 16.84078 7
1237680243065028641 9.27024922841554 -7.03614314208296 16.98586 16.07587 15.79245 15.63812 15.61096 7
1237680243064569927 8.1953758021837 -6.91035196719344 18.37652 17.3754 17.00043 16.87699 16.81482 7
1237680243066404888 12.3673082455196 -6.90743627616542 18.28325 17.33521 17.05256 16.90256 16.86108 7
1237680243601571846 8.4071813311667 -6.61468418108163 18.46335 17.53761 17.16251 17.00288 16.92457 7
1237680243601571864 8.47899499917601 -6.48973770064423 17.61447 16.67587 16.3834 16.28369 16.28056 7
1237680243602423916 10.4256519407701 -6.42704943753303 18.48871 17.46817 17.02272 16.84149 16.7537 7
1237680243603275805 12.4338999648565 -6.42307897292419 18.41171 17.52757 17.21394 17.1328 17.07622 7
1237680243603603464 13.1082749399423 -6.47717698276697 18.17839 17.18396 16.75766 16.60426 16.51288 7
1237680263466451014 6.97115132739353 -7.5981015485784 18.34535 17.36664 17.02389 16.86041 16.8646 7
1237680243603406876 12.6594297781503 -6.58566539145201 17.29426 16.23385 15.89216 15.77087 15.69186 7
