*HD111721h
*
*  Heap STIS not version 2
set .z.units = "Ergs/s/cm**2/A"
set .z.label = "Flux"
set .table.bandwidth = 2.74
*
     2950.00    4.09577E-13
     2952.74    4.60952E-13
     2955.48    4.74256E-13
     2958.22    4.92612E-13
     2960.96    4.92065E-13
     2963.70    4.83924E-13
     2966.44    3.45336E-13
     2969.18    3.86857E-13
     2971.92    4.16556E-13
     2974.66    4.90656E-13
     2977.40    5.74288E-13
     2980.14    4.68350E-13
     2982.88    3.78473E-13
     2985.62    3.63251E-13
     2988.36    4.58528E-13
     2991.10    5.55834E-13
     2993.84    4.95075E-13
     2996.58    5.23448E-13
     2999.32    4.64411E-13
     3002.06    3.91855E-13
     3004.80    4.73985E-13
     3007.54    4.80376E-13
     3010.28    5.41592E-13
     3013.02    5.40313E-13
     3015.76    5.02941E-13
     3018.50    4.30836E-13
     3021.24    3.84605E-13
     3023.98    5.37432E-13
     3026.72    5.59391E-13
     3029.46    5.87508E-13
     3032.20    5.88889E-13
     3034.94    6.28474E-13
     3037.68    5.89075E-13
     3040.42    5.65623E-13
     3043.16    5.60739E-13
     3045.90    6.00079E-13
     3048.64    5.90257E-13
     3051.38    6.49556E-13
     3054.12    6.19403E-13
     3056.86    5.22252E-13
     3059.60    4.57404E-13
     3062.34    5.12165E-13
     3065.08    4.47482E-13
     3067.82    4.58961E-13
     3070.56    5.10609E-13
     3073.30    5.53565E-13
     3076.04    5.75689E-13
     3078.78    5.78769E-13
     3081.52    5.73582E-13
     3084.26    5.85054E-13
     3087.00    5.40715E-13
     3089.74    4.78144E-13
     3092.48    4.54640E-13
     3095.22    4.67680E-13
     3097.96    4.55319E-13
     3100.70    4.34757E-13
     3103.44    5.37046E-13
     3106.18    6.26688E-13
     3108.92    6.56853E-13
     3111.66    6.68460E-13
     3114.40    6.68845E-13
     3117.14    5.90506E-13
     3119.88    5.24957E-13
     3122.62    5.24662E-13
     3125.36    5.33608E-13
     3128.10    5.28267E-13
     3130.84    5.51663E-13
     3133.58    5.62043E-13
     3136.32    5.76386E-13
     3139.06    6.16663E-13
     3141.80    5.80033E-13
     3144.54    4.86414E-13
     3147.28    5.06108E-13
     3150.02    6.01619E-13
     3152.76    6.15480E-13
     3155.50    5.41236E-13
     3158.24    4.46647E-13
     3160.98    4.36639E-13
     3163.72    4.98538E-13
     3166.46    5.63337E-13
     3169.20    6.12408E-13
     3171.94    6.96186E-13
     3174.68    7.29759E-13
     3177.42    6.79813E-13
     3180.16    5.72415E-13
     3182.90    5.17010E-13
     3185.64    5.44633E-13
     3188.38    6.15132E-13
     3191.12    5.83008E-13
     3193.86    5.49724E-13
     3196.60    6.21787E-13
     3199.34    6.96818E-13
     3202.08    7.25588E-13
     3204.82    7.51980E-13
     3207.56    7.43351E-13
     3210.30    6.56811E-13
     3213.04    5.80228E-13
     3215.78    6.19927E-13
     3218.52    6.97793E-13
     3221.26    7.07578E-13
     3224.00    6.73056E-13
     3226.74    6.27786E-13
     3229.48    6.02084E-13
     3232.22    6.06958E-13
     3234.96    5.94738E-13
     3237.70    6.15595E-13
     3240.44    6.83723E-13
     3243.18    7.36430E-13
     3245.92    7.68400E-13
     3248.66    7.49540E-13
     3251.40    7.19374E-13
     3254.14    7.62935E-13
     3256.88    8.47857E-13
     3259.62    9.17867E-13
     3262.36    8.99968E-13
     3265.10    8.67382E-13
     3267.84    8.95012E-13
     3270.58    8.85540E-13
     3273.32    8.58773E-13
     3276.06    8.46278E-13
     3278.80    8.35723E-13
     3281.54    8.47208E-13
     3284.28    8.65980E-13
     3287.02    8.44094E-13
     3289.76    8.77176E-13
     3292.50    9.81163E-13
     3295.24    1.02259E-12
     3297.98    1.01310E-12
     3300.72    9.88894E-13
     3303.46    9.43564E-13
     3306.20    9.03576E-13
     3308.94    9.08511E-13
     3311.68    9.18333E-13
     3314.42    9.14039E-13
     3317.16    9.27793E-13
     3319.90    9.17470E-13
     3322.64    8.64914E-13
     3325.38    8.77138E-13
     3328.12    9.01970E-13
     3330.86    9.04829E-13
     3333.60    8.90393E-13
     3336.34    8.49681E-13
     3339.08    8.59430E-13
     3341.82    8.76516E-13
     3344.56    9.16614E-13
     3347.30    8.99893E-13
     3350.04    8.46605E-13
     3352.78    9.02046E-13
     3355.52    9.57890E-13
     3358.26    8.40558E-13
     3361.00    6.84828E-13
     3363.74    7.79015E-13
     3366.48    8.90249E-13
     3369.22    8.18516E-13
     3371.96    7.52728E-13
     3374.70    8.38219E-13
     3377.44    9.28722E-13
     3380.18    8.69850E-13
     3382.92    8.43966E-13
     3385.66    9.09782E-13
     3388.40    9.49915E-13
     3391.14    9.19246E-13
     3393.88    8.95046E-13
     3396.62    9.74054E-13
     3399.36    1.06480E-12
     3402.10    1.04642E-12
     3404.84    9.97705E-13
     3407.58    9.67695E-13
     3410.32    9.62416E-13
     3413.06    9.43293E-13
     3415.80    9.41111E-13
     3418.54    1.00625E-12
     3421.28    1.04733E-12
     3424.02    1.03307E-12
     3426.76    1.03450E-12
     3429.50    1.07966E-12
     3432.24    1.07703E-12
     3434.98    1.04227E-12
     3437.72    1.03575E-12
     3440.46    9.12279E-13
     3443.20    8.21719E-13
     3445.94    8.99294E-13
     3448.68    1.01028E-12
     3451.42    1.04330E-12
     3454.16    1.03466E-12
     3456.90    1.03901E-12
     3459.64    9.91942E-13
     3462.38    9.84665E-13
     3465.12    1.02349E-12
     3467.86    1.04481E-12
     3470.60    1.07573E-12
     3473.34    1.00761E-12
     3476.08    9.02581E-13
     3478.82    9.40321E-13
     3481.56    1.02685E-12
     3484.30    1.04872E-12
     3487.04    1.07231E-12
     3489.78    1.03667E-12
     3492.52    9.64265E-13
     3495.26    9.41382E-13
     3498.00    9.63525E-13
     3500.74    1.08945E-12
     3503.48    1.14836E-12
     3506.22    1.09500E-12
     3508.96    1.06106E-12
     3511.70    1.03699E-12
     3514.44    1.01629E-12
     3517.18    1.06827E-12
     3519.92    1.08471E-12
     3522.66    9.79279E-13
     3525.40    9.16103E-13
     3528.14    9.64542E-13
     3530.88    1.08492E-12
     3533.62    1.12327E-12
     3536.36    1.15481E-12
     3539.10    1.17924E-12
     3541.84    1.19243E-12
     3544.58    1.18691E-12
     3547.32    1.18942E-12
     3550.06    1.18817E-12
     3552.80    1.16136E-12
     3555.54    1.13237E-12
     3558.28    1.15702E-12
     3561.02    1.16059E-12
     3563.76    1.11573E-12
     3566.50    1.01137E-12
     3569.24    9.45022E-13
     3571.98    9.58923E-13
     3574.72    1.02038E-12
     3577.46    1.03939E-12
     3580.20    9.88617E-13
     3582.94    9.24420E-13
     3585.68    9.26269E-13
     3588.42    9.10167E-13
     3591.16    1.02597E-12
     3593.90    1.13115E-12
     3596.64    1.17412E-12
     3599.38    1.21619E-12
     3602.12    1.16719E-12
     3604.86    1.09043E-12
     3607.60    1.06495E-12
     3610.34    1.02063E-12
     3613.08    1.04314E-12
     3615.82    1.07589E-12
     3618.56    1.03276E-12
     3621.30    1.01801E-12
     3624.04    1.14799E-12
     3626.78    1.20435E-12
     3629.52    1.16413E-12
     3632.26    1.02998E-12
     3635.00    1.00727E-12
     3637.74    1.08755E-12
     3640.48    1.17543E-12
     3643.22    1.13943E-12
     3645.96    1.06014E-12
     3648.70    1.06793E-12
     3651.44    1.12764E-12
     3654.18    1.20577E-12
     3656.92    1.25297E-12
     3659.66    1.27807E-12
     3662.40    1.25102E-12
     3665.14    1.23822E-12
     3667.88    1.22243E-12
     3670.62    1.19429E-12
     3673.36    1.24291E-12
     3676.10    1.24787E-12
     3678.84    1.18191E-12
     3681.58    1.15221E-12
     3684.32    1.18897E-12
     3687.06    1.16582E-12
     3689.80    1.19341E-12
     3692.54    1.27448E-12
     3695.28    1.28470E-12
     3698.02    1.32161E-12
     3700.76    1.36929E-12
     3703.50    1.29192E-12
     3706.24    1.12257E-12
     3708.98    1.14237E-12
     3711.72    1.23258E-12
     3714.46    1.37103E-12
     3717.20    1.38881E-12
     3719.94    1.18550E-12
     3722.68    1.05166E-12
     3725.42    1.22772E-12
     3728.16    1.32158E-12
     3730.90    1.27033E-12
     3733.64    1.08650E-12
     3736.38    9.57312E-13
     3739.12    1.12399E-12
     3741.86    1.29609E-12
     3744.60    1.21296E-12
     3747.34    1.05252E-12
     3750.08    1.01879E-12
     3752.82    1.21234E-12
     3755.56    1.39172E-12
     3758.30    1.31280E-12
     3761.04    1.23586E-12
     3763.78    1.35111E-12
     3766.52    1.36958E-12
     3769.26    1.31943E-12
     3772.00    1.34724E-12
     3774.74    1.44962E-12
     3777.48    1.49087E-12
     3780.22    1.55488E-12
     3782.96    1.60647E-12
     3785.70    1.55414E-12
     3788.44    1.41917E-12
     3791.18    1.39151E-12
     3793.92    1.38103E-12
     3796.66    1.27033E-12
     3799.40    1.25816E-12
     3802.14    1.46072E-12
     3804.88    1.59284E-12
     3807.62    1.55596E-12
     3810.36    1.56089E-12
     3813.10    1.50864E-12
     3815.84    1.36709E-12
     3818.58    1.34614E-12
     3821.32    1.28774E-12
     3824.06    1.27506E-12
     3826.80    1.16773E-12
     3829.54    1.16329E-12
     3832.28    1.11045E-12
     3835.02    1.01881E-12
     3837.76    1.05612E-12
     3840.50    1.14292E-12
     3843.24    1.34686E-12
     3845.98    1.49243E-12
     3848.72    1.50881E-12
     3851.46    1.49275E-12
     3854.20    1.50606E-12
     3856.94    1.42141E-12
     3859.68    1.33032E-12
     3862.42    1.41058E-12
     3865.16    1.55767E-12
     3867.90    1.54356E-12
     3870.64    1.44432E-12
     3873.38    1.28400E-12
     3876.12    1.34011E-12
     3878.86    1.34207E-12
     3881.60    1.39048E-12
     3884.34    1.33676E-12
     3887.08    1.22764E-12
     3889.82    1.19775E-12
     3892.56    1.31097E-12
     3895.30    1.35847E-12
     3898.04    1.39288E-12
     3900.78    1.39794E-12
     3903.52    1.37606E-12
     3906.26    1.34386E-12
     3909.00    1.41047E-12
     3911.74    1.48094E-12
     3914.48    1.47021E-12
     3917.22    1.41162E-12
     3919.96    1.32106E-12
     3922.70    1.22732E-12
     3925.44    1.14865E-12
     3928.18    8.69705E-13
     3930.92    5.29907E-13
     3933.66    3.47187E-13
     3936.40    4.30555E-13
     3939.14    7.27210E-13
     3941.88    1.00696E-12
     3944.62    1.16648E-12
     3947.36    1.30962E-12
     3950.10    1.37301E-12
     3952.84    1.43489E-12
     3955.58    1.45056E-12
     3958.32    1.40799E-12
     3961.06    1.28957E-12
     3963.80    9.55486E-13
     3966.54    6.21935E-13
     3969.28    4.39818E-13
     3972.02    6.56960E-13
     3974.76    1.04575E-12
     3977.50    1.37157E-12
     3980.24    1.54905E-12
     3982.98    1.58704E-12
     3985.72    1.64101E-12
     3988.46    1.74356E-12
     3991.20    1.74467E-12
     3993.94    1.76035E-12
     3996.68    1.70061E-12
     3999.42    1.71052E-12
     4002.16    1.76215E-12
     4004.90    1.75692E-12
     4007.64    1.71888E-12
     4010.38    1.82519E-12
     4013.12    1.85502E-12
     4015.86    1.84711E-12
     4018.60    1.83253E-12
     4021.34    1.84530E-12
     4024.08    1.83586E-12
     4026.82    1.87047E-12
     4029.56    1.84397E-12
     4032.30    1.75083E-12
     4035.04    1.77702E-12
     4037.78    1.89316E-12
     4040.52    1.90739E-12
     4043.26    1.83814E-12
     4046.00    1.71751E-12
     4048.74    1.83905E-12
     4051.48    1.88883E-12
     4054.22    1.87364E-12
     4056.96    1.84365E-12
     4059.70    1.85914E-12
     4062.44    1.84543E-12
     4065.18    1.77178E-12
     4067.92    1.83374E-12
     4070.66    1.88715E-12
     4073.40    1.82119E-12
     4076.14    1.78879E-12
     4078.88    1.72641E-12
     4081.62    1.87022E-12
     4084.36    1.87691E-12
     4087.10    1.92756E-12
     4089.84    2.02322E-12
     4092.58    1.99091E-12
     4095.32    1.93569E-12
     4098.06    1.82764E-12
     4100.80    1.67218E-12
     4103.54    1.64368E-12
     4106.28    1.84818E-12
     4109.02    1.90901E-12
     4111.76    1.92166E-12
     4114.50    1.98637E-12
     4117.24    2.00016E-12
     4119.98    1.92566E-12
     4122.72    1.92076E-12
     4125.46    1.94055E-12
     4128.20    1.91185E-12
     4130.94    1.89513E-12
     4133.68    1.84701E-12
     4136.42    1.94298E-12
     4139.16    2.01503E-12
     4141.90    1.94558E-12
     4144.64    1.86686E-12
     4147.38    1.96271E-12
     4150.12    1.93203E-12
     4152.86    1.92548E-12
     4155.60    1.89250E-12
     4158.34    1.95496E-12
     4161.08    2.01479E-12
     4163.82    2.02216E-12
     4166.56    2.02067E-12
     4169.30    1.97384E-12
     4172.04    1.85350E-12
     4174.78    1.82339E-12
     4177.52    1.87168E-12
     4180.26    1.94353E-12
     4183.00    1.92129E-12
     4185.74    1.91285E-12
     4188.48    1.88959E-12
     4191.22    1.93565E-12
     4193.96    1.96403E-12
     4196.70    1.90493E-12
     4199.44    1.84399E-12
     4202.18    1.84864E-12
     4204.92    1.87277E-12
     4207.66    1.93070E-12
     4210.40    1.97610E-12
     4213.14    1.97759E-12
     4215.88    1.90587E-12
     4218.62    1.91096E-12
     4221.36    1.95641E-12
     4224.10    1.82620E-12
     4226.84    1.64469E-12
     4229.58    1.83758E-12
     4232.32    1.93923E-12
     4235.06    1.89375E-12
     4237.80    1.83512E-12
     4240.54    1.88172E-12
     4243.28    1.89703E-12
     4246.02    1.89272E-12
     4248.76    1.80222E-12
     4251.50    1.84900E-12
     4254.24    1.87147E-12
     4256.98    1.88763E-12
     4259.72    1.82313E-12
     4262.46    1.84044E-12
     4265.20    1.93520E-12
     4267.94    1.87540E-12
     4270.68    1.76587E-12
     4273.42    1.70606E-12
     4276.16    1.78160E-12
     4278.90    1.83721E-12
     4281.64    1.77980E-12
     4284.38    1.77635E-12
     4287.12    1.67898E-12
     4289.86    1.62974E-12
     4292.60    1.72314E-12
     4295.34    1.65887E-12
     4298.08    1.45830E-12
     4300.82    1.29658E-12
     4303.56    1.27811E-12
     4306.30    1.29453E-12
     4309.04    1.22569E-12
     4311.78    1.32125E-12
     4314.52    1.64504E-12
     4317.26    1.99982E-12
     4320.00    2.03222E-12
     4322.74    1.83224E-12
     4325.48    1.69343E-12
     4328.22    1.91628E-12
     4330.96    2.01858E-12
     4333.70    2.03584E-12
     4336.44    1.94152E-12
     4339.18    1.69087E-12
     4341.92    1.69664E-12
     4344.66    1.92796E-12
     4347.40    2.00803E-12
     4350.14    1.98429E-12
     4352.88    1.87760E-12
     4355.62    1.92854E-12
     4358.36    1.96190E-12
     4361.10    2.01678E-12
     4363.84    2.03686E-12
     4366.58    2.02464E-12
     4369.32    1.97280E-12
     4372.06    1.98120E-12
     4374.80    1.88318E-12
     4377.54    1.92763E-12
     4380.28    1.96770E-12
     4383.02    1.80285E-12
     4385.76    1.78585E-12
     4388.50    1.89867E-12
     4391.24    1.93182E-12
     4393.98    1.96225E-12
     4396.72    1.98271E-12
     4399.46    1.98946E-12
     4402.20    1.99748E-12
     4404.94    1.96114E-12
     4407.68    1.98724E-12
     4410.42    2.07246E-12
     4413.16    2.13895E-12
     4415.90    2.06110E-12
     4418.64    2.11580E-12
     4421.38    2.17575E-12
     4424.12    2.16588E-12
     4426.86    2.14291E-12
     4429.60    2.14576E-12
     4432.34    2.14401E-12
     4435.08    2.09106E-12
     4437.82    2.17520E-12
     4440.56    2.17509E-12
     4443.30    2.08043E-12
     4446.04    2.14607E-12
     4448.78    2.17424E-12
     4451.52    2.16912E-12
     4454.26    2.09839E-12
     4457.00    2.07215E-12
     4459.74    2.09620E-12
     4462.48    2.12431E-12
     4465.22    2.15667E-12
     4467.96    2.15485E-12
     4470.70    2.15887E-12
     4473.44    2.26454E-12
     4476.18    2.26676E-12
     4478.92    2.25083E-12
     4481.66    2.18036E-12
     4484.40    2.23065E-12
     4487.14    2.25096E-12
     4489.88    2.21424E-12
     4492.62    2.23619E-12
     4495.36    2.23164E-12
     4498.10    2.24859E-12
     4500.84    2.27007E-12
     4503.58    2.32342E-12
     4506.32    2.34342E-12
     4509.06    2.34231E-12
     4511.80    2.30128E-12
     4514.54    2.27288E-12
     4517.28    2.24714E-12
     4520.02    2.25680E-12
     4522.76    2.21231E-12
     4525.50    2.16750E-12
     4528.24    2.11466E-12
     4530.98    2.12607E-12
     4533.72    2.11024E-12
     4536.46    2.22153E-12
     4539.20    2.26508E-12
     4541.94    2.27076E-12
     4544.68    2.23167E-12
     4547.42    2.19075E-12
     4550.16    2.14543E-12
     4552.90    2.15987E-12
     4555.64    2.21280E-12
     4558.38    2.28383E-12
     4561.12    2.31258E-12
     4563.86    2.27060E-12
     4566.60    2.28257E-12
     4569.34    2.30495E-12
     4572.08    2.28217E-12
     4574.82    2.31298E-12
     4577.56    2.29792E-12
     4580.30    2.25402E-12
     4583.04    2.23206E-12
     4585.78    2.25968E-12
     4588.52    2.28690E-12
     4591.26    2.26785E-12
     4594.00    2.29855E-12
     4596.74    2.30308E-12
     4599.48    2.27598E-12
     4602.22    2.28371E-12
     4604.96    2.31592E-12
     4607.70    2.34345E-12
     4610.44    2.34675E-12
     4613.18    2.32329E-12
     4615.92    2.31322E-12
     4618.66    2.32125E-12
     4621.40    2.35118E-12
     4624.14    2.35204E-12
     4626.88    2.34493E-12
     4629.62    2.34392E-12
     4632.36    2.33757E-12
     4635.10    2.33364E-12
     4637.84    2.32021E-12
     4640.58    2.33918E-12
     4643.32    2.35646E-12
     4646.06    2.31627E-12
     4648.80    2.31383E-12
     4651.54    2.32500E-12
     4654.28    2.30012E-12
     4657.02    2.32285E-12
     4659.76    2.38200E-12
     4662.50    2.37666E-12
     4665.24    2.30901E-12
     4667.98    2.26374E-12
     4670.72    2.30867E-12
     4673.46    2.34879E-12
     4676.20    2.36133E-12
     4678.94    2.33600E-12
     4681.68    2.32993E-12
     4684.42    2.35337E-12
     4687.16    2.37380E-12
     4689.90    2.36135E-12
     4692.64    2.36180E-12
     4695.38    2.38388E-12
     4698.12    2.34526E-12
     4700.86    2.32067E-12
     4703.60    2.31319E-12
     4706.34    2.30811E-12
     4709.08    2.30293E-12
     4711.82    2.33033E-12
     4714.56    2.36292E-12
     4717.30    2.38822E-12
     4720.04    2.40287E-12
     4722.78    2.38788E-12
     4725.52    2.39132E-12
     4728.26    2.36325E-12
     4731.00    2.35571E-12
     4733.74    2.35652E-12
     4736.48    2.36014E-12
     4739.22    2.38090E-12
     4741.96    2.41124E-12
     4744.70    2.41573E-12
     4747.44    2.40625E-12
     4750.18    2.40343E-12
     4752.92    2.39562E-12
     4755.66    2.37412E-12
     4758.40    2.35950E-12
     4761.14    2.32890E-12
     4763.88    2.30265E-12
     4766.62    2.33610E-12
     4769.36    2.37593E-12
     4772.10    2.39161E-12
     4774.84    2.38994E-12
     4777.58    2.39307E-12
     4780.32    2.38571E-12
     4783.06    2.36732E-12
     4785.80    2.33387E-12
     4788.54    2.33590E-12
     4791.28    2.37069E-12
     4794.02    2.40599E-12
     4796.76    2.39454E-12
     4799.50    2.37591E-12
     4802.24    2.39240E-12
     4804.98    2.38141E-12
     4807.72    2.36461E-12
     4810.46    2.37666E-12
     4813.20    2.39877E-12
     4815.94    2.42196E-12
     4818.68    2.42225E-12
     4821.42    2.38356E-12
     4824.16    2.37091E-12
     4826.90    2.38476E-12
     4829.64    2.38839E-12
     4832.38    2.38670E-12
     4835.12    2.40136E-12
     4837.86    2.37242E-12
     4840.60    2.33359E-12
     4843.34    2.36345E-12
     4846.08    2.38134E-12
     4848.82    2.36882E-12
     4851.56    2.36474E-12
     4854.30    2.31080E-12
     4857.04    2.21501E-12
     4859.78    2.01423E-12
     4862.52    1.99145E-12
     4865.26    2.18143E-12
     4868.00    2.28882E-12
     4870.74    2.26915E-12
     4873.48    2.29002E-12
     4876.22    2.32379E-12
     4878.96    2.34118E-12
     4881.70    2.34297E-12
     4884.44    2.32245E-12
     4887.18    2.31002E-12
     4889.92    2.28551E-12
     4892.66    2.34639E-12
     4895.40    2.41941E-12
     4898.14    2.41005E-12
     4900.88    2.38199E-12
     4903.62    2.37566E-12
     4906.36    2.38763E-12
     4909.10    2.35978E-12
     4911.84    2.35555E-12
     4914.58    2.38292E-12
     4917.32    2.34363E-12
     4920.06    2.26883E-12
     4922.80    2.27171E-12
     4925.54    2.34034E-12
     4928.28    2.39645E-12
     4931.02    2.39246E-12
     4933.76    2.33997E-12
     4936.50    2.31336E-12
     4939.24    2.31976E-12
     4941.98    2.36730E-12
     4944.72    2.41441E-12
     4947.46    2.41731E-12
     4950.20    2.43087E-12
     4952.94    2.43713E-12
     4955.68    2.36636E-12
     4958.42    2.33138E-12
     4961.16    2.39243E-12
     4963.90    2.42039E-12
     4966.64    2.39502E-12
     4969.38    2.35456E-12
     4972.12    2.38084E-12
     4974.86    2.42214E-12
     4977.60    2.38895E-12
     4980.34    2.32121E-12
     4983.08    2.26872E-12
     4985.82    2.29553E-12
     4988.56    2.36013E-12
     4991.30    2.35541E-12
     4994.04    2.34981E-12
     4996.78    2.37204E-12
     4999.52    2.34589E-12
     5002.26    2.31748E-12
     5005.00    2.29133E-12
     5007.74    2.28593E-12
     5010.48    2.30369E-12
     5013.22    2.24088E-12
     5015.96    2.24868E-12
     5018.70    2.29774E-12
     5021.44    2.30605E-12
     5024.18    2.33341E-12
     5026.92    2.35686E-12
     5029.66    2.36470E-12
     5032.40    2.37844E-12
     5035.14    2.34449E-12
     5037.88    2.27941E-12
     5040.62    2.23915E-12
     5043.36    2.28508E-12
     5046.10    2.36983E-12
     5048.84    2.36066E-12
     5051.58    2.35334E-12
     5054.32    2.39410E-12
     5057.06    2.42452E-12
     5059.80    2.41865E-12
     5062.54    2.39615E-12
     5065.28    2.35627E-12
     5068.02    2.36788E-12
     5070.76    2.39229E-12
     5073.50    2.36629E-12
     5076.24    2.35727E-12
     5078.98    2.30941E-12
     5081.72    2.27975E-12
     5084.46    2.33510E-12
     5087.20    2.38273E-12
     5089.94    2.40128E-12
     5092.68    2.41226E-12
     5095.42    2.39673E-12
     5098.16    2.34529E-12
     5100.90    2.33931E-12
     5103.64    2.37565E-12
     5106.38    2.34355E-12
     5109.12    2.30647E-12
     5111.86    2.34741E-12
     5114.60    2.39193E-12
     5117.34    2.40168E-12
     5120.08    2.39341E-12
     5122.82    2.34860E-12
     5125.56    2.31276E-12
     5128.30    2.31680E-12
     5131.04    2.33286E-12
     5133.78    2.35164E-12
     5136.52    2.31844E-12
     5139.26    2.27027E-12
     5142.00    2.27578E-12
     5144.74    2.30390E-12
     5147.48    2.33071E-12
     5150.22    2.32272E-12
     5152.96    2.31851E-12
     5155.70    2.35077E-12
     5158.44    2.38712E-12
     5161.18    2.37913E-12
     5163.92    2.31573E-12
     5166.66    2.14539E-12
     5169.40    2.05310E-12
     5172.14    2.08809E-12
     5174.88    2.19307E-12
     5177.62    2.35470E-12
     5180.36    2.31877E-12
     5183.10    2.16556E-12
     5185.84    2.15417E-12
     5188.58    2.28478E-12
     5191.32    2.27127E-12
     5194.06    2.26594E-12
     5196.80    2.31517E-12
     5199.54    2.34018E-12
     5202.28    2.32138E-12
     5205.02    2.27659E-12
     5207.76    2.25535E-12
     5210.50    2.30429E-12
     5213.24    2.35958E-12
     5215.98    2.36148E-12
     5218.72    2.37793E-12
     5221.46    2.40357E-12
     5224.20    2.34204E-12
     5226.94    2.26340E-12
     5229.68    2.29681E-12
     5232.42    2.34903E-12
     5235.16    2.35956E-12
     5237.90    2.40127E-12
     5240.64    2.41524E-12
     5243.38    2.41293E-12
     5246.12    2.40393E-12
     5248.86    2.35810E-12
     5251.60    2.35200E-12
     5254.34    2.38054E-12
     5257.08    2.40455E-12
     5259.82    2.38716E-12
     5262.56    2.27251E-12
     5265.30    2.21362E-12
     5268.04    2.21131E-12
     5270.78    2.22536E-12
     5273.52    2.29564E-12
     5276.26    2.36041E-12
     5279.00    2.40221E-12
     5281.74    2.37072E-12
     5284.48    2.37782E-12
     5287.22    2.43615E-12
     5289.96    2.45511E-12
     5292.70    2.44027E-12
     5295.44    2.39993E-12
     5298.18    2.36580E-12
     5300.92    2.38338E-12
     5303.66    2.41039E-12
     5306.40    2.42913E-12
     5309.14    2.45105E-12
     5311.88    2.46014E-12
     5314.62    2.42762E-12
     5317.36    2.38634E-12
     5320.10    2.38978E-12
     5322.84    2.37957E-12
     5325.58    2.31704E-12
     5328.32    2.27908E-12
     5331.06    2.32957E-12
     5333.80    2.38716E-12
     5336.54    2.39128E-12
     5339.28    2.36393E-12
     5342.02    2.36294E-12
     5344.76    2.39386E-12
     5347.50    2.37801E-12
     5350.24    2.38501E-12
     5352.98    2.41207E-12
     5355.72    2.43932E-12
     5358.46    2.44773E-12
     5361.20    2.41813E-12
     5363.94    2.38249E-12
     5366.68    2.35414E-12
     5369.42    2.32675E-12
     5372.16    2.35078E-12
     5374.90    2.41746E-12
     5377.64    2.43335E-12
     5380.38    2.39716E-12
     5383.12    2.39385E-12
     5385.86    2.41594E-12
     5388.60    2.40627E-12
     5391.34    2.38503E-12
     5394.08    2.36605E-12
     5396.82    2.33801E-12
     5399.56    2.31373E-12
     5402.30    2.31498E-12
     5405.04    2.31972E-12
     5407.78    2.31706E-12
     5410.52    2.34840E-12
     5413.26    2.37641E-12
     5416.00    2.38395E-12
     5418.74    2.39974E-12
     5421.48    2.39615E-12
     5424.22    2.38629E-12
     5426.96    2.37309E-12
     5429.70    2.34335E-12
     5432.44    2.33127E-12
     5435.18    2.35873E-12
     5437.92    2.40410E-12
     5440.66    2.41899E-12
     5443.40    2.37327E-12
     5446.14    2.32632E-12
     5448.88    2.36717E-12
     5451.62    2.42270E-12
     5454.36    2.37769E-12
     5457.10    2.34889E-12
     5459.84    2.40485E-12
     5462.58    2.39174E-12
     5465.32    2.39708E-12
     5468.06    2.41560E-12
     5470.80    2.42640E-12
     5473.54    2.38225E-12
     5476.28    2.34528E-12
     5479.02    2.36215E-12
     5481.76    2.38441E-12
     5484.50    2.39958E-12
     5487.24    2.41135E-12
     5489.98    2.40567E-12
     5492.72    2.40569E-12
     5495.46    2.40348E-12
     5498.20    2.38947E-12
     5500.94    2.39052E-12
     5503.68    2.38998E-12
     5506.42    2.38658E-12
     5509.16    2.38294E-12
     5511.90    2.39616E-12
     5514.64    2.40698E-12
     5517.38    2.41478E-12
     5520.12    2.41338E-12
     5522.86    2.40419E-12
     5525.60    2.38184E-12
     5528.34    2.35859E-12
     5531.08    2.37999E-12
     5533.82    2.40477E-12
     5536.56    2.41290E-12
     5539.30    2.43231E-12
     5542.04    2.43540E-12
     5544.78    2.41805E-12
     5547.52    2.43518E-12
     5550.26    2.43014E-12
     5553.00    2.41902E-12
     5555.74    2.41773E-12
     5558.48    2.41904E-12
     5561.22    2.41518E-12
     5563.96    2.40634E-12
     5566.70    2.38537E-12
     5569.44    2.38376E-12
     5572.18    2.38647E-12
     5574.92    2.38537E-12
     5577.66    2.39319E-12
     5580.40    2.39541E-12
     5583.14    2.37228E-12
     5585.88    2.34817E-12
     5588.62    2.32753E-12
     5591.36    2.33659E-12
     5594.10    2.35778E-12
     5596.84    2.37796E-12
     5599.58    2.38706E-12
     5602.32    2.34760E-12
     5605.06    2.38260E-12
     5607.80    2.42178E-12
     5610.54    2.41989E-12
     5613.28    2.39962E-12
     5616.02    2.38362E-12
     5618.76    2.39089E-12
     5621.50    2.40251E-12
     5624.24    2.39974E-12
     5626.98    2.40536E-12
     5629.72    2.43269E-12
     5632.46    2.43397E-12
     5635.20    2.41440E-12
     5637.94    2.41120E-12
     5640.68    2.41007E-12
     5643.42    2.41853E-12
     5646.16    2.43538E-12
     5648.90    2.43158E-12
     5651.64    2.38698E-12
     5654.38    2.45223E-12
     5657.12    2.43108E-12
     5659.86    2.35827E-12
     5662.60    2.34624E-12
     5665.34    2.35575E-12
     5668.08    2.36923E-12
     5670.82    2.38182E-12
     5673.56    2.39287E-12
     5676.30    2.38639E-12
     5679.04    2.35635E-12
     5681.78    2.36507E-12
     5684.52    2.39042E-12
     5687.26    2.39392E-12
     5690.00    2.38999E-12
     5692.74    2.37852E-12
     5695.48    2.37420E-12
     5698.22    2.39234E-12
     5700.96    2.36740E-12
     5703.70    2.31069E-12
     5706.44    2.30541E-12
     5709.18    2.32495E-12
     5711.92    2.36692E-12
     5714.66    2.39621E-12
     5717.40    2.38540E-12
     5720.14    2.37832E-12
     5722.88    2.37048E-12
     5725.62    2.39733E-12
     5728.36    2.43648E-12
     5731.10    2.38307E-12
     5733.84    2.33510E-12
     5736.58    2.40133E-12
     5739.32    2.43929E-12
     5742.06    2.40829E-12
     5744.80    2.39517E-12
     5747.54    2.38980E-12
     5750.28    2.38232E-12
     5753.02    2.37692E-12
     5755.76    2.37898E-12
     5758.50    2.38630E-12
     5761.24    2.39922E-12
     5763.98    2.41517E-12
     5766.72    2.43884E-12
     5769.46    2.44035E-12
     5772.20    2.42900E-12
     5774.94    2.42919E-12
     5777.68    2.42506E-12
     5780.42    2.39485E-12
     5783.16    2.37838E-12
     5785.90    2.39124E-12
     5788.64    2.40220E-12
     5791.38    2.41528E-12
     5794.12    2.40968E-12
     5796.86    2.39704E-12
     5799.60    2.39058E-12
     5802.34    2.40281E-12
     5805.08    2.47107E-12
     5807.82    2.48523E-12
     5810.56    2.41259E-12
     5813.30    2.39907E-12
     5816.04    2.41142E-12
     5818.78    2.40129E-12
     5821.52    2.39315E-12
     5824.26    2.41212E-12
     5827.00    2.42577E-12
     5829.74    2.42420E-12
     5832.48    2.41615E-12
     5835.22    2.39944E-12
     5837.96    2.39962E-12
     5840.70    2.40256E-12
     5843.44    2.37102E-12
     5846.18    2.34402E-12
     5848.92    2.35299E-12
     5851.66    2.35658E-12
     5854.40    2.34717E-12
     5857.14    2.34788E-12
     5859.88    2.35448E-12
     5862.62    2.36534E-12
     5865.36    2.37662E-12
     5868.10    2.37112E-12
     5870.84    2.38736E-12
     5873.58    2.47074E-12
     5876.32    2.47587E-12
     5879.06    2.39621E-12
     5881.80    2.37505E-12
     5884.54    2.36917E-12
     5887.28    2.31539E-12
     5890.02    2.26862E-12
     5892.76    2.26702E-12
     5895.50    2.28536E-12
     5898.24    2.33185E-12
     5900.98    2.36208E-12
     5903.72    2.38376E-12
     5906.46    2.37002E-12
     5909.20    2.34562E-12
     5911.94    2.34999E-12
     5914.68    2.35702E-12
     5917.42    2.35578E-12
     5920.16    2.36650E-12
     5922.90    2.39512E-12
     5925.64    2.39157E-12
     5928.38    2.37080E-12
     5931.12    2.34841E-12
     5933.86    2.33487E-12
     5936.60    2.35437E-12
     5939.34    2.36783E-12
     5942.08    2.36484E-12
     5944.82    2.36765E-12
     5947.56    2.37360E-12
     5950.30    2.37116E-12
     5953.04    2.36604E-12
     5955.78    2.36678E-12
     5958.52    2.36537E-12
     5961.26    2.35479E-12
     5964.00    2.35265E-12
     5966.74    2.36285E-12
     5969.48    2.36017E-12
     5972.22    2.35126E-12
     5974.96    2.34395E-12
     5977.70    2.33976E-12
     5980.44    2.34549E-12
     5983.18    2.35023E-12
     5985.92    2.34883E-12
     5988.66    2.35670E-12
     5991.40    2.37325E-12
     5994.14    2.36555E-12
     5996.88    2.35042E-12
     5999.62    2.35709E-12
     6002.36    2.36133E-12
     6005.10    2.34679E-12
     6007.84    2.34106E-12
     6010.58    2.34815E-12
     6013.32    2.35044E-12
     6016.06    2.35160E-12
     6018.80    2.35529E-12
     6021.54    2.35751E-12
     6024.28    2.35025E-12
     6027.02    2.34876E-12
     6029.76    2.35955E-12
     6032.50    2.37152E-12
     6035.24    2.38789E-12
     6037.98    2.36956E-12
     6040.72    2.33940E-12
     6043.46    2.34947E-12
     6046.20    2.35833E-12
     6048.94    2.33517E-12
     6051.68    2.32850E-12
     6054.42    2.35611E-12
     6057.16    2.34143E-12
     6059.90    2.30401E-12
     6062.64    2.31796E-12
     6065.38    2.33282E-12
     6068.12    2.27168E-12
     6070.86    2.24556E-12
     6073.60    2.31787E-12
     6076.34    2.34450E-12
     6079.08    2.32838E-12
     6081.82    2.33557E-12
     6084.56    2.34815E-12
     6087.30    2.34909E-12
     6090.04    2.34720E-12
     6092.78    2.34879E-12
     6095.52    2.34210E-12
     6098.26    2.32132E-12
     6101.00    2.30782E-12
     6103.74    2.29801E-12
     6106.48    2.29804E-12
     6109.22    2.30551E-12
     6111.96    2.32695E-12
     6114.70    2.33412E-12
     6117.44    2.30361E-12
     6120.18    2.28868E-12
     6122.92    2.28754E-12
     6125.66    2.30294E-12
     6128.40    2.32563E-12
     6131.14    2.31202E-12
     6133.88    2.29018E-12
     6136.62    2.27276E-12
     6139.36    2.26877E-12
     6142.10    2.29147E-12
     6144.84    2.28733E-12
     6147.58    2.26478E-12
     6150.32    2.26802E-12
     6153.06    2.27800E-12
     6155.80    2.27850E-12
     6158.54    2.26833E-12
     6161.28    2.23265E-12
     6164.02    2.22184E-12
     6166.76    2.23944E-12
     6169.50    2.26041E-12
     6172.24    2.28643E-12
     6174.98    2.29539E-12
     6177.72    2.30167E-12
     6180.46    2.31828E-12
     6183.20    2.32987E-12
     6185.94    2.33800E-12
     6188.68    2.32173E-12
     6191.42    2.28234E-12
     6194.16    2.28337E-12
     6196.90    2.29758E-12
     6199.64    2.28981E-12
     6202.38    2.28513E-12
     6205.12    2.30074E-12
     6207.86    2.30070E-12
     6210.60    2.27997E-12
     6213.34    2.26049E-12
     6216.08    2.24146E-12
     6218.82    2.25739E-12
     6221.56    2.28136E-12
     6224.30    2.29133E-12
     6227.04    2.28912E-12
     6229.78    2.26378E-12
     6232.52    2.25905E-12
     6235.26    2.27188E-12
     6238.00    2.27704E-12
     6240.74    2.27395E-12
     6243.48    2.22958E-12
     6246.22    2.19857E-12
     6248.96    2.23060E-12
     6251.70    2.24501E-12
     6254.44    2.22775E-12
     6257.18    2.23048E-12
     6259.92    2.24305E-12
     6262.66    2.26581E-12
     6265.40    2.28517E-12
     6268.14    2.27440E-12
     6270.88    2.26335E-12
     6273.62    2.25780E-12
     6276.36    2.26381E-12
     6279.10    2.28226E-12
     6281.84    2.29687E-12
     6284.58    2.30670E-12
     6287.32    2.28915E-12
     6290.06    2.26960E-12
     6292.80    2.27269E-12
     6295.54    2.25809E-12
     6298.28    2.20391E-12
     6301.02    2.20205E-12
     6303.76    2.23287E-12
     6306.50    2.24775E-12
     6309.24    2.25822E-12
     6311.98    2.26676E-12
     6314.72    2.26234E-12
     6317.46    2.22782E-12
     6320.20    2.22075E-12
     6322.94    2.24355E-12
     6325.68    2.24812E-12
     6328.42    2.24700E-12
     6331.16    2.25256E-12
     6333.90    2.25436E-12
     6336.64    2.24097E-12
     6339.38    2.23306E-12
     6342.12    2.23402E-12
     6344.86    2.24022E-12
     6347.60    2.25179E-12
     6350.34    2.25912E-12
     6353.08    2.26225E-12
     6355.82    2.25481E-12
     6358.56    2.24431E-12
     6361.30    2.22964E-12
     6364.04    2.22667E-12
     6366.78    2.23741E-12
     6369.52    2.24474E-12
     6372.26    2.25238E-12
     6375.00    2.26346E-12
     6377.74    2.27076E-12
     6380.48    2.26303E-12
     6383.22    2.25899E-12
     6385.96    2.26817E-12
     6388.70    2.25867E-12
     6391.44    2.23431E-12
     6394.18    2.22810E-12
     6396.92    2.22877E-12
     6399.66    2.22853E-12
     6402.40    2.22842E-12
     6405.14    2.22693E-12
     6407.88    2.22779E-12
     6410.62    2.23327E-12
     6413.36    2.22886E-12
     6416.10    2.21899E-12
     6418.84    2.21141E-12
     6421.58    2.20884E-12
     6424.32    2.22472E-12
     6427.06    2.22877E-12
     6429.80    2.20176E-12
     6432.54    2.20284E-12
     6435.28    2.22722E-12
     6438.02    2.23444E-12
     6440.76    2.23672E-12
     6443.50    2.24534E-12
     6446.24    2.24817E-12
     6448.98    2.23313E-12
     6451.72    2.22686E-12
     6454.46    2.23503E-12
     6457.20    2.23316E-12
     6459.94    2.22606E-12
     6462.68    2.20850E-12
     6465.42    2.19543E-12
     6468.16    2.21274E-12
     6470.90    2.23025E-12
     6473.64    2.24248E-12
     6476.38    2.24315E-12
     6479.12    2.23122E-12
     6481.86    2.23475E-12
     6484.60    2.24227E-12
     6487.34    2.23785E-12
     6490.08    2.22416E-12
     6492.82    2.19004E-12
     6495.56    2.17509E-12
     6498.30    2.18808E-12
     6501.04    2.20265E-12
     6503.78    2.22283E-12
     6506.52    2.23722E-12
     6509.26    2.24985E-12
     6512.00    2.26970E-12
     6514.74    2.27082E-12
     6517.48    2.22839E-12
     6520.22    2.21401E-12
     6522.96    2.22689E-12
     6525.70    2.23188E-12
     6528.44    2.23725E-12
     6531.18    2.25239E-12
     6533.92    2.25877E-12
     6536.66    2.23309E-12
     6539.40    2.21528E-12
     6542.14    2.21295E-12
     6544.88    2.21097E-12
     6547.62    2.21097E-12
     6550.36    2.19664E-12
     6553.10    2.16848E-12
     6555.84    2.11749E-12
     6558.58    2.05397E-12
     6561.32    1.95149E-12
     6564.06    1.93822E-12
     6566.80    2.02458E-12
     6569.54    2.10319E-12
     6572.28    2.18457E-12
     6575.02    2.19887E-12
     6577.76    2.19759E-12
     6580.50    2.22030E-12
     6583.24    2.23376E-12
     6585.98    2.23224E-12
     6588.72    2.22409E-12
     6591.46    2.20820E-12
     6594.20    2.21826E-12
     6596.94    2.23545E-12
     6599.68    2.23290E-12
     6602.42    2.22964E-12
     6605.16    2.23396E-12
     6607.90    2.23459E-12
     6610.64    2.22835E-12
     6613.38    2.23939E-12
     6616.12    2.25750E-12
     6618.86    2.24378E-12
     6621.60    2.22726E-12
     6624.34    2.23602E-12
     6627.08    2.24074E-12
     6629.82    2.23374E-12
     6632.56    2.22924E-12
     6635.30    2.22592E-12
     6638.04    2.21862E-12
     6640.78    2.20980E-12
     6643.52    2.19188E-12
     6646.26    2.20075E-12
     6649.00    2.29521E-12
     6651.74    2.31417E-12
     6654.48    2.22058E-12
     6657.22    2.19903E-12
     6659.96    2.20759E-12
     6662.70    2.20389E-12
     6665.44    2.20214E-12
     6668.18    2.20875E-12
     6670.92    2.21539E-12
     6673.66    2.22204E-12
     6676.40    2.22005E-12
     6679.14    2.20896E-12
     6681.88    2.21305E-12
     6684.62    2.22219E-12
     6687.36    2.21970E-12
     6690.10    2.21866E-12
     6692.84    2.22950E-12
     6695.58    2.23328E-12
     6698.32    2.22632E-12
     6701.06    2.22205E-12
     6703.80    2.21745E-12
     6706.54    2.20334E-12
     6709.28    2.18919E-12
     6712.02    2.18846E-12
     6714.76    2.18885E-12
     6717.50    2.18692E-12
     6720.24    2.18546E-12
     6722.98    2.18425E-12
     6725.72    2.18476E-12
     6728.46    2.18653E-12
     6731.20    2.19081E-12
     6733.94    2.19223E-12
     6736.68    2.18166E-12
     6739.42    2.17962E-12
     6742.16    2.19482E-12
     6744.90    2.19454E-12
     6747.64    2.18510E-12
     6750.38    2.17491E-12
     6753.12    2.16784E-12
     6755.86    2.17881E-12
     6758.60    2.18884E-12
     6761.34    2.19272E-12
     6764.08    2.18705E-12
     6766.82    2.16895E-12
     6769.56    2.16527E-12
     6772.30    2.16865E-12
     6775.04    2.17441E-12
     6777.78    2.17941E-12
     6780.52    2.17535E-12
     6783.26    2.17931E-12
     6786.00    2.20485E-12
     6788.74    2.19645E-12
     6791.48    2.16337E-12
     6794.22    2.15770E-12
     6796.96    2.16255E-12
     6799.70    2.17342E-12
     6802.44    2.17677E-12
     6805.18    2.15759E-12
     6807.92    2.14933E-12
     6810.66    2.15203E-12
     6813.40    2.16564E-12
     6816.14    2.18413E-12
     6818.88    2.16726E-12
     6821.62    2.14773E-12
     6824.36    2.15376E-12
     6827.10    2.16388E-12
     6829.84    2.18248E-12
     6832.58    2.17626E-12
     6835.32    2.14919E-12
     6838.06    2.13889E-12
     6840.80    2.13780E-12
     6843.54    2.15397E-12
     6846.28    2.16901E-12
     6849.02    2.17184E-12
     6851.76    2.17162E-12
     6854.50    2.16912E-12
     6857.24    2.15893E-12
     6859.98    2.14380E-12
     6862.72    2.13509E-12
     6865.46    2.13354E-12
     6868.20    2.15249E-12
     6870.94    2.15816E-12
     6873.68    2.13012E-12
     6876.42    2.12685E-12
     6879.16    2.14380E-12
     6881.90    2.14994E-12
     6884.64    2.15356E-12
     6887.38    2.16023E-12
     6890.12    2.16365E-12
     6892.86    2.14824E-12
     6895.60    2.16544E-12
     6898.34    2.25129E-12
     6901.08    2.22169E-12
     6903.82    2.12742E-12
     6906.56    2.11655E-12
     6909.30    2.12734E-12
     6912.04    2.11992E-12
     6914.78    2.12116E-12
     6917.52    2.14376E-12
     6920.26    2.15164E-12
     6923.00    2.14630E-12
     6925.74    2.14608E-12
     6928.48    2.14569E-12
     6931.22    2.13945E-12
     6933.96    2.13184E-12
     6936.70    2.12202E-12
     6939.44    2.12181E-12
     6942.18    2.14122E-12
     6944.92    2.13535E-12
     6947.66    2.11471E-12
     6950.40    2.11357E-12
     6953.14    2.12050E-12
     6955.88    2.13361E-12
     6958.62    2.14341E-12
     6961.36    2.14400E-12
     6964.10    2.14455E-12
     6966.84    2.14503E-12
     6969.58    2.14251E-12
     6972.32    2.13656E-12
     6975.06    2.11830E-12
     6977.80    2.10378E-12
     6980.54    2.11116E-12
     6983.28    2.11457E-12
     6986.02    2.10565E-12
     6988.76    2.11304E-12
     6991.50    2.13142E-12
     6994.24    2.12257E-12
     6996.98    2.10453E-12
     6999.72    2.09185E-12
     7002.46    2.08815E-12
     7005.20    2.10155E-12
     7007.94    2.11325E-12
     7010.68    2.12757E-12
     7013.42    2.11130E-12
     7016.16    2.08078E-12
     7018.90    2.08544E-12
     7021.64    2.10068E-12
     7024.38    2.11981E-12
     7027.12    2.12586E-12
     7029.86    2.10834E-12
     7032.60    2.09825E-12
     7035.34    2.09111E-12
     7038.08    2.10444E-12
     7040.82    2.12221E-12
     7043.56    2.11019E-12
     7046.30    2.10291E-12
     7049.04    2.12413E-12
     7051.78    2.12809E-12
     7054.52    2.10876E-12
     7057.26    2.10180E-12
     7060.00    2.10142E-12
     7062.74    2.12612E-12
     7065.48    2.14654E-12
     7068.22    2.12331E-12
     7070.96    2.10243E-12
     7073.70    2.09280E-12
     7076.44    2.09087E-12
     7079.18    2.09746E-12
     7081.92    2.08778E-12
     7084.66    2.07399E-12
     7087.40    2.07446E-12
     7090.14    2.07896E-12
     7092.88    2.08604E-12
     7095.62    2.08910E-12
     7098.36    2.08468E-12
     7101.10    2.09217E-12
     7103.84    2.10499E-12
     7106.58    2.09418E-12
     7109.32    2.07987E-12
     7112.06    2.08251E-12
     7114.80    2.08636E-12
     7117.54    2.09088E-12
     7120.28    2.08519E-12
     7123.02    2.06833E-12
     7125.76    2.07338E-12
     7128.50    2.08631E-12
     7131.24    2.08537E-12
     7133.98    2.08074E-12
     7136.72    2.07391E-12
     7139.46    2.07062E-12
     7142.20    2.07167E-12
     7144.94    2.07670E-12
     7147.68    2.08466E-12
     7150.42    2.07899E-12
     7153.16    2.06864E-12
     7155.90    2.06091E-12
     7158.64    2.05452E-12
     7161.38    2.05180E-12
     7164.12    2.04284E-12
     7166.86    2.02466E-12
     7169.60    2.04102E-12
     7172.34    2.06854E-12
     7175.08    2.04362E-12
     7177.82    2.01910E-12
     7180.56    2.03574E-12
     7183.30    2.04495E-12
     7186.04    2.03906E-12
     7188.78    2.03243E-12
     7191.52    2.02409E-12
     7194.26    2.05633E-12
     7197.00    2.09004E-12
     7199.74    2.05940E-12
     7202.48    2.02705E-12
     7205.22    2.00939E-12
     7207.96    2.01407E-12
     7210.70    2.04649E-12
     7213.44    2.05785E-12
     7216.18    2.06076E-12
     7218.92    2.06165E-12
     7221.66    2.06566E-12
     7224.40    2.08715E-12
     7227.14    2.09502E-12
     7229.88    2.07765E-12
     7232.62    2.06835E-12
     7235.36    2.06226E-12
     7238.10    2.05819E-12
     7240.84    2.05667E-12
     7243.58    2.06156E-12
     7246.32    2.06184E-12
     7249.06    2.04684E-12
     7251.80    2.04123E-12
     7254.54    2.04770E-12
     7257.28    2.04627E-12
     7260.02    2.04221E-12
     7262.76    2.04363E-12
     7265.50    2.04599E-12
     7268.24    2.04600E-12
     7270.98    2.04656E-12
     7273.72    2.04977E-12
     7276.46    2.04749E-12
     7279.20    2.04052E-12
     7281.94    2.03771E-12
     7284.68    2.03549E-12
     7287.42    2.02826E-12
     7290.16    2.02318E-12
     7292.90    2.02349E-12
     7295.64    2.02905E-12
     7298.38    2.04313E-12
     7301.12    2.04761E-12
     7303.86    2.04610E-12
     7306.60    2.03486E-12
     7309.34    2.01918E-12
     7312.08    1.99854E-12
     7314.82    1.99401E-12
     7317.56    2.02065E-12
     7320.30    2.03570E-12
     7323.04    2.04223E-12
     7325.78    2.06731E-12
     7328.52    2.09127E-12
     7331.26    2.06001E-12
     7334.00    2.03137E-12
     7336.74    2.04582E-12
     7339.48    2.05335E-12
     7342.22    2.05106E-12
     7344.96    2.04122E-12
     7347.70    2.02532E-12
     7350.44    2.01909E-12
     7353.18    2.01864E-12
     7355.92    2.02724E-12
     7358.66    2.03345E-12
     7361.40    2.03023E-12
     7364.14    2.03406E-12
     7366.88    2.04524E-12
     7369.62    2.04695E-12
     7372.36    2.04304E-12
     7375.10    2.03269E-12
     7377.84    2.01991E-12
     7380.58    2.00568E-12
     7383.32    1.99748E-12
     7386.06    1.99902E-12
     7388.80    1.99510E-12
     7391.54    1.98938E-12
     7394.28    2.00740E-12
     7397.02    2.02636E-12
     7399.76    2.01110E-12
     7402.50    1.99387E-12
     7405.24    1.98394E-12
     7407.98    1.97799E-12
     7410.72    1.97634E-12
     7413.46    1.97497E-12
     7416.20    1.97643E-12
     7418.94    1.99195E-12
     7421.68    2.00673E-12
     7424.42    2.00904E-12
     7427.16    2.00487E-12
     7429.90    1.99060E-12
     7432.64    1.98439E-12
     7435.38    1.98308E-12
     7438.12    1.98889E-12
     7440.86    1.99477E-12
     7443.60    1.98113E-12
     7446.34    1.97515E-12
     7449.08    1.99402E-12
     7451.82    2.00704E-12
     7454.56    2.01630E-12
     7457.30    2.00886E-12
     7460.04    1.99184E-12
     7462.78    1.98950E-12
     7465.52    1.98777E-12
     7468.26    1.97096E-12
     7471.00    1.96978E-12
     7473.74    2.00377E-12
     7476.48    2.00373E-12
     7479.22    1.97822E-12
     7481.96    1.98813E-12
     7484.70    2.00472E-12
     7487.44    1.98603E-12
     7490.18    1.96975E-12
     7492.92    1.97516E-12
     7495.66    1.97955E-12
     7498.40    1.98346E-12
     7501.14    1.98271E-12
     7503.88    1.97868E-12
     7506.62    1.97271E-12
     7509.36    1.96499E-12
     7512.10    1.95129E-12
     7514.84    1.94969E-12
     7517.58    1.97485E-12
     7520.32    1.97846E-12
     7523.06    1.96467E-12
     7525.80    1.96017E-12
     7528.54    1.96028E-12
     7531.28    1.97285E-12
     7534.02    1.98245E-12
     7536.76    1.97692E-12
     7539.50    1.97246E-12
     7542.24    1.97136E-12
     7544.98    1.96304E-12
     7547.72    1.95107E-12
     7550.46    1.95389E-12
     7553.20    1.95960E-12
     7555.94    1.95820E-12
     7558.68    1.95173E-12
     7561.42    1.93307E-12
     7564.16    1.93304E-12
     7566.90    1.95091E-12
     7569.64    1.96014E-12
     7572.38    1.96543E-12
     7575.12    1.96065E-12
     7577.86    1.95426E-12
     7580.60    1.95067E-12
     7583.34    1.95161E-12
     7586.08    1.96184E-12
     7588.82    1.95845E-12
     7591.56    1.94721E-12
     7594.30    1.95102E-12
     7597.04    1.95571E-12
     7599.78    1.94173E-12
     7602.52    1.93366E-12
     7605.26    1.94457E-12
     7608.00    1.94737E-12
     7610.74    1.94294E-12
     7613.48    1.93554E-12
     7616.22    1.92825E-12
     7618.96    1.94224E-12
     7621.70    1.95444E-12
     7624.44    1.94388E-12
     7627.18    1.93689E-12
     7629.92    1.93567E-12
     7632.66    1.94317E-12
     7635.40    1.95783E-12
     7638.14    1.95156E-12
     7640.88    1.93954E-12
     7643.62    1.94299E-12
     7646.36    1.93801E-12
     7649.10    1.90561E-12
     7651.84    1.89506E-12
     7654.58    1.91073E-12
     7657.32    1.90547E-12
     7660.06    1.89237E-12
     7662.80    1.88403E-12
     7665.54    1.88552E-12
     7668.28    1.91424E-12
     7671.02    1.93375E-12
     7673.76    1.93428E-12
     7676.50    1.93533E-12
     7679.24    1.93438E-12
     7681.98    1.94337E-12
     7684.72    1.95104E-12
     7687.46    1.93606E-12
     7690.20    1.91453E-12
     7692.94    1.88608E-12
     7695.68    1.87327E-12
     7698.42    1.87798E-12
     7701.16    1.88929E-12
     7703.90    1.90698E-12
     7706.64    1.91652E-12
     7709.38    1.92155E-12
     7712.12    1.92075E-12
     7714.86    1.91850E-12
     7717.60    1.91566E-12
     7720.34    1.91219E-12
     7723.08    1.90789E-12
     7725.82    1.90570E-12
     7728.56    1.90529E-12
     7731.30    1.91250E-12
     7734.04    1.91046E-12
     7736.78    1.87905E-12
     7739.52    1.86439E-12
     7742.26    1.87484E-12
     7745.00    1.86857E-12
     7747.74    1.85691E-12
     7750.48    1.87029E-12
     7753.22    1.89038E-12
     7755.96    1.90434E-12
     7758.70    1.91134E-12
     7761.44    1.90784E-12
     7764.18    1.90286E-12
     7766.92    1.89481E-12
     7769.66    1.89714E-12
     7772.40    1.90178E-12
     7775.14    1.89068E-12
     7777.88    1.87843E-12
     7780.62    1.87205E-12
     7783.36    1.86938E-12
     7786.10    1.87192E-12
     7788.84    1.87258E-12
     7791.58    1.87283E-12
     7794.32    1.87331E-12
     7797.06    1.87239E-12
     7799.80    1.86623E-12
     7802.54    1.86122E-12
     7805.28    1.85694E-12
     7808.02    1.86377E-12
     7810.76    1.88342E-12
     7813.50    1.88755E-12
     7816.24    1.88565E-12
     7818.98    1.88971E-12
     7821.72    1.89513E-12
     7824.46    1.90545E-12
     7827.20    1.90274E-12
     7829.94    1.87610E-12
     7832.68    1.86886E-12
     7835.42    1.87268E-12
     7838.16    1.87568E-12
     7840.90    1.88043E-12
     7843.64    1.89040E-12
     7846.38    1.89155E-12
     7849.12    1.87400E-12
     7851.86    1.85673E-12
     7854.60    1.83565E-12
     7857.34    1.84230E-12
     7860.08    1.86192E-12
     7862.82    1.85734E-12
     7865.56    1.84811E-12
     7868.30    1.84508E-12
     7871.04    1.83955E-12
     7873.78    1.82393E-12
     7876.52    1.83227E-12
     7879.26    1.85880E-12
     7882.00    1.85488E-12
     7884.74    1.84616E-12
     7887.48    1.87081E-12
     7890.22    1.88795E-12
     7892.96    1.87619E-12
     7895.70    1.86602E-12
     7898.44    1.85731E-12
     7901.18    1.84647E-12
     7903.92    1.83642E-12
     7906.66    1.84802E-12
     7909.40    1.85698E-12
     7912.14    1.83335E-12
     7914.88    1.81792E-12
     7917.62    1.81973E-12
     7920.36    1.82787E-12
     7923.10    1.84379E-12
     7925.84    1.84846E-12
     7928.58    1.84664E-12
     7931.32    1.83635E-12
     7934.06    1.82569E-12
     7936.80    1.81688E-12
     7939.54    1.81810E-12
     7942.28    1.83405E-12
     7945.02    1.83712E-12
     7947.76    1.83464E-12
     7950.50    1.83895E-12
     7953.24    1.84467E-12
     7955.98    1.85293E-12
     7958.72    1.84982E-12
     7961.46    1.81276E-12
     7964.20    1.83306E-12
     7966.94    1.90841E-12
     7969.68    1.88307E-12
     7972.42    1.82377E-12
     7975.16    1.82699E-12
     7977.90    1.83960E-12
     7980.64    1.84052E-12
     7983.38    1.84757E-12
     7986.12    1.86991E-12
     7988.86    1.85950E-12
     7991.60    1.83065E-12
     7994.34    1.83916E-12
     7997.08    1.85086E-12
     7999.82    1.82579E-12
     8002.56    1.81168E-12
     8005.30    1.83048E-12
     8008.04    1.83468E-12
     8010.78    1.82673E-12
     8013.52    1.81910E-12
     8016.26    1.81186E-12
     8019.00    1.81651E-12
     8021.74    1.82191E-12
     8024.48    1.82023E-12
     8027.22    1.81934E-12
     8029.96    1.81892E-12
     8032.70    1.82357E-12
     8035.44    1.83175E-12
     8038.18    1.83492E-12
     8040.92    1.83293E-12
     8043.66    1.81641E-12
     8046.40    1.80661E-12
     8049.14    1.81309E-12
     8051.88    1.82606E-12
     8054.62    1.85070E-12
     8057.36    1.83811E-12
     8060.10    1.80969E-12
     8062.84    1.81284E-12
     8065.58    1.82134E-12
     8068.32    1.82157E-12
     8071.06    1.82235E-12
     8073.80    1.82699E-12
     8076.54    1.82144E-12
     8079.28    1.80845E-12
     8082.02    1.81154E-12
     8084.76    1.81639E-12
     8087.50    1.80013E-12
     8090.24    1.78896E-12
     8092.98    1.79407E-12
     8095.72    1.80529E-12
     8098.46    1.82615E-12
     8101.20    1.83113E-12
     8103.94    1.82778E-12
     8106.68    1.82478E-12
     8109.42    1.82193E-12
     8112.16    1.82445E-12
     8114.90    1.82001E-12
     8117.64    1.79949E-12
     8120.38    1.79685E-12
     8123.12    1.80747E-12
     8125.86    1.80857E-12
     8128.60    1.80454E-12
     8131.34    1.78985E-12
     8134.08    1.77703E-12
     8136.82    1.77015E-12
     8139.56    1.77652E-12
     8142.30    1.80314E-12
     8145.04    1.80444E-12
     8147.78    1.79392E-12
     8150.52    1.79930E-12
     8153.26    1.80670E-12
     8156.00    1.80780E-12
     8158.74    1.80591E-12
     8161.48    1.79710E-12
     8164.22    1.80053E-12
     8166.96    1.81457E-12
     8169.70    1.82349E-12
     8172.44    1.82740E-12
     8175.18    1.81457E-12
     8177.92    1.79615E-12
     8180.66    1.77208E-12
     8183.40    1.76199E-12
     8186.14    1.77248E-12
     8188.88    1.77140E-12
     8191.62    1.76643E-12
     8194.36    1.77024E-12
     8197.10    1.77485E-12
     8199.84    1.77141E-12
     8202.58    1.77034E-12
     8205.32    1.77917E-12
     8208.06    1.77327E-12
     8210.80    1.75240E-12
     8213.54    1.75328E-12
     8216.28    1.76427E-12
     8219.02    1.77819E-12
     8221.76    1.78710E-12
     8224.50    1.77832E-12
     8227.24    1.77499E-12
     8229.98    1.78456E-12
     8232.72    1.77653E-12
     8235.46    1.75836E-12
     8238.20    1.75334E-12
     8240.94    1.75176E-12
     8243.68    1.74655E-12
     8246.42    1.74279E-12
     8249.16    1.73875E-12
     8251.90    1.74767E-12
     8254.64    1.77285E-12
     8257.38    1.76665E-12
     8260.12    1.74991E-12
     8262.86    1.76985E-12
     8265.60    1.78894E-12
     8268.34    1.78073E-12
     8271.08    1.77145E-12
     8273.82    1.76073E-12
     8276.56    1.76105E-12
     8279.30    1.76930E-12
     8282.04    1.77033E-12
     8284.78    1.76855E-12
     8287.52    1.76922E-12
     8290.26    1.75799E-12
     8293.00    1.71305E-12
     8295.74    1.70597E-12
     8298.48    1.74320E-12
     8301.22    1.75134E-12
     8303.96    1.74742E-12
     8306.70    1.73220E-12
     8309.44    1.72269E-12
     8312.18    1.74495E-12
     8314.92    1.75925E-12
     8317.66    1.75958E-12
     8320.40    1.74846E-12
     8323.14    1.72606E-12
     8325.88    1.70978E-12
     8328.62    1.70229E-12
     8331.36    1.72708E-12
     8334.10    1.74902E-12
     8336.84    1.74791E-12
     8339.58    1.75031E-12
     8342.32    1.75820E-12
     8345.06    1.75584E-12
     8347.80    1.74840E-12
     8350.54    1.75062E-12
     8353.28    1.75096E-12
     8356.02    1.73964E-12
     8358.76    1.72311E-12
     8361.50    1.69405E-12
     8364.24    1.69002E-12
     8366.98    1.70668E-12
     8369.72    1.72107E-12
     8372.46    1.73350E-12
     8375.20    1.72763E-12
     8377.94    1.72067E-12
     8380.68    1.72266E-12
     8383.42    1.72172E-12
     8386.16    1.71683E-12
     8388.90    1.71103E-12
     8391.64    1.70578E-12
     8394.38    1.72073E-12
     8397.12    1.74135E-12
     8399.86    1.75894E-12
     8402.60    1.76336E-12
     8405.34    1.74461E-12
     8408.08    1.73180E-12
     8410.82    1.72230E-12
     8413.56    1.70825E-12
     8416.30    1.69695E-12
     8419.04    1.71207E-12
     8421.78    1.72586E-12
     8424.52    1.71803E-12
     8427.26    1.71431E-12
     8430.00    1.71932E-12
     8432.74    1.71443E-12
     8435.48    1.70458E-12
     8438.22    1.70808E-12
     8440.96    1.71577E-12
     8443.70    1.72207E-12
     8446.44    1.72437E-12
     8449.18    1.71869E-12
     8451.92    1.71553E-12
     8454.66    1.71275E-12
     8457.40    1.73073E-12
     8460.14    1.75428E-12
     8462.88    1.74019E-12
     8465.62    1.71894E-12
     8468.36    1.70325E-12
     8471.10    1.69876E-12
     8473.84    1.71307E-12
     8476.58    1.71587E-12
     8479.32    1.71257E-12
     8482.06    1.69304E-12
     8484.80    1.66930E-12
     8487.54    1.66239E-12
     8490.28    1.65093E-12
     8493.02    1.62336E-12
     8495.76    1.60294E-12
     8498.50    1.58458E-12
     8501.24    1.60818E-12
     8503.98    1.65456E-12
     8506.72    1.68220E-12
     8509.46    1.69715E-12
     8512.20    1.68528E-12
     8514.94    1.68444E-12
     8517.68    1.71059E-12
     8520.42    1.71146E-12
     8523.16    1.69548E-12
     8525.90    1.67702E-12
     8528.64    1.65681E-12
     8531.38    1.65495E-12
     8534.12    1.62759E-12
     8536.86    1.53347E-12
     8539.60    1.47140E-12
     8542.34    1.43254E-12
     8545.08    1.47572E-12
     8547.82    1.56910E-12
     8550.56    1.61224E-12
     8553.30    1.64217E-12
     8556.04    1.67522E-12
     8558.78    1.68961E-12
     8561.52    1.67111E-12
     8564.26    1.67020E-12
     8567.00    1.68006E-12
     8569.74    1.69241E-12
     8572.48    1.70356E-12
     8575.22    1.69827E-12
     8577.96    1.68863E-12
     8580.70    1.67224E-12
     8583.44    1.67694E-12
     8586.18    1.71404E-12
     8588.92    1.71453E-12
     8591.66    1.69728E-12
     8594.40    1.69403E-12
     8597.14    1.69503E-12
     8599.88    1.70192E-12
     8602.62    1.70197E-12
     8605.36    1.68520E-12
     8608.10    1.68351E-12
     8610.84    1.69410E-12
     8613.58    1.70218E-12
     8616.32    1.70804E-12
     8619.06    1.69948E-12
     8621.80    1.69195E-12
     8624.54    1.69672E-12
     8627.28    1.69833E-12
     8630.02    1.69758E-12
     8632.76    1.68486E-12
     8635.50    1.66516E-12
     8638.24    1.67311E-12
     8640.98    1.68278E-12
     8643.72    1.66471E-12
     8646.46    1.64475E-12
     8649.20    1.63033E-12
     8651.94    1.61178E-12
     8654.68    1.59115E-12
     8657.42    1.54251E-12
     8660.16    1.48770E-12
     8662.90    1.47597E-12
     8665.64    1.50131E-12
     8668.38    1.59482E-12
     8671.12    1.65417E-12
     8673.86    1.66049E-12
     8676.60    1.66406E-12
     8679.34    1.65790E-12
     8682.08    1.67324E-12
     8684.82    1.68549E-12
     8687.56    1.65199E-12
     8690.30    1.63561E-12
     8693.04    1.67364E-12
     8695.78    1.68282E-12
     8698.52    1.66368E-12
     8701.26    1.65603E-12
     8704.00    1.65230E-12
     8706.74    1.65847E-12
     8709.48    1.66363E-12
     8712.22    1.65744E-12
     8714.96    1.65043E-12
     8717.70    1.64045E-12
     8720.44    1.64237E-12
     8723.18    1.65314E-12
     8725.92    1.66561E-12
     8728.66    1.67565E-12
     8731.40    1.66810E-12
     8734.14    1.66079E-12
     8736.88    1.66204E-12
     8739.62    1.66107E-12
     8742.36    1.65837E-12
     8745.10    1.65268E-12
     8747.84    1.64393E-12
     8750.58    1.62666E-12
     8753.32    1.61179E-12
     8756.06    1.60971E-12
     8758.80    1.61483E-12
     8761.54    1.63053E-12
     8764.28    1.63969E-12
     8767.02    1.64501E-12
     8769.76    1.64651E-12
     8772.50    1.64505E-12
     8775.24    1.64249E-12
     8777.98    1.63793E-12
     8780.72    1.62865E-12
     8783.46    1.62509E-12
     8786.20    1.62753E-12
     8788.94    1.63514E-12
     8791.68    1.64639E-12
     8794.42    1.65269E-12
     8797.16    1.65220E-12
     8799.90    1.63810E-12
     8802.64    1.61956E-12
     8805.38    1.59031E-12
     8808.12    1.58784E-12
     8810.86    1.60885E-12
     8813.60    1.60615E-12
     8816.34    1.59741E-12
     8819.08    1.60343E-12
     8821.82    1.60753E-12
     8824.56    1.59605E-12
     8827.30    1.59922E-12
     8830.04    1.62465E-12
     8832.78    1.63553E-12
     8835.52    1.63889E-12
     8838.26    1.62567E-12
     8841.00    1.61169E-12
     8843.74    1.62299E-12
     8846.48    1.62493E-12
     8849.22    1.60135E-12
     8851.96    1.59098E-12
     8854.70    1.59078E-12
     8857.44    1.59447E-12
     8860.18    1.60064E-12
     8862.92    1.59979E-12
     8865.66    1.59914E-12
     8868.40    1.60262E-12
     8871.14    1.60691E-12
     8873.88    1.61206E-12
     8876.62    1.61768E-12
     8879.36    1.62349E-12
     8882.10    1.62393E-12
     8884.84    1.62063E-12
     8887.58    1.61267E-12
     8890.32    1.60463E-12
     8893.06    1.59715E-12
     8895.80    1.59345E-12
     8898.54    1.59233E-12
     8901.28    1.60606E-12
     8904.02    1.62648E-12
     8906.76    1.63202E-12
     8909.50    1.63444E-12
     8912.24    1.63955E-12
     8914.98    1.64241E-12
     8917.72    1.64553E-12
     8920.46    1.63397E-12
     8923.20    1.61151E-12
     8925.94    1.60457E-12
     8928.68    1.59822E-12
     8931.42    1.56880E-12
     8934.16    1.55121E-12
     8936.90    1.56790E-12
     8939.64    1.57019E-12
     8942.38    1.55482E-12
     8945.12    1.56916E-12
     8947.86    1.59615E-12
     8950.60    1.60020E-12
     8953.34    1.60284E-12
     8956.08    1.62170E-12
     8958.82    1.63016E-12
     8961.56    1.62039E-12
     8964.30    1.61329E-12
     8967.04    1.60583E-12
     8969.78    1.60102E-12
     8972.52    1.59845E-12
     8975.26    1.60101E-12
     8978.00    1.60099E-12
     8980.74    1.58932E-12
     8983.48    1.59056E-12
     8986.22    1.60605E-12
     8988.96    1.62757E-12
     8991.70    1.65149E-12
     8994.44    1.64504E-12
     8997.18    1.62572E-12
     8999.92    1.59831E-12
     9002.66    1.57925E-12
     9005.40    1.57750E-12
     9008.14    1.56847E-12
     9010.88    1.55489E-12
     9013.62    1.55371E-12
     9016.36    1.55721E-12
     9019.10    1.55223E-12
     9021.84    1.55493E-12
     9024.58    1.58128E-12
     9027.32    1.59353E-12
     9030.06    1.58720E-12
     9032.80    1.58468E-12
     9035.54    1.58221E-12
     9038.28    1.58548E-12
     9041.02    1.58939E-12
     9043.76    1.58722E-12
     9046.50    1.58808E-12
     9049.24    1.59718E-12
     9051.98    1.59902E-12
     9054.72    1.59485E-12
     9057.46    1.59346E-12
     9060.20    1.58946E-12
     9062.94    1.56834E-12
     9065.68    1.54873E-12
     9068.42    1.53684E-12
     9071.16    1.54541E-12
     9073.90    1.58912E-12
     9076.64    1.59503E-12
     9079.38    1.58075E-12
     9082.12    1.57416E-12
     9084.86    1.56684E-12
     9087.60    1.55438E-12
     9090.34    1.54623E-12
     9093.08    1.54510E-12
     9095.82    1.55060E-12
     9098.56    1.56334E-12
     9101.30    1.57805E-12
     9104.04    1.59044E-12
     9106.78    1.57458E-12
     9109.52    1.55924E-12
     9112.26    1.56619E-12
     9115.00    1.57232E-12
     9117.74    1.57470E-12
     9120.48    1.58092E-12
     9123.22    1.58934E-12
     9125.96    1.59125E-12
     9128.70    1.58930E-12
     9131.44    1.58117E-12
     9134.18    1.57783E-12
     9136.92    1.59149E-12
     9139.66    1.58541E-12
     9142.40    1.55743E-12
     9145.14    1.54487E-12
     9147.88    1.53995E-12
     9150.62    1.54832E-12
     9153.36    1.55578E-12
     9156.10    1.54291E-12
     9158.84    1.54383E-12
     9161.58    1.57380E-12
     9164.32    1.57878E-12
     9167.06    1.56796E-12
     9169.80    1.55104E-12
     9172.54    1.53731E-12
     9175.28    1.55676E-12
     9178.02    1.57614E-12
     9180.76    1.58823E-12
     9183.50    1.57610E-12
     9186.24    1.53004E-12
     9188.98    1.53058E-12
     9191.72    1.55164E-12
     9194.46    1.54471E-12
     9197.20    1.53468E-12
     9199.94    1.53953E-12
     9202.68    1.53520E-12
     9205.42    1.50936E-12
     9208.16    1.50395E-12
     9210.90    1.51326E-12
     9213.64    1.51977E-12
     9216.38    1.52477E-12
     9219.12    1.51902E-12
     9221.86    1.51484E-12
     9224.60    1.52175E-12
     9227.34    1.52087E-12
     9230.08    1.50784E-12
     9232.82    1.50861E-12
     9235.56    1.51848E-12
     9238.30    1.55261E-12
     9241.04    1.57898E-12
     9243.78    1.54892E-12
     9246.52    1.52821E-12
     9249.26    1.53618E-12
     9252.00    1.53995E-12
     9254.74    1.54291E-12
     9257.48    1.53978E-12
     9260.22    1.53362E-12
     9262.96    1.52905E-12
     9265.70    1.52415E-12
     9268.44    1.51672E-12
     9271.18    1.51432E-12
     9273.92    1.52159E-12
     9276.66    1.51290E-12
     9279.40    1.49619E-12
     9282.14    1.49744E-12
     9284.88    1.50595E-12
     9287.62    1.52112E-12
     9290.36    1.52594E-12
     9293.10    1.50654E-12
     9295.84    1.50244E-12
     9298.58    1.51130E-12
     9301.32    1.51730E-12
     9304.06    1.52129E-12
     9306.80    1.51035E-12
     9309.54    1.50287E-12
     9312.28    1.51500E-12
     9315.02    1.52347E-12
     9317.76    1.52616E-12
     9320.50    1.52605E-12
     9323.24    1.52337E-12
     9325.98    1.52696E-12
     9328.72    1.53226E-12
     9331.46    1.53695E-12
     9334.20    1.53710E-12
     9336.94    1.52797E-12
     9339.68    1.52340E-12
     9342.42    1.52380E-12
     9345.16    1.51426E-12
     9347.90    1.50178E-12
     9350.64    1.50264E-12
     9353.38    1.50667E-12
     9356.12    1.51172E-12
     9358.86    1.50802E-12
     9361.60    1.48650E-12
     9364.34    1.48589E-12
     9367.08    1.49826E-12
     9369.82    1.48891E-12
     9372.56    1.47481E-12
     9375.30    1.47311E-12
     9378.04    1.47401E-12
     9380.78    1.47681E-12
     9383.52    1.47558E-12
     9386.26    1.46777E-12
     9389.00    1.47817E-12
     9391.74    1.49695E-12
     9394.48    1.50270E-12
     9397.22    1.50289E-12
     9399.96    1.49680E-12
     9402.70    1.49344E-12
     9405.44    1.49621E-12
     9408.18    1.49652E-12
     9410.92    1.49559E-12
     9413.66    1.48502E-12
     9416.40    1.47474E-12
     9419.14    1.48879E-12
     9421.88    1.49719E-12
     9424.62    1.48152E-12
     9427.36    1.47147E-12
     9430.10    1.46584E-12
     9432.84    1.47390E-12
     9435.58    1.48883E-12
     9438.32    1.47836E-12
     9441.06    1.46525E-12
     9443.80    1.46820E-12
     9446.54    1.47346E-12
     9449.28    1.48264E-12
     9452.02    1.48003E-12
     9454.76    1.46730E-12
     9457.50    1.46381E-12
     9460.24    1.46315E-12
     9462.98    1.45916E-12
     9465.72    1.45791E-12
     9468.46    1.46617E-12
     9471.20    1.46616E-12
     9473.94    1.45492E-12
     9476.68    1.44626E-12
     9479.42    1.43839E-12
     9482.16    1.44192E-12
     9484.90    1.44630E-12
     9487.64    1.43553E-12
     9490.38    1.43399E-12
     9493.12    1.45678E-12
     9495.86    1.45817E-12
     9498.60    1.44000E-12
     9501.34    1.45288E-12
     9504.08    1.47460E-12
     9506.82    1.46917E-12
     9509.56    1.45988E-12
     9512.30    1.45430E-12
     9515.04    1.45721E-12
     9517.78    1.47396E-12
     9520.52    1.48087E-12
     9523.26    1.48233E-12
     9526.00    1.46898E-12
     9528.74    1.45214E-12
     9531.48    1.44695E-12
     9534.22    1.44320E-12
     9536.96    1.43938E-12
     9539.70    1.43430E-12
     9542.44    1.42839E-12
     9545.18    1.41603E-12
     9547.92    1.40371E-12
     9550.66    1.41634E-12
     9553.40    1.42776E-12
     9556.14    1.41368E-12
     9558.88    1.41222E-12
     9561.62    1.43574E-12
     9564.36    1.43882E-12
     9567.10    1.43058E-12
     9569.84    1.43306E-12
     9572.58    1.43520E-12
     9575.32    1.42098E-12
     9578.06    1.41540E-12
     9580.80    1.43657E-12
     9583.54    1.44023E-12
     9586.28    1.42515E-12
     9589.02    1.41955E-12
     9591.76    1.41867E-12
     9594.50    1.43201E-12
     9597.24    1.44407E-12
     9599.98    1.43882E-12
     9602.72    1.43483E-12
     9605.46    1.43473E-12
     9608.20    1.43541E-12
     9610.94    1.43712E-12
     9613.68    1.43768E-12
     9616.42    1.44100E-12
     9619.16    1.46413E-12
     9621.90    1.46923E-12
     9624.64    1.42373E-12
     9627.38    1.40100E-12
     9630.12    1.40198E-12
     9632.86    1.41328E-12
     9635.60    1.43144E-12
     9638.34    1.41954E-12
     9641.08    1.40502E-12
     9643.82    1.41481E-12
     9646.56    1.41335E-12
     9649.30    1.38414E-12
     9652.04    1.37972E-12
     9654.78    1.39347E-12
     9657.52    1.40192E-12
     9660.26    1.40596E-12
     9663.00    1.38788E-12
     9665.74    1.37520E-12
     9668.48    1.38701E-12
     9671.22    1.39431E-12
     9673.96    1.39628E-12
     9676.70    1.39631E-12
     9679.44    1.39434E-12
     9682.18    1.39392E-12
     9684.92    1.39104E-12
     9687.66    1.37534E-12
     9690.40    1.37232E-12
     9693.14    1.39385E-12
     9695.88    1.41112E-12
     9698.62    1.42683E-12
     9701.36    1.45245E-12
     9704.10    1.47645E-12
     9706.84    1.47117E-12
     9709.58    1.45344E-12
     9712.32    1.42277E-12
     9715.06    1.40413E-12
     9717.80    1.40321E-12
     9720.54    1.39511E-12
     9723.28    1.38610E-12
     9726.02    1.39484E-12
     9728.76    1.40584E-12
     9731.50    1.40236E-12
     9734.24    1.39429E-12
     9736.98    1.37697E-12
     9739.72    1.37833E-12
     9742.46    1.39826E-12
     9745.20    1.40289E-12
     9747.94    1.40306E-12
     9750.68    1.41225E-12
     9753.42    1.41839E-12
     9756.16    1.41485E-12
     9758.90    1.40428E-12
     9761.64    1.37985E-12
     9764.38    1.37554E-12
     9767.12    1.38340E-12
     9769.86    1.38726E-12
     9772.60    1.38910E-12
     9775.34    1.38142E-12
     9778.08    1.38028E-12
     9780.82    1.40013E-12
     9783.56    1.39886E-12
     9786.30    1.37345E-12
     9789.04    1.37976E-12
     9791.78    1.39864E-12
     9794.52    1.40087E-12
     9797.26    1.39927E-12
     9800.00    1.39685E-12
     9802.74    1.39761E-12
     9805.48    1.40664E-12
     9808.22    1.40213E-12
     9810.96    1.38827E-12
     9813.70    1.38206E-12
     9816.44    1.37460E-12
     9819.18    1.34781E-12
     9821.92    1.33594E-12
     9824.66    1.36422E-12
     9827.40    1.37808E-12
     9830.14    1.37459E-12
     9832.88    1.39233E-12
     9835.62    1.41704E-12
     9838.36    1.41008E-12
     9841.10    1.40292E-12
     9843.84    1.43137E-12
     9846.58    1.43486E-12
     9849.32    1.38425E-12
     9852.06    1.37700E-12
     9854.80    1.39939E-12
     9857.54    1.38808E-12
     9860.28    1.36923E-12
     9863.02    1.36907E-12
     9865.76    1.37554E-12
     9868.50    1.39097E-12
     9871.24    1.39621E-12
     9873.98    1.38942E-12
     9876.72    1.38268E-12
     9879.46    1.37361E-12
     9882.20    1.35912E-12
     9884.94    1.34819E-12
     9887.68    1.35466E-12
     9890.42    1.35976E-12
     9893.16    1.36028E-12
     9895.90    1.35579E-12
     9898.64    1.34640E-12
     9901.38    1.33744E-12
     9904.12    1.32697E-12
     9906.86    1.30464E-12
     9909.60    1.29966E-12
     9912.34    1.34506E-12
     9915.08    1.36844E-12
     9917.82    1.35535E-12
     9920.56    1.38032E-12
     9923.30    1.42136E-12
     9926.04    1.40693E-12
     9928.78    1.37974E-12
     9931.52    1.37526E-12
     9934.26    1.37432E-12
     9937.00    1.37641E-12
     9939.74    1.37410E-12
     9942.48    1.36865E-12
     9945.22    1.34990E-12
     9947.96    1.33004E-12
     9950.70    1.35081E-12
     9953.44    1.36462E-12
     9956.18    1.32831E-12
     9958.92    1.31696E-12
     9961.66    1.34612E-12
     9964.40    1.36078E-12
     9967.14    1.37131E-12
     9969.88    1.37946E-12
     9972.62    1.37907E-12
     9975.36    1.35183E-12
     9978.10    1.33464E-12
     9980.84    1.34579E-12
     9983.58    1.35259E-12
     9986.32    1.35819E-12
     9989.06    1.34552E-12
     9991.80    1.32975E-12
     9994.54    1.36337E-12
     9997.28    1.39711E-12
    10000.02    1.39164E-12
    10002.76    1.39451E-12
    10005.50    1.42193E-12
    10008.24    1.41258E-12
    10010.98    1.37895E-12
    10013.72    1.36206E-12
    10016.46    1.34997E-12
    10019.20    1.34401E-12
    10021.94    1.32822E-12
    10024.68    1.28108E-12
    10027.42    1.26916E-12
    10030.16    1.29813E-12
    10032.90    1.29259E-12
    10035.64    1.27728E-12
    10038.38    1.29897E-12
    10041.12    1.32204E-12
    10043.86    1.32000E-12
    10046.60    1.31547E-12
    10049.34    1.31162E-12
    10052.08    1.30119E-12
    10054.82    1.28532E-12
    10057.56    1.31330E-12
    10060.30    1.35174E-12
    10063.04    1.34913E-12
    10065.78    1.34294E-12
    10068.52    1.34996E-12
    10071.26    1.34395E-12
    10074.00    1.31939E-12
    10076.74    1.31810E-12
    10079.48    1.32775E-12
    10082.22    1.32228E-12
    10084.96    1.32654E-12
    10087.70    1.38245E-12
    10090.44    1.40071E-12
    10093.18    1.33758E-12
    10095.92    1.32356E-12
    10098.66    1.34334E-12
    10101.40    1.33306E-12
    10104.14    1.31740E-12
    10106.88    1.32279E-12
    10109.62    1.33520E-12
    10112.36    1.35827E-12
    10115.10    1.36201E-12
    10117.84    1.34135E-12
    10120.58    1.32009E-12
    10123.32    1.29683E-12
    10126.06    1.30310E-12
    10128.80    1.31402E-12
    10131.54    1.30412E-12
    10134.28    1.29506E-12
    10137.02    1.28918E-12
    10139.76    1.29342E-12
    10142.50    1.30887E-12
    10145.24    1.29008E-12
    10147.98    1.26415E-12
    10150.72    1.29250E-12
    10153.46    1.31436E-12
    10156.20    1.28319E-12
    10158.94    1.27445E-12
    10161.68    1.30272E-12
    10164.42    1.31098E-12
    10167.16    1.30940E-12
    10169.90    1.27776E-12
    10172.64    1.24970E-12
    10175.38    1.27670E-12
    10178.12    1.31067E-12
    10180.86    1.34919E-12
    10183.60    1.35693E-12
    10186.34    1.33385E-12
    10189.08    1.32217E-12
    10191.82    1.31215E-12
    10194.56    1.40879E-12
    10197.30    1.26743E-12
    10200.04    3.64245E-13
    10202.78   -1.45622E-13
    10205.52   -2.22127E-15
