*hd132475.dat  
*
*  Heap-Lindler STIS_v2
set .z.units = "Ergs/s/cm**2/A"
set .z.label = "Flux"
set .table.bandwidth = 2.74
*
     2950.00   0.455478
     2952.74   0.486132
     2955.48   0.488712
     2958.22   0.507343
     2960.96   0.507180
     2963.70   0.503505
     2966.44   0.431950
     2969.18   0.431119
     2971.92   0.459895
     2974.66   0.502008
     2977.40   0.530600
     2980.14   0.497011
     2982.88   0.447125
     2985.62   0.418205
     2988.36   0.467375
     2991.10   0.526162
     2993.84   0.510278
     2996.58   0.507515
     2999.32   0.484598
     3002.06   0.458499
     3004.80   0.492387
     3007.54   0.502595
     3010.28   0.517839
     3013.02   0.518740
     3015.76   0.495876
     3018.50   0.462231
     3021.24   0.454547
     3023.98   0.525195
     3026.72   0.535897
     3029.46   0.543368
     3032.20   0.538809
     3034.94   0.548682
     3037.68   0.537622
     3040.42   0.537274
     3043.16   0.528382
     3045.90   0.539674
     3048.64   0.546322
     3051.38   0.553255
     3054.12   0.540504
     3056.86   0.503034
     3059.60   0.486975
     3062.34   0.488236
     3065.08   0.460598
     3067.82   0.472804
     3070.56   0.493596
     3073.30   0.504533
     3076.04   0.508481
     3078.78   0.506283
     3081.52   0.521233
     3084.26   0.520534
     3087.00   0.495004
     3089.74   0.457609
     3092.48   0.446655
     3095.22   0.450675
     3097.96   0.449695
     3100.70   0.458782
     3103.44   0.505511
     3106.18   0.535675
     3108.92   0.555143
     3111.66   0.555882
     3114.40   0.545708
     3117.14   0.517679
     3119.88   0.499466
     3122.62   0.498352
     3125.36   0.491253
     3128.10   0.483574
     3130.84   0.497468
     3133.58   0.519552
     3136.32   0.532972
     3139.06   0.538058
     3141.80   0.500893
     3144.54   0.466132
     3147.28   0.504243
     3150.02   0.535646
     3152.76   0.527724
     3155.50   0.495784
     3158.24   0.459201
     3160.98   0.481279
     3163.72   0.507810
     3166.46   0.521672
     3169.20   0.549194
     3171.94   0.576274
     3174.68   0.574148
     3177.42   0.536480
     3180.16   0.493207
     3182.90   0.491388
     3185.64   0.522322
     3188.38   0.530771
     3191.12   0.510355
     3193.86   0.512605
     3196.60   0.539223
     3199.34   0.564742
     3202.08   0.583253
     3204.82   0.596929
     3207.56   0.580546
     3210.30   0.536916
     3213.04   0.525142
     3215.78   0.543786
     3218.52   0.572390
     3221.26   0.568646
     3224.00   0.561544
     3226.74   0.530921
     3229.48   0.518363
     3232.22   0.525948
     3234.96   0.525792
     3237.70   0.548153
     3240.44   0.577298
     3243.18   0.588396
     3245.92   0.585887
     3248.66   0.569564
     3251.40   0.575544
     3254.14   0.605930
     3256.88   0.631125
     3259.62   0.639531
     3262.36   0.632439
     3265.10   0.629182
     3267.84   0.635331
     3270.58   0.631482
     3273.32   0.625033
     3276.06   0.610847
     3278.80   0.610135
     3281.54   0.623359
     3284.28   0.621460
     3287.02   0.615485
     3289.76   0.648534
     3292.50   0.674209
     3295.24   0.678373
     3297.98   0.681717
     3300.72   0.671347
     3303.46   0.651191
     3306.20   0.637114
     3308.94   0.645687
     3311.68   0.660892
     3314.42   0.649810
     3317.16   0.648508
     3319.90   0.637515
     3322.64   0.628746
     3325.38   0.635079
     3328.12   0.631179
     3330.86   0.636970
     3333.60   0.637085
     3336.34   0.623761
     3339.08   0.618591
     3341.82   0.626790
     3344.56   0.642061
     3347.30   0.620605
     3350.04   0.625693
     3352.78   0.644888
     3355.52   0.651850
     3358.26   0.623077
     3361.00   0.595494
     3363.74   0.626335
     3366.48   0.627844
     3369.22   0.603329
     3371.96   0.595393
     3374.70   0.625576
     3377.44   0.635650
     3380.18   0.613731
     3382.92   0.625214
     3385.66   0.645508
     3388.40   0.651191
     3391.14   0.642021
     3393.88   0.643893
     3396.62   0.672199
     3399.36   0.691769
     3402.10   0.668477
     3404.84   0.647815
     3407.58   0.641754
     3410.32   0.643903
     3413.06   0.634897
     3415.80   0.645073
     3418.54   0.669152
     3421.28   0.667888
     3424.02   0.656747
     3426.76   0.669519
     3429.50   0.687104
     3432.24   0.684970
     3434.98   0.691814
     3437.72   0.657904
     3440.46   0.611912
     3443.20   0.605751
     3445.94   0.643863
     3448.68   0.664089
     3451.42   0.666050
     3454.16   0.672121
     3456.90   0.664911
     3459.64   0.652930
     3462.38   0.659786
     3465.12   0.665876
     3467.86   0.677435
     3470.60   0.671980
     3473.34   0.645189
     3476.08   0.634447
     3478.82   0.660431
     3481.56   0.675747
     3484.30   0.676380
     3487.04   0.676909
     3489.78   0.655873
     3492.52   0.648987
     3495.26   0.639156
     3498.00   0.676836
     3500.74   0.700968
     3503.48   0.686573
     3506.22   0.677408
     3508.96   0.671526
     3511.70   0.656858
     3514.44   0.657850
     3517.18   0.673298
     3519.92   0.664416
     3522.66   0.635935
     3525.40   0.618471
     3528.14   0.651163
     3530.88   0.681922
     3533.62   0.695206
     3536.36   0.704779
     3539.10   0.714137
     3541.84   0.716970
     3544.58   0.720747
     3547.32   0.722272
     3550.06   0.724397
     3552.80   0.709277
     3555.54   0.703056
     3558.28   0.703715
     3561.02   0.703503
     3563.76   0.682506
     3566.50   0.652725
     3569.24   0.630249
     3571.98   0.634348
     3574.72   0.646573
     3577.46   0.658847
     3580.20   0.642804
     3582.94   0.633824
     3585.68   0.614542
     3588.42   0.620535
     3591.16   0.667497
     3593.90   0.697573
     3596.64   0.710437
     3599.38   0.712178
     3602.12   0.697972
     3604.86   0.681371
     3607.60   0.667562
     3610.34   0.665198
     3613.08   0.671438
     3615.82   0.679143
     3618.56   0.667059
     3621.30   0.680241
     3624.04   0.703292
     3626.78   0.721258
     3629.52   0.698916
     3632.26   0.667725
     3635.00   0.682545
     3637.74   0.710252
     3640.48   0.723226
     3643.22   0.700050
     3645.96   0.681582
     3648.70   0.688702
     3651.44   0.705493
     3654.18   0.733040
     3656.92   0.750364
     3659.66   0.747377
     3662.40   0.747551
     3665.14   0.742326
     3667.88   0.734120
     3670.62   0.737530
     3673.36   0.738907
     3676.10   0.737768
     3678.84   0.721708
     3681.58   0.711996
     3684.32   0.706189
     3687.06   0.707965
     3689.80   0.729273
     3692.54   0.747621
     3695.28   0.752280
     3698.02   0.765239
     3700.76   0.766240
     3703.50   0.722643
     3706.24   0.696441
     3708.98   0.707853
     3711.72   0.728190
     3714.46   0.766980
     3717.20   0.773265
     3719.94   0.710555
     3722.68   0.698754
     3725.42   0.761103
     3728.16   0.786669
     3730.90   0.742913
     3733.64   0.663589
     3736.38   0.660530
     3739.12   0.750237
     3741.86   0.794804
     3744.60   0.756617
     3747.34   0.681683
     3750.08   0.658920
     3752.82   0.742592
     3755.56   0.819057
     3758.30   0.818265
     3761.04   0.816797
     3763.78   0.828710
     3766.52   0.798727
     3769.26   0.732618
     3772.00   0.747669
     3774.74   0.824645
     3777.48   0.886634
     3780.22   0.933877
     3782.96   0.943931
     3785.70   0.913025
     3788.44   0.885177
     3791.18   0.865611
     3793.92   0.808022
     3796.66   0.721480
     3799.40   0.731958
     3802.14   0.836622
     3804.88   0.902795
     3807.62   0.928046
     3810.36   0.936954
     3813.10   0.909428
     3815.84   0.889945
     3818.58   0.886215
     3821.32   0.874848
     3824.06   0.849379
     3826.80   0.809049
     3829.54   0.763886
     3832.28   0.685941
     3835.02   0.623508
     3837.76   0.655779
     3840.50   0.760069
     3843.24   0.860071
     3845.98   0.916011
     3848.72   0.939505
     3851.46   0.956089
     3854.20   0.958861
     3856.94   0.929018
     3859.68   0.917670
     3862.42   0.949546
     3865.16   0.972003
     3867.90   0.970543
     3870.64   0.937178
     3873.38   0.901973
     3876.12   0.896050
     3878.86   0.895738
     3881.60   0.889822
     3884.34   0.828290
     3887.08   0.725543
     3889.82   0.704455
     3892.56   0.775248
     3895.30   0.838566
     3898.04   0.869718
     3900.78   0.880338
     3903.52   0.874581
     3906.26   0.884413
     3909.00   0.923778
     3911.74   0.940771
     3914.48   0.933385
     3917.22   0.911623
     3919.96   0.892168
     3922.70   0.882378
     3925.44   0.833404
     3928.18   0.691490
     3930.92   0.481431
     3933.66   0.361551
     3936.40   0.471049
     3939.14   0.684515
     3941.88   0.817241
     3944.62   0.871152
     3947.36   0.899582
     3950.10   0.912759
     3952.84   0.916244
     3955.58   0.911063
     3958.32   0.893214
     3961.06   0.831738
     3963.80   0.693529
     3966.54   0.499570
     3969.28   0.423245
     3972.02   0.572439
     3974.76   0.736727
     3977.50   0.843938
     3980.24   0.934308
     3982.98   0.950098
     3985.72   0.966779
     3988.46   0.986731
     3991.20    1.00045
     3993.94    1.00265
     3996.68   0.986115
     3999.42   0.993930
     4002.16    1.00726
     4004.90   0.999207
     4007.64    1.00382
     4010.38    1.02383
     4013.12    1.02582
     4015.86    1.02315
     4018.60    1.02984
     4021.34    1.03258
     4024.08    1.02792
     4026.82    1.02372
     4029.56    1.00848
     4032.30   0.991721
     4035.04    1.00777
     4037.78    1.03535
     4040.52    1.03460
     4043.26    1.01038
     4046.00   0.997867
     4048.74    1.02222
     4051.48    1.03688
     4054.22    1.02901
     4056.96    1.02406
     4059.70    1.01993
     4062.44    1.00814
     4065.18   0.999043
     4067.92    1.00587
     4070.66    1.00933
     4073.40    1.00038
     4076.14   0.986109
     4078.88   0.986281
     4081.62    1.00746
     4084.36    1.01296
     4087.10    1.01982
     4089.84    1.02082
     4092.58    1.00245
     4095.32   0.958318
     4098.06   0.877669
     4100.80   0.790242
     4103.54   0.803907
     4106.28   0.906095
     4109.02   0.966388
     4111.76   0.994530
     4114.50    1.01389
     4117.24    1.01783
     4119.98    1.00776
     4122.72    1.01828
     4125.46    1.02686
     4128.20    1.02425
     4130.94    1.01353
     4133.68    1.00695
     4136.42    1.02680
     4139.16    1.03742
     4141.90    1.02635
     4144.64    1.01692
     4147.38    1.02395
     4150.12    1.01769
     4152.86    1.01080
     4155.60    1.01062
     4158.34    1.02385
     4161.08    1.03319
     4163.82    1.03689
     4166.56    1.03536
     4169.30    1.01622
     4172.04   0.995308
     4174.78   0.985079
     4177.52   0.999186
     4180.26    1.00748
     4183.00    1.00745
     4185.74    1.00657
     4188.48    1.00043
     4191.22    1.01519
     4193.96    1.01880
     4196.70    1.00687
     4199.44   0.992178
     4202.18   0.996541
     4204.92    1.00690
     4207.66    1.01706
     4210.40    1.02080
     4213.14    1.00764
     4215.88   0.990437
     4218.62   0.997052
     4221.36    1.00399
     4224.10   0.971177
     4226.84   0.944790
     4229.58   0.981343
     4232.32   0.998807
     4235.06   0.986760
     4237.80   0.989713
     4240.54    1.00173
     4243.28    1.00223
     4246.02   0.990066
     4248.76   0.973779
     4251.50   0.985870
     4254.24    1.00056
     4256.98   0.999571
     4259.72   0.993595
     4262.46    1.00096
     4265.20    1.01059
     4267.94   0.995419
     4270.68   0.972443
     4273.42   0.962825
     4276.16   0.977806
     4278.90   0.991180
     4281.64   0.981854
     4284.38   0.967736
     4287.12   0.949954
     4289.86   0.930724
     4292.60   0.931325
     4295.34   0.921528
     4298.08   0.876030
     4300.82   0.834451
     4303.56   0.834363
     4306.30   0.837174
     4309.04   0.836247
     4311.78   0.869340
     4314.52   0.933293
     4317.26   0.988104
     4320.00   0.993947
     4322.74   0.965735
     4325.48   0.946256
     4328.22   0.970842
     4330.96   0.987458
     4333.70   0.963436
     4336.44   0.884515
     4339.18   0.789681
     4341.92   0.792770
     4344.66   0.896505
     4347.40   0.961455
     4350.14   0.973335
     4352.88   0.971563
     4355.62   0.995025
     4358.36    1.00843
     4361.10    1.01628
     4363.84    1.02554
     4366.58    1.01475
     4369.32    1.00413
     4372.06   0.999055
     4374.80   0.990809
     4377.54    1.01047
     4380.28    1.00739
     4383.02   0.979816
     4385.76   0.979966
     4388.50    1.00532
     4391.24    1.00915
     4393.98    1.00716
     4396.72    1.00518
     4399.46    1.00470
     4402.20   0.996937
     4404.94   0.999796
     4407.68    1.00748
     4410.42    1.03373
     4413.16    1.02895
     4415.90    1.00722
     4418.64    1.00770
     4421.38    1.03559
     4424.12    1.02643
     4426.86    1.02446
     4429.60    1.04116
     4432.34    1.05309
     4435.08    1.02621
     4437.82    1.03731
     4440.56    1.02953
     4443.30    1.00977
     4446.04    1.02327
     4448.78    1.02965
     4451.52    1.02519
     4454.26    1.00973
     4457.00    1.01386
     4459.74    1.01972
     4462.48    1.02140
     4465.22    1.02336
     4467.96    1.01642
     4470.70    1.02563
     4473.44    1.03701
     4476.18    1.04098
     4478.92    1.03360
     4481.66    1.01992
     4484.40    1.03479
     4487.14    1.03861
     4489.88    1.02836
     4492.62    1.02814
     4495.36    1.02740
     4498.10    1.03503
     4500.84    1.03625
     4503.58    1.04660
     4506.32    1.05121
     4509.06    1.04030
     4511.80    1.04653
     4514.54    1.04049
     4517.28    1.03409
     4520.02    1.02876
     4522.76    1.01943
     4525.50    1.01738
     4528.24    1.00245
     4530.98    1.00206
     4533.72    1.00453
     4536.46    1.00918
     4539.20    1.03476
     4541.94    1.03416
     4544.68    1.02530
     4547.42    1.00966
     4550.16   0.996763
     4552.90    1.00404
     4555.64    1.00638
     4558.38    1.03044
     4561.12    1.03263
     4563.86    1.02435
     4566.60    1.03475
     4569.34    1.02986
     4572.08    1.02553
     4574.82    1.03652
     4577.56    1.03848
     4580.30    1.02645
     4583.04    1.02062
     4585.78    1.02590
     4588.52    1.02760
     4591.26    1.02981
     4594.00    1.02959
     4596.74    1.02908
     4599.48    1.03291
     4602.22    1.02877
     4604.96    1.03348
     4607.70    1.04178
     4610.44    1.04189
     4613.18    1.03951
     4615.92    1.03914
     4618.66    1.03741
     4621.40    1.04203
     4624.14    1.03927
     4626.88    1.03538
     4629.62    1.03538
     4632.36    1.03398
     4635.10    1.03277
     4637.84    1.03653
     4640.58    1.03968
     4643.32    1.03966
     4646.06    1.02792
     4648.80    1.02617
     4651.54    1.03159
     4654.28    1.02595
     4657.02    1.03401
     4659.76    1.04139
     4662.50    1.03837
     4665.24    1.03092
     4667.98    1.02506
     4670.72    1.02901
     4673.46    1.03401
     4676.20    1.03020
     4678.94    1.03004
     4681.68    1.03358
     4684.42    1.03866
     4687.16    1.03962
     4689.90    1.03163
     4692.64    1.02983
     4695.38    1.03039
     4698.12    1.02917
     4700.86    1.01873
     4703.60    1.01252
     4706.34    1.01540
     4709.08    1.01897
     4711.82    1.02688
     4714.56    1.02555
     4717.30    1.03328
     4720.04    1.02885
     4722.78    1.03428
     4725.52    1.03795
     4728.26    1.03258
     4731.00    1.03218
     4733.74    1.03110
     4736.48    1.03194
     4739.22    1.03990
     4741.96    1.03364
     4744.70    1.02829
     4747.44    1.03275
     4750.18    1.02988
     4752.92    1.02958
     4755.66    1.02551
     4758.40    1.02314
     4761.14    1.01532
     4763.88    1.01045
     4766.62    1.01921
     4769.36    1.02121
     4772.10    1.01742
     4774.84    1.02574
     4777.58    1.02650
     4780.32    1.02170
     4783.06    1.01622
     4785.80    1.01590
     4788.54    1.01607
     4791.28    1.01675
     4794.02    1.02478
     4796.76    1.02366
     4799.50    1.02873
     4802.24    1.02182
     4804.98    1.01329
     4807.72    1.01825
     4810.46    1.02025
     4813.20    1.02203
     4815.94    1.02555
     4818.68    1.02268
     4821.42    1.01543
     4824.16    1.01398
     4826.90    1.02360
     4829.64    1.01835
     4832.38    1.01704
     4835.12    1.00723
     4837.86    1.00340
     4840.60    1.00800
     4843.34    1.00871
     4846.08    1.00376
     4848.82   0.993870
     4851.56   0.981557
     4854.30   0.949920
     4857.04   0.891302
     4859.78   0.788270
     4862.52   0.787860
     4865.26   0.876087
     4868.00   0.931657
     4870.74   0.952820
     4873.48   0.971593
     4876.22   0.980156
     4878.96   0.987418
     4881.70   0.997228
     4884.44   0.993862
     4887.18   0.999613
     4889.92   0.986104
     4892.66   0.989118
     4895.40    1.00532
     4898.14    1.00943
     4900.88    1.00754
     4903.62    1.00341
     4906.36    1.00971
     4909.10    1.00428
     4911.84    1.00582
     4914.58    1.00478
     4917.32   0.996296
     4920.06   0.975773
     4922.80   0.979190
     4925.54   0.993612
     4928.28    1.00349
     4931.02    1.00070
     4933.76   0.985948
     4936.50   0.989103
     4939.24   0.990418
     4941.98    1.00922
     4944.72    1.00884
     4947.46    1.00783
     4950.20    1.01458
     4952.94    1.00443
     4955.68   0.986307
     4958.42   0.977990
     4961.16   0.996179
     4963.90   0.999059
     4966.64    1.00799
     4969.38    1.00663
     4972.12    1.00569
     4974.86    1.00177
     4977.60   0.998595
     4980.34   0.985125
     4983.08   0.970619
     4985.82   0.979764
     4988.56   0.985865
     4991.30   0.988127
     4994.04   0.988519
     4996.78   0.990514
     4999.52   0.983108
     5002.26   0.980376
     5005.00   0.968873
     5007.74   0.968807
     5010.48   0.971045
     5013.22   0.980166
     5015.96   0.969782
     5018.70   0.967054
     5021.44   0.975961
     5024.18   0.985752
     5026.92   0.989360
     5029.66   0.988363
     5032.40   0.987870
     5035.14   0.982052
     5037.88   0.976291
     5040.62   0.963555
     5043.36   0.968305
     5046.10   0.981660
     5048.84   0.979441
     5051.58   0.973942
     5054.32   0.987606
     5057.06   0.994208
     5059.80   0.992645
     5062.54   0.988609
     5065.28   0.985248
     5068.02   0.983509
     5070.76   0.983288
     5073.50   0.981484
     5076.24   0.978465
     5078.98   0.965728
     5081.72   0.964028
     5084.46   0.976004
     5087.20   0.980252
     5089.94   0.985220
     5092.68   0.990428
     5095.42   0.987776
     5098.16   0.970706
     5100.90   0.972924
     5103.64   0.977487
     5106.38   0.969886
     5109.12   0.963177
     5111.86   0.969721
     5114.60   0.979121
     5117.34   0.985448
     5120.08   0.983530
     5122.82   0.973601
     5125.56   0.968171
     5128.30   0.965314
     5131.04   0.970896
     5133.78   0.961257
     5136.52   0.958681
     5139.26   0.951159
     5142.00   0.951738
     5144.74   0.966397
     5147.48   0.972530
     5150.22   0.967665
     5152.96   0.966112
     5155.70   0.967653
     5158.44   0.974657
     5161.18   0.973478
     5163.92   0.952045
     5166.66   0.909325
     5169.40   0.891036
     5172.14   0.890141
     5174.88   0.923834
     5177.62   0.956589
     5180.36   0.951297
     5183.10   0.907480
     5185.84   0.911546
     5188.58   0.936462
     5191.32   0.939614
     5194.06   0.943899
     5196.80   0.953726
     5199.54   0.957318
     5202.28   0.953425
     5205.02   0.937605
     5207.76   0.933613
     5210.50   0.947251
     5213.24   0.963381
     5215.98   0.957949
     5218.72   0.964023
     5221.46   0.967345
     5224.20   0.957836
     5226.94   0.935784
     5229.68   0.942737
     5232.42   0.946198
     5235.16   0.951245
     5237.90   0.963499
     5240.64   0.968289
     5243.38   0.969432
     5246.12   0.966762
     5248.86   0.962212
     5251.60   0.959568
     5254.34   0.964777
     5257.08   0.970064
     5259.82   0.958782
     5262.56   0.939030
     5265.30   0.917128
     5268.04   0.916662
     5270.78   0.923048
     5273.52   0.938562
     5276.26   0.952665
     5279.00   0.958382
     5281.74   0.950492
     5284.48   0.957633
     5287.22   0.967053
     5289.96   0.970371
     5292.70   0.970010
     5295.44   0.966877
     5298.18   0.957030
     5300.92   0.954432
     5303.66   0.958470
     5306.40   0.962814
     5309.14   0.968069
     5311.88   0.961572
     5314.62   0.951594
     5317.36   0.952547
     5320.10   0.960682
     5322.84   0.949805
     5325.58   0.936974
     5328.32   0.924807
     5331.06   0.939394
     5333.80   0.952665
     5336.54   0.948092
     5339.28   0.941808
     5342.02   0.943565
     5344.76   0.946613
     5347.50   0.943928
     5350.24   0.945692
     5352.98   0.950274
     5355.72   0.952809
     5358.46   0.955370
     5361.20   0.953718
     5363.94   0.939807
     5366.68   0.936122
     5369.42   0.934719
     5372.16   0.935167
     5374.90   0.944361
     5377.64   0.949703
     5380.38   0.945894
     5383.12   0.941988
     5385.86   0.943762
     5388.60   0.946108
     5391.34   0.941582
     5394.08   0.931076
     5396.82   0.914814
     5399.56   0.925094
     5402.30   0.930059
     5405.04   0.918851
     5407.78   0.924836
     5410.52   0.930785
     5413.26   0.934637
     5416.00   0.938019
     5418.74   0.936469
     5421.48   0.935361
     5424.22   0.935187
     5426.96   0.930738
     5429.70   0.926630
     5432.44   0.928016
     5435.18   0.930154
     5437.92   0.931649
     5440.66   0.928609
     5443.40   0.928021
     5446.14   0.927345
     5448.88   0.930811
     5451.62   0.934139
     5454.36   0.924575
     5457.10   0.925296
     5459.84   0.933796
     5462.58   0.934104
     5465.32   0.936702
     5468.06   0.939500
     5470.80   0.940817
     5473.54   0.935763
     5476.28   0.927032
     5479.02   0.930798
     5481.76   0.934830
     5484.50   0.936924
     5487.24   0.936516
     5489.98   0.935957
     5492.72   0.938134
     5495.46   0.934506
     5498.20   0.928101
     5500.94   0.929339
     5503.68   0.929161
     5506.42   0.924395
     5509.16   0.922771
     5511.90   0.923834
     5514.64   0.924823
     5517.38   0.927767
     5520.12   0.929431
     5522.86   0.927166
     5525.60   0.921882
     5528.34   0.918510
     5531.08   0.923352
     5533.82   0.928404
     5536.56   0.931907
     5539.30   0.932147
     5542.04   0.938921
     5544.78   0.939749
     5547.52   0.932492
     5550.26   0.931081
     5553.00   0.930666
     5555.74   0.931957
     5558.48   0.932291
     5561.22   0.927768
     5563.96   0.924750
     5566.70   0.925592
     5569.44   0.923271
     5572.18   0.920016
     5574.92   0.919173
     5577.66   0.922475
     5580.40   0.922597
     5583.14   0.916603
     5585.88   0.907642
     5588.62   0.903666
     5591.36   0.909235
     5594.10   0.916762
     5596.84   0.916142
     5599.58   0.910826
     5602.32   0.909820
     5605.06   0.915899
     5607.80   0.921378
     5610.54   0.919995
     5613.28   0.916458
     5616.02   0.914564
     5618.76   0.920095
     5621.50   0.925765
     5624.24   0.924821
     5626.98   0.924756
     5629.72   0.924253
     5632.46   0.915874
     5635.20   0.911944
     5637.94   0.916195
     5640.68   0.918678
     5643.42   0.921732
     5646.16   0.925571
     5648.90   0.935448
     5651.64   0.932210
     5654.38   0.909782
     5657.12   0.905549
     5659.86   0.908739
     5662.60   0.909377
     5665.34   0.909397
     5668.08   0.908827
     5670.82   0.905040
     5673.56   0.896449
     5676.30   0.896552
     5679.04   0.902382
     5681.78   0.901785
     5684.52   0.899776
     5687.26   0.900914
     5690.00   0.903774
     5692.74   0.909720
     5695.48   0.907722
     5698.22   0.897572
     5700.96   0.894445
     5703.70   0.894383
     5706.44   0.894495
     5709.18   0.893870
     5711.92   0.890468
     5714.66   0.891702
     5717.40   0.900751
     5720.14   0.905583
     5722.88   0.906840
     5725.62   0.904256
     5728.36   0.900129
     5731.10   0.894987
     5733.84   0.890680
     5736.58   0.888929
     5739.32   0.888730
     5742.06   0.890180
     5744.80   0.889919
     5747.54   0.889127
     5750.28   0.891307
     5753.02   0.893590
     5755.76   0.893705
     5758.50   0.893046
     5761.24   0.891436
     5763.98   0.892255
     5766.72   0.895104
     5769.46   0.898892
     5772.20   0.902196
     5774.94   0.900137
     5777.68   0.897092
     5780.42   0.893573
     5783.16   0.891870
     5785.90   0.892552
     5788.64   0.894947
     5791.38   0.897700
     5794.12   0.893851
     5796.86   0.890654
     5799.60   0.897142
     5802.34   0.898789
     5805.08   0.889745
     5807.82   0.886604
     5810.56   0.888742
     5813.30   0.891102
     5816.04   0.893130
     5818.78   0.892069
     5821.52   0.890951
     5824.26   0.891264
     5827.00   0.891547
     5829.74   0.891594
     5832.48   0.885717
     5835.22   0.876829
     5837.96   0.876246
     5840.70   0.878316
     5843.44   0.881895
     5846.18   0.885088
     5848.92   0.887186
     5851.66   0.886180
     5854.40   0.882454
     5857.14   0.880255
     5859.88   0.878383
     5862.62   0.873854
     5865.36   0.874715
     5868.10   0.894819
     5870.84   0.901871
     5873.58   0.887692
     5876.32   0.882476
     5879.06   0.882596
     5881.80   0.871668
     5884.54   0.858094
     5887.28   0.848144
     5890.02   0.841797
     5892.76   0.842350
     5895.50   0.845245
     5898.24   0.850189
     5900.98   0.854045
     5903.72   0.857540
     5906.46   0.861898
     5909.20   0.864500
     5911.94   0.860491
     5914.68   0.858964
     5917.42   0.862096
     5920.16   0.863458
     5922.90   0.863183
     5925.64   0.858966
     5928.38   0.854747
     5931.12   0.857796
     5933.86   0.860948
     5936.60   0.861752
     5939.34   0.864120
     5942.08   0.868245
     5944.82   0.868484
     5947.56   0.866641
     5950.30   0.862228
     5953.04   0.858345
     5955.78   0.858448
     5958.52   0.860723
     5961.26   0.865958
     5964.00   0.869116
     5966.74   0.870657
     5969.48   0.873057
     5972.22   0.874033
     5974.96   0.864357
     5977.70   0.856490
     5980.44   0.858210
     5983.18   0.861062
     5985.92   0.864769
     5988.66   0.859423
     5991.40   0.850422
     5994.14   0.853927
     5996.88   0.859740
     5999.62   0.862526
     6002.36   0.864528
     6005.10   0.865705
     6007.84   0.862473
     6010.58   0.855863
     6013.32   0.853437
     6016.06   0.853429
     6018.80   0.859302
     6021.54   0.863245
     6024.28   0.858377
     6027.02   0.854078
     6029.76   0.851082
     6032.50   0.851374
     6035.24   0.853594
     6037.98   0.854967
     6040.72   0.855221
     6043.46   0.851584
     6046.20   0.850177
     6048.94   0.853910
     6051.68   0.855358
     6054.42   0.854618
     6057.16   0.852061
     6059.90   0.849123
     6062.64   0.848987
     6065.38   0.848049
     6068.12   0.843129
     6070.86   0.839854
     6073.60   0.839365
     6076.34   0.842008
     6079.08   0.846563
     6081.82   0.849036
     6084.56   0.849511
     6087.30   0.843444
     6090.04   0.839114
     6092.78   0.840238
     6095.52   0.841912
     6098.26   0.843895
     6101.00   0.842741
     6103.74   0.840888
     6106.48   0.843971
     6109.22   0.845916
     6111.96   0.841041
     6114.70   0.837174
     6117.44   0.835623
     6120.18   0.835940
     6122.92   0.837583
     6125.66   0.839348
     6128.40   0.840372
     6131.14   0.837295
     6133.88   0.833086
     6136.62   0.827442
     6139.36   0.822220
     6142.10   0.817577
     6144.84   0.819100
     6147.58   0.822612
     6150.32   0.818843
     6153.06   0.815284
     6155.80   0.817916
     6158.54   0.819386
     6161.28   0.818180
     6164.02   0.820019
     6166.76   0.824072
     6169.50   0.826210
     6172.24   0.827044
     6174.98   0.824097
     6177.72   0.822389
     6180.46   0.825573
     6183.20   0.827042
     6185.94   0.826249
     6188.68   0.823175
     6191.42   0.819357
     6194.16   0.819992
     6196.90   0.822711
     6199.64   0.829347
     6202.38   0.835984
     6205.12   0.841973
     6207.86   0.837007
     6210.60   0.824188
     6213.34   0.826626
     6216.08   0.833257
     6218.82   0.830256
     6221.56   0.824946
     6224.30   0.816981
     6227.04   0.812992
     6229.78   0.814280
     6232.52   0.812997
     6235.26   0.810742
     6238.00   0.813791
     6240.74   0.817420
     6243.48   0.817732
     6246.22   0.815857
     6248.96   0.810610
     6251.70   0.805419
     6254.44   0.800669
     6257.18   0.805211
     6259.92   0.812398
     6262.66   0.812614
     6265.40   0.812430
     6268.14   0.814338
     6270.88   0.813651
     6273.62   0.809240
     6276.36   0.808536
     6279.10   0.810231
     6281.84   0.812085
     6284.58   0.813661
     6287.32   0.813750
     6290.06   0.811786
     6292.80   0.805930
     6295.54   0.801933
     6298.28   0.799820
     6301.02   0.802591
     6303.76   0.807015
     6306.50   0.809383
     6309.24   0.809615
     6311.98   0.804221
     6314.72   0.802850
     6317.46   0.807873
     6320.20   0.808730
     6322.94   0.806816
     6325.68   0.806839
     6328.42   0.806122
     6331.16   0.798625
     6333.90   0.792705
     6336.64   0.792558
     6339.38   0.792522
     6342.12   0.792497
     6344.86   0.795569
     6347.60   0.799897
     6350.34   0.803432
     6353.08   0.805319
     6355.82   0.802175
     6358.56   0.800997
     6361.30   0.803473
     6364.04   0.804820
     6366.78   0.804890
     6369.52   0.798925
     6372.26   0.792557
     6375.00   0.795527
     6377.74   0.797373
     6380.48   0.792849
     6383.22   0.791186
     6385.96   0.792958
     6388.70   0.793060
     6391.44   0.792384
     6394.18   0.792068
     6396.92   0.791627
     6399.66   0.790450
     6402.40   0.787461
     6405.14   0.781620
     6407.88   0.780367
     6410.62   0.782598
     6413.36   0.783696
     6416.10   0.784004
     6418.84   0.781748
     6421.58   0.781073
     6424.32   0.785985
     6427.06   0.785872
     6429.80   0.779287
     6432.54   0.777067
     6435.28   0.777538
     6438.02   0.780514
     6440.76   0.783822
     6443.50   0.785909
     6446.24   0.786201
     6448.98   0.783506
     6451.72   0.782436
     6454.46   0.782816
     6457.20   0.785027
     6459.94   0.786949
     6462.68   0.781598
     6465.42   0.777989
     6468.16   0.782720
     6470.90   0.787045
     6473.64   0.790089
     6476.38   0.786435
     6479.12   0.779176
     6481.86   0.778092
     6484.60   0.778326
     6487.34   0.776947
     6490.08   0.773817
     6492.82   0.767480
     6495.56   0.768035
     6498.30   0.774651
     6501.04   0.776229
     6503.78   0.776295
     6506.52   0.779236
     6509.26   0.782186
     6512.00   0.783644
     6514.74   0.781059
     6517.48   0.772984
     6520.22   0.770076
     6522.96   0.770823
     6525.70   0.773643
     6528.44   0.775896
     6531.18   0.772261
     6533.92   0.768552
     6536.66   0.766275
     6539.40   0.766272
     6542.14   0.768403
     6544.88   0.767004
     6547.62   0.762420
     6550.36   0.743771
     6553.10   0.723237
     6555.84   0.705759
     6558.58   0.679102
     6561.32   0.638905
     6564.06   0.637409
     6566.80   0.664120
     6569.54   0.701649
     6572.28   0.738675
     6575.02   0.753242
     6577.76   0.761219
     6580.50   0.759653
     6583.24   0.758671
     6585.98   0.758679
     6588.72   0.763435
     6591.46   0.769756
     6594.20   0.769566
     6596.94   0.769228
     6599.68   0.773503
     6602.42   0.776047
     6605.16   0.775188
     6607.90   0.772046
     6610.64   0.767516
     6613.38   0.767152
     6616.12   0.768379
     6618.86   0.770688
     6621.60   0.773249
     6624.34   0.776103
     6627.08   0.775331
     6629.82   0.770144
     6632.56   0.765507
     6635.30   0.761693
     6638.04   0.763044
     6640.78   0.768660
     6643.52   0.786073
     6646.26   0.790737
     6649.00   0.771344
     6651.74   0.763552
     6654.48   0.765226
     6657.22   0.764611
     6659.96   0.763389
     6662.70   0.763582
     6665.44   0.764158
     6668.18   0.765247
     6670.92   0.764493
     6673.66   0.761247
     6676.40   0.756160
     6679.14   0.750623
     6681.88   0.751993
     6684.62   0.755168
     6687.36   0.758237
     6690.10   0.759797
     6692.84   0.758473
     6695.58   0.757974
     6698.32   0.758177
     6701.06   0.755643
     6703.80   0.752805
     6706.54   0.755116
     6709.28   0.755592
     6712.02   0.748079
     6714.76   0.743719
     6717.50   0.744440
     6720.24   0.748424
     6722.98   0.753764
     6725.72   0.750662
     6728.46   0.746177
     6731.20   0.746782
     6733.94   0.747617
     6736.68   0.747673
     6739.42   0.747076
     6742.16   0.745918
     6744.90   0.746564
     6747.64   0.747882
     6750.38   0.748726
     6753.12   0.749115
     6755.86   0.748368
     6758.60   0.747353
     6761.34   0.746058
     6764.08   0.743433
     6766.82   0.740288
     6769.56   0.742364
     6772.30   0.744237
     6775.04   0.736338
     6777.78   0.731801
     6780.52   0.738689
     6783.26   0.741342
     6786.00   0.739235
     6788.74   0.736077
     6791.48   0.733073
     6794.22   0.735720
     6796.96   0.737159
     6799.70   0.730288
     6802.44   0.728027
     6805.18   0.733894
     6807.92   0.734608
     6810.66   0.731607
     6813.40   0.729904
     6816.14   0.729676
     6818.88   0.735880
     6821.62   0.740108
     6824.36   0.736895
     6827.10   0.733361
     6829.84   0.729846
     6832.58   0.731743
     6835.32   0.735638
     6838.06   0.731797
     6840.80   0.727273
     6843.54   0.726999
     6846.28   0.727458
     6849.02   0.728471
     6851.76   0.728312
     6854.50   0.727089
     6857.24   0.721729
     6859.98   0.716218
     6862.72   0.719291
     6865.46   0.721891
     6868.20   0.719943
     6870.94   0.720395
     6873.68   0.724178
     6876.42   0.729640
     6879.16   0.735473
     6881.90   0.735236
     6884.64   0.732403
     6887.38   0.725304
     6890.12   0.718430
     6892.86   0.712719
     6895.60   0.713062
     6898.34   0.718279
     6901.08   0.721249
     6903.82   0.723714
     6906.56   0.728149
     6909.30   0.731373
     6912.04   0.730240
     6914.78   0.727859
     6917.52   0.724187
     6920.26   0.721533
     6923.00   0.719573
     6925.74   0.718220
     6928.48   0.717398
     6931.22   0.718214
     6933.96   0.718620
     6936.70   0.717796
     6939.44   0.715648
     6942.18   0.712393
     6944.92   0.712068
     6947.66   0.713013
     6950.40   0.714861
     6953.14   0.714740
     6955.88   0.708129
     6958.62   0.706048
     6961.36   0.710884
     6964.10   0.713763
     6966.84   0.715218
     6969.58   0.715816
     6972.32   0.715834
     6975.06   0.714227
     6977.80   0.712777
     6980.54   0.712148
     6983.28   0.714322
     6986.02   0.719159
     6988.76   0.717078
     6991.50   0.712136
     6994.24   0.709093
     6996.98   0.706897
     6999.72   0.706188
     7002.46   0.706656
     7005.20   0.708683
     7007.94   0.710511
     7010.68   0.711855
     7013.42   0.707966
     7016.16   0.703743
     7018.90   0.707336
     7021.64   0.709208
     7024.38   0.704241
     7027.12   0.699749
     7029.86   0.696446
     7032.60   0.707569
     7035.34   0.724489
     7038.08   0.728011
     7040.82   0.726473
     7043.56   0.717597
     7046.30   0.709870
     7049.04   0.705030
     7051.78   0.703637
     7054.52   0.704563
     7057.26   0.702472
     7060.00   0.699858
     7062.74   0.700259
     7065.48   0.700262
     7068.22   0.698154
     7070.96   0.697291
     7073.70   0.697958
     7076.44   0.695586
     7079.18   0.691992
     7081.92   0.692965
     7084.66   0.694984
     7087.40   0.696707
     7090.14   0.696005
     7092.88   0.690983
     7095.62   0.689256
     7098.36   0.690210
     7101.10   0.691606
     7103.84   0.693281
     7106.58   0.695801
     7109.32   0.696739
     7112.06   0.692971
     7114.80   0.688176
     7117.54   0.682530
     7120.28   0.681785
     7123.02   0.683715
     7125.76   0.682628
     7128.50   0.681037
     7131.24   0.680781
     7133.98   0.682054
     7136.72   0.686211
     7139.46   0.687002
     7142.20   0.684803
     7144.94   0.682800
     7147.68   0.680878
     7150.42   0.679132
     7153.16   0.677682
     7155.90   0.677001
     7158.64   0.676650
     7161.38   0.676697
     7164.12   0.678097
     7166.86   0.680303
     7169.60   0.681868
     7172.34   0.682632
     7175.08   0.680349
     7177.82   0.678610
     7180.56   0.678953
     7183.30   0.678033
     7186.04   0.676264
     7188.78   0.687404
     7191.52   0.700717
     7194.26   0.687982
     7197.00   0.673007
     7199.74   0.667338
     7202.48   0.666468
     7205.22   0.671387
     7207.96   0.671650
     7210.70   0.669120
     7213.44   0.672261
     7216.18   0.677573
     7218.92   0.685416
     7221.66   0.688040
     7224.40   0.677042
     7227.14   0.673209
     7229.88   0.677289
     7232.62   0.674438
     7235.36   0.669074
     7238.10   0.670664
     7240.84   0.673632
     7243.58   0.676117
     7246.32   0.676621
     7249.06   0.674114
     7251.80   0.672098
     7254.54   0.670546
     7257.28   0.670646
     7260.02   0.671073
     7262.76   0.670313
     7265.50   0.669638
     7268.24   0.669568
     7270.98   0.668669
     7273.72   0.666790
     7276.46   0.665684
     7279.20   0.665132
     7281.94   0.665832
     7284.68   0.667292
     7287.42   0.670542
     7290.16   0.671312
     7292.90   0.667500
     7295.64   0.665745
     7298.38   0.665558
     7301.12   0.663769
     7303.86   0.661901
     7306.60   0.662937
     7309.34   0.664404
     7312.08   0.665856
     7314.82   0.665387
     7317.56   0.662587
     7320.30   0.661581
     7323.04   0.661436
     7325.78   0.659353
     7328.52   0.657353
     7331.26   0.657835
     7334.00   0.658816
     7336.74   0.660300
     7339.48   0.661060
     7342.22   0.661098
     7344.96   0.658167
     7347.70   0.654887
     7350.44   0.656740
     7353.18   0.659558
     7355.92   0.662628
     7358.66   0.662046
     7361.40   0.656742
     7364.14   0.653957
     7366.88   0.653032
     7369.62   0.655333
     7372.36   0.658465
     7375.10   0.661233
     7377.84   0.661369
     7380.58   0.655582
     7383.32   0.654410
     7386.06   0.657390
     7388.80   0.652113
     7391.54   0.644508
     7394.28   0.644910
     7397.02   0.646886
     7399.76   0.648986
     7402.50   0.649123
     7405.24   0.646561
     7407.98   0.647030
     7410.72   0.649132
     7413.46   0.646257
     7416.20   0.642742
     7418.94   0.643723
     7421.68   0.645200
     7424.42   0.646698
     7427.16   0.647697
     7429.90   0.648200
     7432.64   0.649513
     7435.38   0.650268
     7438.12   0.643647
     7440.86   0.638716
     7443.60   0.644851
     7446.34   0.647376
     7449.08   0.643143
     7451.82   0.641781
     7454.56   0.642570
     7457.30   0.645950
     7460.04   0.648837
     7462.78   0.644143
     7465.52   0.640116
     7468.26   0.640012
     7471.00   0.638665
     7473.74   0.635904
     7476.48   0.637587
     7479.22   0.640915
     7481.96   0.638391
     7484.70   0.635030
     7487.44   0.633532
     7490.18   0.632976
     7492.92   0.633714
     7495.66   0.634022
     7498.40   0.634077
     7501.14   0.636140
     7503.88   0.638145
     7506.62   0.635819
     7509.36   0.633291
     7512.10   0.631843
     7514.84   0.631598
     7517.58   0.632738
     7520.32   0.634023
     7523.06   0.635201
     7525.80   0.634549
     7528.54   0.633107
     7531.28   0.630289
     7534.02   0.630146
     7536.76   0.635382
     7539.50   0.635178
     7542.24   0.630555
     7544.98   0.627404
     7547.72   0.625129
     7550.46   0.625298
     7553.20   0.623098
     7555.94   0.613333
     7558.68   0.611980
     7561.42   0.621667
     7564.16   0.625557
     7566.90   0.626196
     7569.64   0.629850
     7572.38   0.633077
     7575.12   0.630625
     7577.86   0.627639
     7580.60   0.624707
     7583.34   0.623472
     7586.08   0.623870
     7588.82   0.626091
     7591.56   0.627884
     7594.30   0.621512
     7597.04   0.616442
     7599.78   0.619658
     7602.52   0.621186
     7605.26   0.619685
     7608.00   0.619132
     7610.74   0.619259
     7613.48   0.620217
     7616.22   0.621024
     7618.96   0.619780
     7621.70   0.618637
     7624.44   0.618207
     7627.18   0.619292
     7629.92   0.621817
     7632.66   0.622132
     7635.40   0.621539
     7638.14   0.621667
     7640.88   0.620739
     7643.62   0.615864
     7646.36   0.612747
     7649.10   0.612614
     7651.84   0.611184
     7654.58   0.608994
     7657.32   0.608857
     7660.06   0.608548
     7662.80   0.603878
     7665.54   0.601333
     7668.28   0.605040
     7671.02   0.608040
     7673.76   0.609987
     7676.50   0.610539
     7679.24   0.610433
     7681.98   0.610742
     7684.72   0.611158
     7687.46   0.611633
     7690.20   0.612143
     7692.94   0.612728
     7695.68   0.610767
     7698.42   0.607198
     7701.16   0.607880
     7703.90   0.609251
     7706.64   0.606939
     7709.38   0.603970
     7712.12   0.600645
     7714.86   0.601450
     7717.60   0.606967
     7720.34   0.609367
     7723.08   0.609751
     7725.82   0.607166
     7728.56   0.604090
     7731.30   0.601926
     7734.04   0.599200
     7736.78   0.595254
     7739.52   0.595230
     7742.26   0.598144
     7745.00   0.597603
     7747.74   0.596267
     7750.48   0.597363
     7753.22   0.598201
     7755.96   0.597341
     7758.70   0.597691
     7761.44   0.599654
     7764.18   0.602589
     7766.92   0.605457
     7769.66   0.601676
     7772.40   0.597652
     7775.14   0.600220
     7777.88   0.600721
     7780.62   0.595509
     7783.36   0.592232
     7786.10   0.590745
     7788.84   0.590880
     7791.58   0.591306
     7794.32   0.589384
     7797.06   0.588589
     7799.80   0.592185
     7802.54   0.594629
     7805.28   0.595180
     7808.02   0.593628
     7810.76   0.591166
     7813.50   0.593113
     7816.24   0.595917
     7818.98   0.596995
     7821.72   0.597898
     7824.46   0.598776
     7827.20   0.597310
     7829.94   0.593547
     7832.68   0.589739
     7835.42   0.586438
     7838.16   0.587019
     7840.90   0.587679
     7843.64   0.586153
     7846.38   0.586347
     7849.12   0.589165
     7851.86   0.592477
     7854.60   0.595685
     7857.34   0.592199
     7860.08   0.587142
     7862.82   0.583702
     7865.56   0.581657
     7868.30   0.582379
     7871.04   0.582168
     7873.78   0.580894
     7876.52   0.579901
     7879.26   0.579467
     7882.00   0.582415
     7884.74   0.585852
     7887.48   0.588461
     7890.22   0.591281
     7892.96   0.594585
     7895.70   0.591318
     7898.44   0.583837
     7901.18   0.581278
     7903.92   0.579810
     7906.66   0.576216
     7909.40   0.573336
     7912.14   0.572835
     7914.88   0.574356
     7917.62   0.577920
     7920.36   0.578430
     7923.10   0.577567
     7925.84   0.578803
     7928.58   0.580356
     7931.32   0.581287
     7934.06   0.581707
     7936.80   0.581335
     7939.54   0.579859
     7942.28   0.577245
     7945.02   0.568047
     7947.76   0.559820
     7950.50   0.570717
     7953.24   0.580182
     7955.98   0.578605
     7958.72   0.584013
     7961.46   0.597846
     7964.20   0.592021
     7966.94   0.576748
     7969.68   0.577143
     7972.42   0.580710
     7975.16   0.581226
     7977.90   0.580372
     7980.64   0.577250
     7983.38   0.581091
     7986.12   0.590227
     7988.86   0.584724
     7991.60   0.575343
     7994.34   0.576010
     7997.08   0.576430
     7999.82   0.571433
     8002.56   0.568707
     8005.30   0.569247
     8008.04   0.569923
     8010.78   0.570425
     8013.52   0.568053
     8016.26   0.565879
     8019.00   0.568382
     8021.74   0.569252
     8024.48   0.565733
     8027.22   0.565072
     8029.96   0.567231
     8032.70   0.570749
     8035.44   0.574213
     8038.18   0.573209
     8040.92   0.571255
     8043.66   0.568963
     8046.40   0.569066
     8049.14   0.572430
     8051.88   0.572666
     8054.62   0.571027
     8057.36   0.569934
     8060.10   0.569197
     8062.84   0.569545
     8065.58   0.569518
     8068.32   0.568406
     8071.06   0.567295
     8073.80   0.566214
     8076.54   0.565105
     8079.28   0.564044
     8082.02   0.563441
     8084.76   0.562392
     8087.50   0.559494
     8090.24   0.559312
     8092.98   0.563428
     8095.72   0.563003
     8098.46   0.559678
     8101.20   0.557918
     8103.94   0.557175
     8106.68   0.559511
     8109.42   0.560210
     8112.16   0.556243
     8114.90   0.556079
     8117.64   0.560119
     8120.38   0.560805
     8123.12   0.559852
     8125.86   0.559453
     8128.60   0.559166
     8131.34   0.558837
     8134.08   0.560950
     8136.82   0.567253
     8139.56   0.568452
     8142.30   0.565927
     8145.04   0.563521
     8147.78   0.561562
     8150.52   0.562066
     8153.26   0.561310
     8156.00   0.556580
     8158.74   0.558138
     8161.48   0.566882
     8164.22   0.568756
     8166.96   0.566509
     8169.70   0.560282
     8172.44   0.554196
     8175.18   0.552688
     8177.92   0.551729
     8180.66   0.551100
     8183.40   0.551476
     8186.14   0.552541
     8188.88   0.550737
     8191.62   0.547836
     8194.36   0.544519
     8197.10   0.544073
     8199.84   0.551393
     8202.58   0.553949
     8205.32   0.550250
     8208.06   0.549763
     8210.80   0.551133
     8213.54   0.552711
     8216.28   0.554130
     8219.02   0.554532
     8221.76   0.553085
     8224.50   0.548020
     8227.24   0.547123
     8229.98   0.549907
     8232.72   0.549409
     8235.46   0.547658
     8238.20   0.546387
     8240.94   0.545061
     8243.68   0.543298
     8246.42   0.543257
     8249.16   0.545494
     8251.90   0.546293
     8254.64   0.546212
     8257.38   0.545654
     8260.12   0.544957
     8262.86   0.544177
     8265.60   0.543523
     8268.34   0.543160
     8271.08   0.544092
     8273.82   0.546048
     8276.56   0.542629
     8279.30   0.537782
     8282.04   0.540305
     8284.78   0.542685
     8287.52   0.539850
     8290.26   0.537907
     8293.00   0.537769
     8295.74   0.538396
     8298.48   0.539275
     8301.22   0.536350
     8303.96   0.532676
     8306.70   0.530636
     8309.44   0.530087
     8312.18   0.532396
     8314.92   0.536693
     8317.66   0.542718
     8320.40   0.542729
     8323.14   0.539833
     8325.88   0.537297
     8328.62   0.536072
     8331.36   0.539330
     8334.10   0.539873
     8336.84   0.535438
     8339.58   0.530953
     8342.32   0.526870
     8345.06   0.530507
     8347.80   0.535077
     8350.54   0.531364
     8353.28   0.527216
     8356.02   0.524797
     8358.76   0.524379
     8361.50   0.526030
     8364.24   0.526541
     8366.98   0.526252
     8369.72   0.524068
     8372.46   0.522317
     8375.20   0.524065
     8377.94   0.525585
     8380.68   0.526169
     8383.42   0.526885
     8386.16   0.527639
     8388.90   0.527158
     8391.64   0.526608
     8394.38   0.528195
     8397.12   0.529781
     8399.86   0.530511
     8402.60   0.530319
     8405.34   0.529069
     8408.08   0.525487
     8410.82   0.520994
     8413.56   0.520418
     8416.30   0.521166
     8419.04   0.523663
     8421.78   0.525847
     8424.52   0.527121
     8427.26   0.526709
     8430.00   0.524758
     8432.74   0.521620
     8435.48   0.518609
     8438.22   0.519443
     8440.96   0.521398
     8443.70   0.524596
     8446.44   0.527574
     8449.18   0.530165
     8451.92   0.529893
     8454.66   0.528167
     8457.40   0.528650
     8460.14   0.528134
     8462.88   0.520293
     8465.62   0.513898
     8468.36   0.511980
     8471.10   0.511474
     8473.84   0.512119
     8476.58   0.510799
     8479.32   0.509142
     8482.06   0.511119
     8484.80   0.512475
     8487.54   0.509701
     8490.28   0.507256
     8493.02   0.505660
     8495.76   0.501484
     8498.50   0.496375
     8501.24   0.501318
     8503.98   0.508627
     8506.72   0.514157
     8509.46   0.518256
     8512.20   0.519740
     8514.94   0.518569
     8517.68   0.514890
     8520.42   0.513124
     8523.16   0.511856
     8525.90   0.507383
     8528.64   0.502748
     8531.38   0.499871
     8534.12   0.493089
     8536.86   0.479966
     8539.60   0.466971
     8542.34   0.455304
     8545.08   0.464352
     8547.82   0.478690
     8550.56   0.487551
     8553.30   0.494368
     8556.04   0.498264
     8558.78   0.499558
     8561.52   0.498284
     8564.26   0.498405
     8567.00   0.499592
     8569.74   0.504037
     8572.48   0.508049
     8575.22   0.507576
     8577.96   0.507102
     8580.70   0.507213
     8583.44   0.507141
     8586.18   0.506936
     8588.92   0.506842
     8591.66   0.506393
     8594.40   0.503712
     8597.14   0.502123
     8599.88   0.504021
     8602.62   0.507411
     8605.36   0.512173
     8608.10   0.512379
     8610.84   0.510384
     8613.58   0.510448
     8616.32   0.510090
     8619.06   0.505755
     8621.80   0.502277
     8624.54   0.501020
     8627.28   0.501594
     8630.02   0.503560
     8632.76   0.502712
     8635.50   0.500792
     8638.24   0.498814
     8640.98   0.497495
     8643.72   0.498012
     8646.46   0.496326
     8649.20   0.491844
     8651.94   0.488950
     8654.68   0.486583
     8657.42   0.479438
     8660.16   0.471812
     8662.90   0.467116
     8665.64   0.468968
     8668.38   0.483231
     8671.12   0.491759
     8673.86   0.494704
     8676.60   0.496319
     8679.34   0.497311
     8682.08   0.498067
     8684.82   0.497647
     8687.56   0.493803
     8690.30   0.489891
     8693.04   0.486145
     8695.78   0.487587
     8698.52   0.491735
     8701.26   0.491637
     8704.00   0.490927
     8706.74   0.492589
     8709.48   0.494479
     8712.22   0.496268
     8714.96   0.494248
     8717.70   0.488630
     8720.44   0.485666
     8723.18   0.485249
     8725.92   0.494945
     8728.66   0.502561
     8731.40   0.496436
     8734.14   0.493895
     8736.88   0.498167
     8739.62   0.498208
     8742.36   0.495463
     8745.10   0.492137
     8747.84   0.487940
     8750.58   0.480225
     8753.32   0.474113
     8756.06   0.472494
     8758.80   0.474654
     8761.54   0.480483
     8764.28   0.486219
     8767.02   0.491244
     8769.76   0.490534
     8772.50   0.487747
     8775.24   0.481688
     8777.98   0.478937
     8780.72   0.482276
     8783.46   0.482118
     8786.20   0.480030
     8788.94   0.488281
     8791.68   0.498875
     8794.42   0.503908
     8797.16   0.502873
     8799.90   0.489436
     8802.64   0.481047
     8805.38   0.478824
     8808.12   0.476242
     8810.86   0.473942
     8813.60   0.476641
     8816.34   0.479243
     8819.08   0.476714
     8821.82   0.476868
     8824.56   0.482617
     8827.30   0.482922
     8830.04   0.479040
     8832.78   0.480341
     8835.52   0.482252
     8838.26   0.476688
     8841.00   0.471594
     8843.74   0.470878
     8846.48   0.471518
     8849.22   0.473448
     8851.96   0.473562
     8854.70   0.472826
     8857.44   0.473465
     8860.18   0.473934
     8862.92   0.472300
     8865.66   0.471859
     8868.40   0.474071
     8871.14   0.476219
     8873.88   0.477876
     8876.62   0.472347
     8879.36   0.465303
     8882.10   0.467426
     8884.84   0.470086
     8887.58   0.469572
     8890.32   0.469103
     8893.06   0.468936
     8895.80   0.466568
     8898.54   0.463557
     8901.28   0.468600
     8904.02   0.474592
     8906.76   0.475586
     8909.50   0.476550
     8912.24   0.478537
     8914.98   0.478942
     8917.72   0.477815
     8920.46   0.476482
     8923.20   0.474534
     8925.94   0.468804
     8928.68   0.463700
     8931.42   0.462998
     8934.16   0.459571
     8936.90   0.451749
     8939.64   0.454034
     8942.38   0.462332
     8945.12   0.465945
     8947.86   0.468039
     8950.60   0.469153
     8953.34   0.470854
     8956.08   0.474055
     8958.82   0.475600
     8961.56   0.475314
     8964.30   0.471597
     8967.04   0.466405
     8969.78   0.462279
     8972.52   0.459175
     8975.26   0.459023
     8978.00   0.459215
     8980.74   0.459704
     8983.48   0.466323
     8986.22   0.476636
     8988.96   0.476441
     8991.70   0.472992
     8994.44   0.469863
     8997.18   0.467155
     8999.92   0.465323
     9002.66   0.460683
     9005.40   0.453202
     9008.14   0.451780
     9010.88   0.452834
     9013.62   0.449047
     9016.36   0.446203
     9019.10   0.451387
     9021.84   0.455498
     9024.58   0.456745
     9027.32   0.458764
     9030.06   0.461184
     9032.80   0.460140
     9035.54   0.458059
     9038.28   0.457013
     9041.02   0.457648
     9043.76   0.462095
     9046.50   0.466229
     9049.24   0.469688
     9051.98   0.463786
     9054.72   0.454074
     9057.46   0.455750
     9060.20   0.458633
     9062.94   0.456204
     9065.68   0.456001
     9068.42   0.460737
     9071.16   0.461326
     9073.90   0.458390
     9076.64   0.457231
     9079.38   0.457089
     9082.12   0.459015
     9084.86   0.458486
     9087.60   0.449926
     9090.34   0.445078
     9093.08   0.445390
     9095.82   0.446886
     9098.56   0.449264
     9101.30   0.455034
     9104.04   0.459907
     9106.78   0.457205
     9109.52   0.456153
     9112.26   0.459802
     9115.00   0.461657
     9117.74   0.461929
     9120.48   0.465737
     9123.22   0.469533
     9125.96   0.462747
     9128.70   0.456290
     9131.44   0.456950
     9134.18   0.455546
     9136.92   0.450671
     9139.66   0.446742
     9142.40   0.443718
     9145.14   0.445358
     9147.88   0.447485
     9150.62   0.445823
     9153.36   0.445285
     9156.10   0.447964
     9158.84   0.451065
     9161.58   0.454256
     9164.32   0.452573
     9167.06   0.449238
     9169.80   0.450305
     9172.54   0.451850
     9175.28   0.452088
     9178.02   0.452037
     9180.76   0.451650
     9183.50   0.451553
     9186.24   0.451944
     9188.98   0.456496
     9191.72   0.460629
     9194.46   0.456249
     9197.20   0.450570
     9199.94   0.444572
     9202.68   0.440284
     9205.42   0.437730
     9208.16   0.434671
     9210.90   0.431519
     9213.64   0.429788
     9216.38   0.428940
     9219.12   0.430418
     9221.86   0.431489
     9224.60   0.431592
     9227.34   0.430392
     9230.08   0.428740
     9232.82   0.435403
     9235.56   0.443323
     9238.30   0.442676
     9241.04   0.442268
     9243.78   0.445599
     9246.52   0.445411
     9249.26   0.441238
     9252.00   0.441795
     9254.74   0.444437
     9257.48   0.444364
     9260.22   0.443461
     9262.96   0.441494
     9265.70   0.440764
     9268.44   0.442366
     9271.18   0.440218
     9273.92   0.435112
     9276.66   0.432926
     9279.40   0.432499
     9282.14   0.436055
     9284.88   0.437848
     9287.62   0.433016
     9290.36   0.428371
     9293.10   0.424336
     9295.84   0.426144
     9298.58   0.430510
     9301.32   0.429820
     9304.06   0.428382
     9306.80   0.428833
     9309.54   0.430085
     9312.28   0.432472
     9315.02   0.434418
     9317.76   0.435794
     9320.50   0.434278
     9323.24   0.432626
     9325.98   0.438057
     9328.72   0.443954
     9331.46   0.447571
     9334.20   0.446715
     9336.94   0.439948
     9339.68   0.433684
     9342.42   0.428285
     9345.16   0.430468
     9347.90   0.433691
     9350.64   0.432471
     9353.38   0.430534
     9356.12   0.428198
     9358.86   0.428528
     9361.60   0.431117
     9364.34   0.428625
     9367.08   0.424255
     9369.82   0.422508
     9372.56   0.420879
     9375.30   0.417990
     9378.04   0.417182
     9380.78   0.419652
     9383.52   0.420676
     9386.26   0.420749
     9389.00   0.420704
     9391.74   0.421270
     9394.48   0.425010
     9397.22   0.425929
     9399.96   0.419963
     9402.70   0.419549
     9405.44   0.424721
     9408.18   0.425400
     9410.92   0.424358
     9413.66   0.426341
     9416.40   0.427499
     9419.14   0.423359
     9421.88   0.421117
     9424.62   0.422534
     9427.36   0.422301
     9430.10   0.420793
     9432.84   0.418428
     9435.58   0.415799
     9438.32   0.413269
     9441.06   0.412161
     9443.80   0.414336
     9446.54   0.416252
     9449.28   0.417705
     9452.02   0.416973
     9454.76   0.415427
     9457.50   0.416271
     9460.24   0.416966
     9462.98   0.415254
     9465.72   0.413720
     9468.46   0.412838
     9471.20   0.413448
     9473.94   0.415182
     9476.68   0.415917
     9479.42   0.416039
     9482.16   0.414710
     9484.90   0.414172
     9487.64   0.416391
     9490.38   0.414175
     9493.12   0.406666
     9495.86   0.407608
     9498.60   0.412135
     9501.34   0.410548
     9504.08   0.408419
     9506.82   0.409765
     9509.56   0.410782
     9512.30   0.410628
     9515.04   0.413251
     9517.78   0.418059
     9520.52   0.419240
     9523.26   0.418215
     9526.00   0.412207
     9528.74   0.408341
     9531.48   0.413320
     9534.22   0.414527
     9536.96   0.410233
     9539.70   0.403267
     9542.44   0.395104
     9545.18   0.390897
     9547.92   0.388013
     9550.66   0.386403
     9553.40   0.387575
     9556.14   0.393762
     9558.88   0.399262
     9561.62   0.403905
     9564.36   0.406553
     9567.10   0.407538
     9569.84   0.402445
     9572.58   0.398455
     9575.32   0.401688
     9578.06   0.403573
     9580.80   0.402955
     9583.54   0.402337
     9586.28   0.401704
     9589.02   0.401090
     9591.76   0.401639
     9594.50   0.407622
     9597.24   0.410049
     9599.98   0.403797
     9602.72   0.401691
     9605.46   0.403887
     9608.20   0.407924
     9610.94   0.412881
     9613.68   0.418878
     9616.42   0.421433
     9619.16   0.410890
     9621.90   0.403733
     9624.64   0.403155
     9627.38   0.402213
     9630.12   0.401037
     9632.86   0.400092
     9635.60   0.398661
     9638.34   0.394395
     9641.08   0.391576
     9643.82   0.392896
     9646.56   0.394087
     9649.30   0.394931
     9652.04   0.393596
     9654.78   0.391646
     9657.52   0.393584
     9660.26   0.396040
     9663.00   0.397638
     9665.74   0.397579
     9668.48   0.394875
     9671.22   0.393586
     9673.96   0.393314
     9676.70   0.391590
     9679.44   0.390456
     9682.18   0.395416
     9684.92   0.399828
     9687.66   0.400534
     9690.40   0.400236
     9693.14   0.398999
     9695.88   0.404788
     9698.62   0.413076
     9701.36   0.412876
     9704.10   0.409480
     9706.84   0.401001
     9709.58   0.395234
     9712.32   0.394988
     9715.06   0.394096
     9717.80   0.392633
     9720.54   0.392224
     9723.28   0.391926
     9726.02   0.389814
     9728.76   0.388747
     9731.50   0.391527
     9734.24   0.392013
     9736.98   0.389431
     9739.72   0.392037
     9742.46   0.396713
     9745.20   0.393288
     9747.94   0.388522
     9750.68   0.386589
     9753.42   0.384259
     9756.16   0.380658
     9758.90   0.382488
     9761.64   0.388671
     9764.38   0.387147
     9767.12   0.383513
     9769.86   0.387110
     9772.60   0.390634
     9775.34   0.390007
     9778.08   0.390295
     9780.82   0.392134
     9783.56   0.393666
     9786.30   0.395349
     9789.04   0.400985
     9791.78   0.406219
     9794.52   0.404742
     9797.26   0.401933
     9800.00   0.398075
     9802.74   0.395789
     9805.48   0.394984
     9808.22   0.394488
     9810.96   0.393810
     9813.70   0.390540
     9816.44   0.386828
     9819.18   0.383183
     9821.92   0.382954
     9824.66   0.387911
     9827.40   0.388338
     9830.14   0.386040
     9832.88   0.388688
     9835.62   0.391770
     9838.36   0.389716
     9841.10   0.387074
     9843.84   0.384587
     9846.58   0.385890
     9849.32   0.390767
     9852.06   0.388611
     9854.80   0.384060
     9857.54   0.386232
     9860.28   0.389215
     9863.02   0.390634
     9865.76   0.390932
     9868.50   0.389597
     9871.24   0.388143
     9873.98   0.386735
     9876.72   0.387047
     9879.46   0.387055
     9882.20   0.382313
     9884.94   0.378032
     9887.68   0.376520
     9890.42   0.377066
     9893.16   0.379709
     9895.90   0.382582
     9898.64   0.384840
     9901.38   0.379771
     9904.12   0.374804
     9906.86   0.376068
     9909.60   0.376000
     9912.34   0.372823
     9915.08   0.374254
     9917.82   0.378985
     9920.56   0.377052
     9923.30   0.374625
     9926.04   0.383876
     9928.78   0.390863
     9931.52   0.386629
     9934.26   0.383142
     9937.00   0.381124
     9939.74   0.381856
     9942.48   0.383880
     9945.22   0.384295
     9947.96   0.385045
     9950.70   0.388719
     9953.44   0.387698
     9956.18   0.377843
     9958.92   0.372014
     9961.66   0.370121
     9964.40   0.375215
     9967.14   0.381916
     9969.88   0.380880
     9972.62   0.379768
     9975.36   0.382316
     9978.10   0.381724
     9980.84   0.376689
     9983.58   0.373778
     9986.32   0.372487
     9989.06   0.375540
     9991.80   0.379247
     9994.54   0.380714
     9997.28   0.381718
    10000.02   0.382329
    10002.76   0.383334
    10005.50   0.384470
    10008.24   0.379433
    10010.98   0.372061
    10013.72   0.366168
    10016.46   0.360982
    10019.20   0.357319
    10021.94   0.354635
    10024.68   0.353337
    10027.42   0.354496
    10030.16   0.357179
    10032.90   0.358510
    10035.64   0.360535
    10038.38   0.367714
    10041.12   0.368796
    10043.86   0.355659
    10046.60   0.350903
    10049.34   0.354553
    10052.08   0.357196
    10054.82   0.358898
    10057.56   0.355822
    10060.30   0.355346
    10063.04   0.366709
    10065.78   0.371579
    10068.52   0.365219
    10071.26   0.366972
    10074.00   0.374307
    10076.74   0.377247
    10079.48   0.377600
    10082.22   0.371912
    10084.96   0.367050
    10087.70   0.366093
    10090.44   0.365738
    10093.18   0.365886
    10095.92   0.370804
    10098.66   0.376683
    10101.40   0.371829
    10104.14   0.365842
    10106.88   0.363739
    10109.62   0.363425
    10112.36   0.365468
    10115.10   0.365680
    10117.84   0.364352
    10120.58   0.361523
    10123.32   0.358644
    10126.06   0.358573
    10128.80   0.357405
    10131.54   0.352167
    10134.28   0.348894
    10137.02   0.348105
    10139.76   0.348570
    10142.50   0.349807
    10145.24   0.352295
    10147.98   0.356173
    10150.72   0.364307
    10153.46   0.366425
    10156.20   0.357565
    10158.94   0.355994
    10161.68   0.359963
    10164.42   0.353200
    10167.16   0.344485
    10169.90   0.349529
    10172.64   0.352991
    10175.38   0.345303
    10178.12   0.341810
    10180.86   0.344344
    10183.60   0.347801
    10186.34   0.351944
    10189.08   0.357302
    10191.82   0.363174
    10194.56   0.320119
