*LTT4364
*
*  Bessell 2012
set .z.units = "Ergs/s/cm**2/A"
set .z.label = "Flux"
set .table.bandwidth = 4.00
*
     3100.00    1.71702E-13
     3104.00    1.71730E-13
     3108.00    1.71730E-13
     3112.00    1.71665E-13
     3116.00    1.71641E-13
     3120.00    1.71680E-13
     3124.00    1.71745E-13
     3128.00    1.71774E-13
     3132.00    1.71697E-13
     3136.00    1.71606E-13
     3140.00    1.71479E-13
     3144.00    1.71462E-13
     3148.00    1.71454E-13
     3152.00    1.71420E-13
     3156.00    1.71479E-13
     3160.00    1.71369E-13
     3164.00    1.71244E-13
     3168.00    1.71166E-13
     3172.00    1.71121E-13
     3176.00    1.71100E-13
     3180.00    1.71102E-13
     3184.00    1.70994E-13
     3188.00    1.70856E-13
     3192.00    1.70886E-13
     3196.00    1.70892E-13
     3200.00    1.70785E-13
     3204.00    1.70655E-13
     3208.00    1.70566E-13
     3212.00    1.70539E-13
     3216.00    1.70560E-13
     3220.00    1.70427E-13
     3224.00    1.70192E-13
     3228.00    1.70060E-13
     3232.00    1.69913E-13
     3236.00    1.69755E-13
     3240.00    1.69625E-13
     3244.00    1.69484E-13
     3248.00    1.69350E-13
     3252.00    1.69148E-13
     3256.00    1.68923E-13
     3260.00    1.68819E-13
     3264.00    1.68778E-13
     3268.00    1.68726E-13
     3272.00    1.68628E-13
     3276.00    1.68463E-13
     3280.00    1.68321E-13
     3284.00    1.68220E-13
     3288.00    1.68189E-13
     3292.00    1.68081E-13
     3296.00    1.67995E-13
     3300.00    1.67956E-13
     3304.00    1.67814E-13
     3308.00    1.67663E-13
     3312.00    1.67568E-13
     3316.00    1.67360E-13
     3320.00    1.67294E-13
     3324.00    1.67287E-13
     3328.00    1.67067E-13
     3332.00    1.67017E-13
     3336.00    1.66945E-13
     3340.00    1.66784E-13
     3344.00    1.66746E-13
     3348.00    1.66666E-13
     3352.00    1.66609E-13
     3356.00    1.66607E-13
     3360.00    1.66548E-13
     3364.00    1.66422E-13
     3368.00    1.66415E-13
     3372.00    1.66412E-13
     3376.00    1.66389E-13
     3380.00    1.66347E-13
     3384.00    1.66309E-13
     3388.00    1.66312E-13
     3392.00    1.66213E-13
     3396.00    1.66201E-13
     3400.00    1.66060E-13
     3404.00    1.65969E-13
     3408.00    1.66022E-13
     3412.00    1.65801E-13
     3416.00    1.65721E-13
     3420.00    1.65670E-13
     3424.00    1.65546E-13
     3428.00    1.65407E-13
     3432.00    1.65242E-13
     3436.00    1.65093E-13
     3440.00    1.65067E-13
     3444.00    1.64969E-13
     3448.00    1.64780E-13
     3452.00    1.64636E-13
     3456.00    1.64545E-13
     3460.00    1.64463E-13
     3464.00    1.64298E-13
     3468.00    1.64156E-13
     3472.00    1.64027E-13
     3476.00    1.63931E-13
     3480.00    1.63739E-13
     3484.00    1.63528E-13
     3488.00    1.63432E-13
     3492.00    1.63343E-13
     3496.00    1.63192E-13
     3500.00    1.63098E-13
     3504.00    1.63007E-13
     3508.00    1.62968E-13
     3512.00    1.62925E-13
     3516.00    1.62816E-13
     3520.00    1.62684E-13
     3524.00    1.62640E-13
     3528.00    1.62627E-13
     3532.00    1.62607E-13
     3536.00    1.62517E-13
     3540.00    1.62393E-13
     3544.00    1.62392E-13
     3548.00    1.62354E-13
     3552.00    1.62339E-13
     3556.00    1.62200E-13
     3560.00    1.62114E-13
     3564.00    1.61970E-13
     3568.00    1.61818E-13
     3572.00    1.61781E-13
     3576.00    1.61653E-13
     3580.00    1.61559E-13
     3584.00    1.61456E-13
     3588.00    1.61319E-13
     3592.00    1.61155E-13
     3596.00    1.61099E-13
     3600.00    1.60951E-13
     3604.00    1.60809E-13
     3608.00    1.60706E-13
     3612.00    1.60623E-13
     3616.00    1.60513E-13
     3620.00    1.60478E-13
     3624.00    1.60388E-13
     3628.00    1.60273E-13
     3632.00    1.60180E-13
     3636.00    1.60124E-13
     3640.00    1.60089E-13
     3644.00    1.60047E-13
     3648.00    1.59987E-13
     3652.00    1.59897E-13
     3656.00    1.59812E-13
     3660.00    1.59750E-13
     3664.00    1.59639E-13
     3668.00    1.59733E-13
     3672.00    1.59761E-13
     3676.00    1.59631E-13
     3680.00    1.59564E-13
     3684.00    1.59661E-13
     3688.00    1.59607E-13
     3692.00    1.59520E-13
     3696.00    1.59543E-13
     3700.00    1.59628E-13
     3704.00    1.59477E-13
     3708.00    1.59472E-13
     3712.00    1.59569E-13
     3716.00    1.59531E-13
     3720.00    1.59520E-13
     3724.00    1.59566E-13
     3728.00    1.59495E-13
     3732.00    1.59519E-13
     3736.00    1.59540E-13
     3740.00    1.59519E-13
     3744.00    1.59502E-13
     3748.00    1.59360E-13
     3752.00    1.59337E-13
     3756.00    1.59309E-13
     3760.00    1.59405E-13
     3764.00    1.59247E-13
     3768.00    1.59153E-13
     3772.00    1.59148E-13
     3776.00    1.58965E-13
     3780.00    1.58805E-13
     3784.00    1.58829E-13
     3788.00    1.58756E-13
     3792.00    1.58479E-13
     3796.00    1.58512E-13
     3800.00    1.58507E-13
     3804.00    1.58441E-13
     3808.00    1.58353E-13
     3812.00    1.58263E-13
     3816.00    1.58133E-13
     3820.00    1.58106E-13
     3824.00    1.58122E-13
     3828.00    1.58012E-13
     3832.00    1.58030E-13
     3836.00    1.58034E-13
     3840.00    1.57945E-13
     3844.00    1.57915E-13
     3848.00    1.57847E-13
     3852.00    1.57790E-13
     3856.00    1.57711E-13
     3860.00    1.57614E-13
     3864.00    1.57517E-13
     3868.00    1.57405E-13
     3872.00    1.57269E-13
     3876.00    1.57138E-13
     3880.00    1.57011E-13
     3884.00    1.56898E-13
     3888.00    1.56800E-13
     3892.00    1.56703E-13
     3896.00    1.56582E-13
     3900.00    1.56462E-13
     3904.00    1.56299E-13
     3908.00    1.56129E-13
     3912.00    1.55959E-13
     3916.00    1.55804E-13
     3920.00    1.55641E-13
     3924.00    1.55482E-13
     3928.00    1.55326E-13
     3932.00    1.55145E-13
     3936.00    1.54969E-13
     3940.00    1.54795E-13
     3944.00    1.54612E-13
     3948.00    1.54442E-13
     3952.00    1.54268E-13
     3956.00    1.54082E-13
     3960.00    1.53892E-13
     3964.00    1.53694E-13
     3968.00    1.53474E-13
     3972.00    1.53285E-13
     3976.00    1.53097E-13
     3980.00    1.52927E-13
     3984.00    1.52748E-13
     3988.00    1.52565E-13
     3992.00    1.52377E-13
     3996.00    1.52233E-13
     4000.00    1.52106E-13
     4004.00    1.51948E-13
     4008.00    1.51695E-13
     4012.00    1.51394E-13
     4016.00    1.51123E-13
     4020.00    1.50968E-13
     4024.00    1.50901E-13
     4028.00    1.50901E-13
     4032.00    1.50966E-13
     4036.00    1.51003E-13
     4040.00    1.51016E-13
     4044.00    1.50916E-13
     4048.00    1.50760E-13
     4052.00    1.50520E-13
     4056.00    1.50235E-13
     4060.00    1.49900E-13
     4064.00    1.49611E-13
     4068.00    1.49329E-13
     4072.00    1.49027E-13
     4076.00    1.48795E-13
     4080.00    1.48610E-13
     4084.00    1.48291E-13
     4088.00    1.48040E-13
     4092.00    1.47812E-13
     4096.00    1.47529E-13
     4100.00    1.47367E-13
     4104.00    1.47353E-13
     4108.00    1.47159E-13
     4112.00    1.46990E-13
     4116.00    1.46876E-13
     4120.00    1.46648E-13
     4124.00    1.46486E-13
     4128.00    1.46384E-13
     4132.00    1.46197E-13
     4136.00    1.46171E-13
     4140.00    1.46256E-13
     4144.00    1.46121E-13
     4148.00    1.46006E-13
     4152.00    1.45873E-13
     4156.00    1.45531E-13
     4160.00    1.45274E-13
     4164.00    1.45229E-13
     4168.00    1.45278E-13
     4172.00    1.45260E-13
     4176.00    1.45265E-13
     4180.00    1.45164E-13
     4184.00    1.44893E-13
     4188.00    1.44647E-13
     4192.00    1.44328E-13
     4196.00    1.44097E-13
     4200.00    1.44058E-13
     4204.00    1.44004E-13
     4208.00    1.43959E-13
     4212.00    1.43862E-13
     4216.00    1.43730E-13
     4220.00    1.43707E-13
     4224.00    1.43705E-13
     4228.00    1.43625E-13
     4232.00    1.43435E-13
     4236.00    1.43246E-13
     4240.00    1.43131E-13
     4244.00    1.43107E-13
     4248.00    1.43161E-13
     4252.00    1.43315E-13
     4256.00    1.43224E-13
     4260.00    1.43041E-13
     4264.00    1.43013E-13
     4268.00    1.42763E-13
     4272.00    1.42544E-13
     4276.00    1.42356E-13
     4280.00    1.42024E-13
     4284.00    1.41765E-13
     4288.00    1.41733E-13
     4292.00    1.41613E-13
     4296.00    1.41472E-13
     4300.00    1.41299E-13
     4304.00    1.41010E-13
     4308.00    1.40552E-13
     4312.00    1.40042E-13
     4316.00    1.39652E-13
     4320.00    1.39237E-13
     4324.00    1.38770E-13
     4328.00    1.38489E-13
     4332.00    1.38238E-13
     4336.00    1.38033E-13
     4340.00    1.37845E-13
     4344.00    1.37571E-13
     4348.00    1.37374E-13
     4352.00    1.37076E-13
     4356.00    1.36747E-13
     4360.00    1.36461E-13
     4364.00    1.36061E-13
     4368.00    1.35820E-13
     4372.00    1.35817E-13
     4376.00    1.35850E-13
     4380.00    1.35797E-13
     4384.00    1.35718E-13
     4388.00    1.35539E-13
     4392.00    1.35326E-13
     4396.00    1.35216E-13
     4400.00    1.35093E-13
     4404.00    1.35183E-13
     4408.00    1.35352E-13
     4412.00    1.35008E-13
     4416.00    1.34650E-13
     4420.00    1.34959E-13
     4424.00    1.34434E-13
     4428.00    1.33973E-13
     4432.00    1.33989E-13
     4436.00    1.33990E-13
     4440.00    1.33760E-13
     4444.00    1.33669E-13
     4448.00    1.33605E-13
     4452.00    1.33438E-13
     4456.00    1.32962E-13
     4460.00    1.32757E-13
     4464.00    1.32763E-13
     4468.00    1.32793E-13
     4472.00    1.32376E-13
     4476.00    1.31790E-13
     4480.00    1.31498E-13
     4484.00    1.31071E-13
     4488.00    1.31129E-13
     4492.00    1.31267E-13
     4496.00    1.31555E-13
     4500.00    1.31434E-13
     4504.00    1.31418E-13
     4508.00    1.30995E-13
     4512.00    1.30583E-13
     4516.00    1.30557E-13
     4520.00    1.30461E-13
     4524.00    1.30311E-13
     4528.00    1.29696E-13
     4532.00    1.28616E-13
     4536.00    1.28735E-13
     4540.00    1.29140E-13
     4544.00    1.28965E-13
     4548.00    1.28838E-13
     4552.00    1.28904E-13
     4556.00    1.28497E-13
     4560.00    1.27949E-13
     4564.00    1.27805E-13
     4568.00    1.27116E-13
     4572.00    1.26639E-13
     4576.00    1.25881E-13
     4580.00    1.26324E-13
     4584.00    1.26705E-13
     4588.00    1.25717E-13
     4592.00    1.25141E-13
     4596.00    1.25572E-13
     4600.00    1.25641E-13
     4604.00    1.24976E-13
     4608.00    1.24931E-13
     4612.00    1.24520E-13
     4616.00    1.24247E-13
     4620.00    1.24050E-13
     4624.00    1.23156E-13
     4628.00    1.22631E-13
     4632.00    1.22171E-13
     4636.00    1.22104E-13
     4640.00    1.22068E-13
     4644.00    1.21494E-13
     4648.00    1.20613E-13
     4652.00    1.20507E-13
     4656.00    1.19821E-13
     4660.00    1.19014E-13
     4664.00    1.18655E-13
     4668.00    1.18324E-13
     4672.00    1.17184E-13
     4676.00    1.16494E-13
     4680.00    1.16214E-13
     4684.00    1.16929E-13
     4688.00    1.17356E-13
     4692.00    1.16282E-13
     4696.00    1.16068E-13
     4700.00    1.17279E-13
     4704.00    1.17525E-13
     4708.00    1.16167E-13
     4712.00    1.15040E-13
     4716.00    1.16484E-13
     4720.00    1.18658E-13
     4724.00    1.19252E-13
     4728.00    1.18581E-13
     4732.00    1.17203E-13
     4736.00    1.18004E-13
     4740.00    1.20481E-13
     4744.00    1.21565E-13
     4748.00    1.21639E-13
     4752.00    1.21215E-13
     4756.00    1.21111E-13
     4760.00    1.21177E-13
     4764.00    1.20936E-13
     4768.00    1.20654E-13
     4772.00    1.20997E-13
     4776.00    1.20755E-13
     4780.00    1.20567E-13
     4784.00    1.20953E-13
     4788.00    1.20683E-13
     4792.00    1.20884E-13
     4796.00    1.20813E-13
     4800.00    1.20796E-13
     4804.00    1.20798E-13
     4808.00    1.20669E-13
     4812.00    1.20363E-13
     4816.00    1.20297E-13
     4820.00    1.20202E-13
     4824.00    1.20292E-13
     4828.00    1.20180E-13
     4832.00    1.20122E-13
     4836.00    1.19654E-13
     4840.00    1.19374E-13
     4844.00    1.19508E-13
     4848.00    1.19333E-13
     4852.00    1.18578E-13
     4856.00    1.18280E-13
     4860.00    1.18430E-13
     4864.00    1.17871E-13
     4868.00    1.17204E-13
     4872.00    1.17179E-13
     4876.00    1.16796E-13
     4880.00    1.16781E-13
     4884.00    1.16500E-13
     4888.00    1.15987E-13
     4892.00    1.15924E-13
     4896.00    1.15575E-13
     4900.00    1.15124E-13
     4904.00    1.14749E-13
     4908.00    1.14299E-13
     4912.00    1.14130E-13
     4916.00    1.13860E-13
     4920.00    1.13853E-13
     4924.00    1.13709E-13
     4928.00    1.13443E-13
     4932.00    1.13440E-13
     4936.00    1.12783E-13
     4940.00    1.12876E-13
     4944.00    1.13006E-13
     4948.00    1.12913E-13
     4952.00    1.12550E-13
     4956.00    1.12569E-13
     4960.00    1.12198E-13
     4964.00    1.11638E-13
     4968.00    1.11301E-13
     4972.00    1.11077E-13
     4976.00    1.10882E-13
     4980.00    1.10363E-13
     4984.00    1.09818E-13
     4988.00    1.09741E-13
     4992.00    1.09749E-13
     4996.00    1.09562E-13
     5000.00    1.09005E-13
     5004.00    1.08836E-13
     5008.00    1.08447E-13
     5012.00    1.09100E-13
     5016.00    1.09060E-13
     5020.00    1.08542E-13
     5024.00    1.07770E-13
     5028.00    1.07364E-13
     5032.00    1.07143E-13
     5036.00    1.06378E-13
     5040.00    1.06334E-13
     5044.00    1.06518E-13
     5048.00    1.06259E-13
     5052.00    1.06220E-13
     5056.00    1.05259E-13
     5060.00    1.04892E-13
     5064.00    1.04782E-13
     5068.00    1.04008E-13
     5072.00    1.03725E-13
     5076.00    1.03004E-13
     5080.00    1.02780E-13
     5084.00    1.02298E-13
     5088.00    1.02065E-13
     5092.00    1.01619E-13
     5096.00    1.01346E-13
     5100.00    1.01666E-13
     5104.00    1.01025E-13
     5108.00    1.00165E-13
     5112.00    9.97039E-14
     5116.00    9.91272E-14
     5120.00    9.85968E-14
     5124.00    9.77168E-14
     5128.00    9.76622E-14
     5132.00    9.92531E-14
     5136.00    9.96633E-14
     5140.00    9.90892E-14
     5144.00    9.84197E-14
     5148.00    9.77501E-14
     5152.00    9.69223E-14
     5156.00    9.55405E-14
     5160.00    9.34616E-14
     5164.00    9.54142E-14
     5168.00    1.01297E-13
     5172.00    1.04252E-13
     5176.00    1.05078E-13
     5180.00    1.05269E-13
     5184.00    1.05257E-13
     5188.00    1.05292E-13
     5192.00    1.05330E-13
     5196.00    1.05256E-13
     5200.00    1.04413E-13
     5204.00    1.04281E-13
     5208.00    1.04253E-13
     5212.00    1.04309E-13
     5216.00    1.04468E-13
     5220.00    1.04164E-13
     5224.00    1.04069E-13
     5228.00    1.03922E-13
     5232.00    1.03766E-13
     5236.00    1.03751E-13
     5240.00    1.03347E-13
     5244.00    1.03290E-13
     5248.00    1.03126E-13
     5252.00    1.02896E-13
     5256.00    1.02921E-13
     5260.00    1.02576E-13
     5264.00    1.02352E-13
     5268.00    1.02522E-13
     5272.00    1.02445E-13
     5276.00    1.02325E-13
     5280.00    1.02175E-13
     5284.00    1.02128E-13
     5288.00    1.02040E-13
     5292.00    1.01906E-13
     5296.00    1.01504E-13
     5300.00    1.01463E-13
     5304.00    1.01620E-13
     5308.00    1.01336E-13
     5312.00    1.01027E-13
     5316.00    1.00876E-13
     5320.00    1.00718E-13
     5324.00    1.00802E-13
     5328.00    1.00644E-13
     5332.00    1.00321E-13
     5336.00    1.00043E-13
     5340.00    1.00043E-13
     5344.00    9.98118E-14
     5348.00    9.95931E-14
     5352.00    9.95906E-14
     5356.00    9.92772E-14
     5360.00    9.88727E-14
     5364.00    9.87329E-14
     5368.00    9.87289E-14
     5372.00    9.87671E-14
     5376.00    9.84590E-14
     5380.00    9.85463E-14
     5384.00    9.84588E-14
     5388.00    9.78816E-14
     5392.00    9.78327E-14
     5396.00    9.76665E-14
     5400.00    9.74255E-14
     5404.00    9.75466E-14
     5408.00    9.73872E-14
     5412.00    9.69999E-14
     5416.00    9.70221E-14
     5420.00    9.70485E-14
     5424.00    9.68804E-14
     5428.00    9.65799E-14
     5432.00    9.59631E-14
     5436.00    9.58961E-14
     5440.00    9.59283E-14
     5444.00    9.55820E-14
     5448.00    9.55723E-14
     5452.00    9.56922E-14
     5456.00    9.51540E-14
     5460.00    9.49069E-14
     5464.00    9.48577E-14
     5468.00    9.45163E-14
     5472.00    9.45985E-14
     5476.00    9.42497E-14
     5480.00    9.41223E-14
     5484.00    9.39970E-14
     5488.00    9.38035E-14
     5492.00    9.36598E-14
     5496.00    9.34192E-14
     5500.00    9.32673E-14
     5504.00    9.31505E-14
     5508.00    9.30116E-14
     5512.00    9.29183E-14
     5516.00    9.27990E-14
     5520.00    9.26494E-14
     5524.00    9.25369E-14
     5528.00    9.23909E-14
     5532.00    9.22516E-14
     5536.00    9.21465E-14
     5540.00    9.20433E-14
     5544.00    9.19177E-14
     5548.00    9.17693E-14
     5552.00    9.15998E-14
     5556.00    9.14303E-14
     5560.00    9.12126E-14
     5564.00    9.09525E-14
     5568.00    9.07609E-14
     5572.00    9.05976E-14
     5576.00    9.04747E-14
     5580.00    9.03959E-14
     5584.00    9.03181E-14
     5588.00    9.02717E-14
     5592.00    9.02181E-14
     5596.00    9.01744E-14
     5600.00    9.01343E-14
     5604.00    9.00406E-14
     5608.00    8.99246E-14
     5612.00    8.99001E-14
     5616.00    8.98989E-14
     5620.00    8.98757E-14
     5624.00    8.98682E-14
     5628.00    8.98672E-14
     5632.00    8.98744E-14
     5636.00    9.00023E-14
     5640.00    9.01200E-14
     5644.00    9.01180E-14
     5648.00    9.00536E-14
     5652.00    8.99311E-14
     5656.00    8.97883E-14
     5660.00    8.97156E-14
     5664.00    8.96905E-14
     5668.00    8.96555E-14
     5672.00    8.95882E-14
     5676.00    8.94453E-14
     5680.00    8.92160E-14
     5684.00    8.89801E-14
     5688.00    8.88312E-14
     5692.00    8.87210E-14
     5696.00    8.86895E-14
     5700.00    8.86790E-14
     5704.00    8.86047E-14
     5708.00    8.85047E-14
     5712.00    8.83872E-14
     5716.00    8.83000E-14
     5720.00    8.82228E-14
     5724.00    8.81155E-14
     5728.00    8.79469E-14
     5732.00    8.77771E-14
     5736.00    8.75969E-14
     5740.00    8.75243E-14
     5744.00    8.74720E-14
     5748.00    8.73923E-14
     5752.00    8.72731E-14
     5756.00    8.70945E-14
     5760.00    8.68704E-14
     5764.00    8.66528E-14
     5768.00    8.64733E-14
     5772.00    8.63266E-14
     5776.00    8.62233E-14
     5780.00    8.61773E-14
     5784.00    8.61022E-14
     5788.00    8.59796E-14
     5792.00    8.58085E-14
     5796.00    8.56207E-14
     5800.00    8.53674E-14
     5804.00    8.51783E-14
     5808.00    8.50486E-14
     5812.00    8.48663E-14
     5816.00    8.46696E-14
     5820.00    8.45417E-14
     5824.00    8.44703E-14
     5828.00    8.44762E-14
     5832.00    8.45094E-14
     5836.00    8.44846E-14
     5840.00    8.43575E-14
     5844.00    8.41668E-14
     5848.00    8.39499E-14
     5852.00    8.37350E-14
     5856.00    8.35468E-14
     5860.00    8.33714E-14
     5864.00    8.32132E-14
     5868.00    8.31077E-14
     5872.00    8.30293E-14
     5876.00    8.29055E-14
     5880.00    8.26072E-14
     5884.00    8.22662E-14
     5888.00    8.20370E-14
     5892.00    8.18518E-14
     5896.00    8.18047E-14
     5900.00    8.18990E-14
     5904.00    8.19139E-14
     5908.00    8.18254E-14
     5912.00    8.16335E-14
     5916.00    8.13038E-14
     5920.00    8.10849E-14
     5924.00    8.09388E-14
     5928.00    8.09550E-14
     5932.00    8.10091E-14
     5936.00    8.08235E-14
     5940.00    8.04945E-14
     5944.00    8.02711E-14
     5948.00    8.01725E-14
     5952.00    8.01570E-14
     5956.00    8.03053E-14
     5960.00    8.03499E-14
     5964.00    8.01982E-14
     5968.00    8.00460E-14
     5972.00    7.99083E-14
     5976.00    7.98191E-14
     5980.00    7.97279E-14
     5984.00    7.96162E-14
     5988.00    7.95731E-14
     5992.00    7.94731E-14
     5996.00    7.93986E-14
     6000.00    7.93712E-14
     6004.00    7.92965E-14
     6008.00    7.91517E-14
     6012.00    7.90173E-14
     6016.00    7.88977E-14
     6020.00    7.88000E-14
     6024.00    7.87363E-14
     6028.00    7.86439E-14
     6032.00    7.84731E-14
     6036.00    7.82795E-14
     6040.00    7.81034E-14
     6044.00    7.79182E-14
     6048.00    7.77977E-14
     6052.00    7.78256E-14
     6056.00    7.78027E-14
     6060.00    7.77727E-14
     6064.00    7.77719E-14
     6068.00    7.75776E-14
     6072.00    7.74702E-14
     6076.00    7.73970E-14
     6080.00    7.72423E-14
     6084.00    7.71662E-14
     6088.00    7.71106E-14
     6092.00    7.70241E-14
     6096.00    7.70216E-14
     6100.00    7.69916E-14
     6104.00    7.68744E-14
     6108.00    7.67204E-14
     6112.00    7.66119E-14
     6116.00    7.65209E-14
     6120.00    7.64148E-14
     6124.00    7.63034E-14
     6128.00    7.62019E-14
     6132.00    7.60988E-14
     6136.00    7.59944E-14
     6140.00    7.58743E-14
     6144.00    7.57594E-14
     6148.00    7.56527E-14
     6152.00    7.55626E-14
     6156.00    7.54634E-14
     6160.00    7.53560E-14
     6164.00    7.52648E-14
     6168.00    7.51747E-14
     6172.00    7.50667E-14
     6176.00    7.49590E-14
     6180.00    7.48549E-14
     6184.00    7.47500E-14
     6188.00    7.46643E-14
     6192.00    7.45762E-14
     6196.00    7.44829E-14
     6200.00    7.43877E-14
     6204.00    7.42975E-14
     6208.00    7.42041E-14
     6212.00    7.41111E-14
     6216.00    7.40231E-14
     6220.00    7.39451E-14
     6224.00    7.38550E-14
     6228.00    7.37626E-14
     6232.00    7.36757E-14
     6236.00    7.35878E-14
     6240.00    7.34916E-14
     6244.00    7.33697E-14
     6248.00    7.32674E-14
     6252.00    7.32060E-14
     6256.00    7.31575E-14
     6260.00    7.30890E-14
     6264.00    7.30129E-14
     6268.00    7.29122E-14
     6272.00    7.28024E-14
     6276.00    7.26995E-14
     6280.00    7.26181E-14
     6284.00    7.25453E-14
     6288.00    7.24468E-14
     6292.00    7.23292E-14
     6296.00    7.22180E-14
     6300.00    7.21120E-14
     6304.00    7.20063E-14
     6308.00    7.19039E-14
     6312.00    7.17959E-14
     6316.00    7.16917E-14
     6320.00    7.15991E-14
     6324.00    7.14990E-14
     6328.00    7.14004E-14
     6332.00    7.13098E-14
     6336.00    7.12129E-14
     6340.00    7.11146E-14
     6344.00    7.10051E-14
     6348.00    7.09040E-14
     6352.00    7.08022E-14
     6356.00    7.07027E-14
     6360.00    7.05945E-14
     6364.00    7.04845E-14
     6368.00    7.03995E-14
     6372.00    7.03254E-14
     6376.00    7.02120E-14
     6380.00    7.00864E-14
     6384.00    6.99845E-14
     6388.00    6.98774E-14
     6392.00    6.97600E-14
     6396.00    6.96662E-14
     6400.00    6.95723E-14
     6404.00    6.94555E-14
     6408.00    6.93488E-14
     6412.00    6.92496E-14
     6416.00    6.91460E-14
     6420.00    6.90498E-14
     6424.00    6.89443E-14
     6428.00    6.88395E-14
     6432.00    6.87451E-14
     6436.00    6.86342E-14
     6440.00    6.85116E-14
     6444.00    6.83901E-14
     6448.00    6.82576E-14
     6452.00    6.81440E-14
     6456.00    6.80461E-14
     6460.00    6.79617E-14
     6464.00    6.78870E-14
     6468.00    6.77817E-14
     6472.00    6.77046E-14
     6476.00    6.76173E-14
     6480.00    6.75066E-14
     6484.00    6.74098E-14
     6488.00    6.73331E-14
     6492.00    6.72462E-14
     6496.00    6.71475E-14
     6500.00    6.70516E-14
     6504.00    6.69734E-14
     6508.00    6.69039E-14
     6512.00    6.67564E-14
     6516.00    6.65712E-14
     6520.00    6.65807E-14
     6524.00    6.65226E-14
     6528.00    6.64477E-14
     6532.00    6.63492E-14
     6536.00    6.62069E-14
     6540.00    6.61630E-14
     6544.00    6.60272E-14
     6548.00    6.58910E-14
     6552.00    6.58271E-14
     6556.00    6.57220E-14
     6560.00    6.57077E-14
     6564.00    6.55314E-14
     6568.00    6.55184E-14
     6572.00    6.53931E-14
     6576.00    6.53047E-14
     6580.00    6.52334E-14
     6584.00    6.51189E-14
     6588.00    6.50411E-14
     6592.00    6.50176E-14
     6596.00    6.48968E-14
     6600.00    6.48627E-14
     6604.00    6.47511E-14
     6608.00    6.46287E-14
     6612.00    6.44551E-14
     6616.00    6.44329E-14
     6620.00    6.43259E-14
     6624.00    6.41596E-14
     6628.00    6.40893E-14
     6632.00    6.39882E-14
     6636.00    6.38921E-14
     6640.00    6.37716E-14
     6644.00    6.36617E-14
     6648.00    6.35770E-14
     6652.00    6.34455E-14
     6656.00    6.33773E-14
     6660.00    6.32681E-14
     6664.00    6.31294E-14
     6668.00    6.30499E-14
     6672.00    6.29865E-14
     6676.00    6.28343E-14
     6680.00    6.27612E-14
     6684.00    6.26844E-14
     6688.00    6.25863E-14
     6692.00    6.24360E-14
     6696.00    6.23854E-14
     6700.00    6.22648E-14
     6704.00    6.21430E-14
     6708.00    6.20383E-14
     6712.00    6.19042E-14
     6716.00    6.18689E-14
     6720.00    6.17402E-14
     6724.00    6.16159E-14
     6728.00    6.15802E-14
     6732.00    6.14653E-14
     6736.00    6.13740E-14
     6740.00    6.12699E-14
     6744.00    6.11883E-14
     6748.00    6.10565E-14
     6752.00    6.10061E-14
     6756.00    6.08738E-14
     6760.00    6.07459E-14
     6764.00    6.06828E-14
     6768.00    6.05965E-14
     6772.00    6.04600E-14
     6776.00    6.03851E-14
     6780.00    6.02723E-14
     6784.00    6.01816E-14
     6788.00    6.00725E-14
     6792.00    5.99868E-14
     6796.00    5.98229E-14
     6800.00    5.97489E-14
     6804.00    5.95705E-14
     6808.00    5.95428E-14
     6812.00    5.93865E-14
     6816.00    5.92809E-14
     6820.00    5.91896E-14
     6824.00    5.90931E-14
     6828.00    5.89998E-14
     6832.00    5.89028E-14
     6836.00    5.88195E-14
     6840.00    5.87298E-14
     6844.00    5.86292E-14
     6848.00    5.85602E-14
     6852.00    5.84632E-14
     6856.00    5.83713E-14
     6860.00    5.82883E-14
     6864.00    5.82064E-14
     6868.00    5.81172E-14
     6872.00    5.80292E-14
     6876.00    5.79405E-14
     6880.00    5.78612E-14
     6884.00    5.77787E-14
     6888.00    5.76950E-14
     6892.00    5.76129E-14
     6896.00    5.75160E-14
     6900.00    5.74390E-14
     6904.00    5.73522E-14
     6908.00    5.72576E-14
     6912.00    5.71693E-14
     6916.00    5.70882E-14
     6920.00    5.70085E-14
     6924.00    5.69212E-14
     6928.00    5.68345E-14
     6932.00    5.66649E-14
     6936.00    5.67406E-14
     6940.00    5.64158E-14
     6944.00    5.64854E-14
     6948.00    5.63789E-14
     6952.00    5.63378E-14
     6956.00    5.61824E-14
     6960.00    5.60759E-14
     6964.00    5.60586E-14
     6968.00    5.60035E-14
     6972.00    5.58124E-14
     6976.00    5.57816E-14
     6980.00    5.56726E-14
     6984.00    5.56265E-14
     6988.00    5.54505E-14
     6992.00    5.53884E-14
     6996.00    5.53377E-14
     7000.00    5.52502E-14
     7004.00    5.51681E-14
     7008.00    5.50728E-14
     7012.00    5.49892E-14
     7016.00    5.48996E-14
     7020.00    5.48029E-14
     7024.00    5.47061E-14
     7028.00    5.46177E-14
     7032.00    5.45314E-14
     7036.00    5.44377E-14
     7040.00    5.43563E-14
     7044.00    5.42826E-14
     7048.00    5.42097E-14
     7052.00    5.41183E-14
     7056.00    5.40287E-14
     7060.00    5.39421E-14
     7064.00    5.38525E-14
     7068.00    5.37762E-14
     7072.00    5.36855E-14
     7076.00    5.35968E-14
     7080.00    5.35148E-14
     7084.00    5.34261E-14
     7088.00    5.33431E-14
     7092.00    5.32670E-14
     7096.00    5.31896E-14
     7100.00    5.31098E-14
     7104.00    5.30255E-14
     7108.00    5.29303E-14
     7112.00    5.28468E-14
     7116.00    5.27691E-14
     7120.00    5.26877E-14
     7124.00    5.26063E-14
     7128.00    5.25335E-14
     7132.00    5.24572E-14
     7136.00    5.23626E-14
     7140.00    5.22719E-14
     7144.00    5.21997E-14
     7148.00    5.21068E-14
     7152.00    5.20287E-14
     7156.00    5.19496E-14
     7160.00    5.18763E-14
     7164.00    5.17891E-14
     7168.00    5.17060E-14
     7172.00    5.16343E-14
     7176.00    5.15619E-14
     7180.00    5.14759E-14
     7184.00    5.14056E-14
     7188.00    5.13354E-14
     7192.00    5.12659E-14
     7196.00    5.11774E-14
     7200.00    5.10992E-14
     7204.00    5.10101E-14
     7208.00    5.09269E-14
     7212.00    5.08643E-14
     7216.00    5.07961E-14
     7220.00    5.07222E-14
     7224.00    5.06477E-14
     7228.00    5.05815E-14
     7232.00    5.05152E-14
     7236.00    5.04415E-14
     7240.00    5.03504E-14
     7244.00    5.02844E-14
     7248.00    5.02165E-14
     7252.00    5.01241E-14
     7256.00    5.00390E-14
     7260.00    4.99756E-14
     7264.00    4.98944E-14
     7268.00    4.98112E-14
     7272.00    4.97476E-14
     7276.00    4.96817E-14
     7280.00    4.95959E-14
     7284.00    4.95341E-14
     7288.00    4.94584E-14
     7292.00    4.93890E-14
     7296.00    4.93122E-14
     7300.00    4.92348E-14
     7304.00    4.91680E-14
     7308.00    4.90961E-14
     7312.00    4.90122E-14
     7316.00    4.89492E-14
     7320.00    4.88921E-14
     7324.00    4.88168E-14
     7328.00    4.87434E-14
     7332.00    4.86780E-14
     7336.00    4.86053E-14
     7340.00    4.85231E-14
     7344.00    4.84610E-14
     7348.00    4.83820E-14
     7352.00    4.83040E-14
     7356.00    4.82365E-14
     7360.00    4.81700E-14
     7364.00    4.80901E-14
     7368.00    4.80130E-14
     7372.00    4.79444E-14
     7376.00    4.78809E-14
     7380.00    4.78072E-14
     7384.00    4.77430E-14
     7388.00    4.76802E-14
     7392.00    4.76071E-14
     7396.00    4.75327E-14
     7400.00    4.74537E-14
     7404.00    4.73745E-14
     7408.00    4.73033E-14
     7412.00    4.72334E-14
     7416.00    4.71595E-14
     7420.00    4.70891E-14
     7424.00    4.70207E-14
     7428.00    4.69545E-14
     7432.00    4.68885E-14
     7436.00    4.68195E-14
     7440.00    4.67477E-14
     7444.00    4.66769E-14
     7448.00    4.66021E-14
     7452.00    4.65267E-14
     7456.00    4.64485E-14
     7460.00    4.63766E-14
     7464.00    4.63100E-14
     7468.00    4.62411E-14
     7472.00    4.61798E-14
     7476.00    4.61235E-14
     7480.00    4.60593E-14
     7484.00    4.59883E-14
     7488.00    4.59191E-14
     7492.00    4.58496E-14
     7496.00    4.57777E-14
     7500.00    4.57102E-14
     7504.00    4.56432E-14
     7508.00    4.55800E-14
     7512.00    4.55111E-14
     7516.00    4.54473E-14
     7520.00    4.53892E-14
     7524.00    4.53322E-14
     7528.00    4.52712E-14
     7532.00    4.52070E-14
     7536.00    4.51469E-14
     7540.00    4.50773E-14
     7544.00    4.50058E-14
     7548.00    4.49421E-14
     7552.00    4.48899E-14
     7556.00    4.48254E-14
     7560.00    4.47391E-14
     7564.00    4.46542E-14
     7568.00    4.45527E-14
     7572.00    4.44603E-14
     7576.00    4.43637E-14
     7580.00    4.43089E-14
     7584.00    4.42520E-14
     7588.00    4.41686E-14
     7592.00    4.40926E-14
     7596.00    4.40183E-14
     7600.00    4.39490E-14
     7604.00    4.38804E-14
     7608.00    4.38115E-14
     7612.00    4.37485E-14
     7616.00    4.36835E-14
     7620.00    4.36188E-14
     7624.00    4.35631E-14
     7628.00    4.35075E-14
     7632.00    4.34427E-14
     7636.00    4.34099E-14
     7640.00    4.33773E-14
     7644.00    4.33464E-14
     7648.00    4.33119E-14
     7652.00    4.32704E-14
     7656.00    4.32131E-14
     7660.00    4.31310E-14
     7664.00    4.30893E-14
     7668.00    4.30481E-14
     7672.00    4.29981E-14
     7676.00    4.29486E-14
     7680.00    4.28927E-14
     7684.00    4.28322E-14
     7688.00    4.27781E-14
     7692.00    4.27273E-14
     7696.00    4.26822E-14
     7700.00    4.26361E-14
     7704.00    4.25801E-14
     7708.00    4.25183E-14
     7712.00    4.24624E-14
     7716.00    4.24070E-14
     7720.00    4.23585E-14
     7724.00    4.23108E-14
     7728.00    4.22620E-14
     7732.00    4.22152E-14
     7736.00    4.21664E-14
     7740.00    4.21088E-14
     7744.00    4.20491E-14
     7748.00    4.19894E-14
     7752.00    4.19333E-14
     7756.00    4.18770E-14
     7760.00    4.18388E-14
     7764.00    4.17880E-14
     7768.00    4.17340E-14
     7772.00    4.16767E-14
     7776.00    4.16193E-14
     7780.00    4.15625E-14
     7784.00    4.15051E-14
     7788.00    4.14480E-14
     7792.00    4.13934E-14
     7796.00    4.13325E-14
     7800.00    4.12738E-14
     7804.00    4.12160E-14
     7808.00    4.11645E-14
     7812.00    4.11077E-14
     7816.00    4.10540E-14
     7820.00    4.10040E-14
     7824.00    4.09560E-14
     7828.00    4.09151E-14
     7832.00    4.08531E-14
     7836.00    4.07931E-14
     7840.00    4.07406E-14
     7844.00    4.06994E-14
     7848.00    4.06365E-14
     7852.00    4.05882E-14
     7856.00    4.05334E-14
     7860.00    4.04809E-14
     7864.00    4.04393E-14
     7868.00    4.03869E-14
     7872.00    4.03365E-14
     7876.00    4.02941E-14
     7880.00    4.02495E-14
     7884.00    4.01955E-14
     7888.00    4.01421E-14
     7892.00    4.00893E-14
     7896.00    4.00363E-14
     7900.00    4.00018E-14
     7904.00    3.99540E-14
     7908.00    3.99010E-14
     7912.00    3.98712E-14
     7916.00    3.98233E-14
     7920.00    3.97684E-14
     7924.00    3.97066E-14
     7928.00    3.96483E-14
     7932.00    3.95971E-14
     7936.00    3.95545E-14
     7940.00    3.94987E-14
     7944.00    3.94668E-14
     7948.00    3.94167E-14
     7952.00    3.93656E-14
     7956.00    3.93113E-14
     7960.00    3.92717E-14
     7964.00    3.92334E-14
     7968.00    3.91875E-14
     7972.00    3.91421E-14
     7976.00    3.90818E-14
     7980.00    3.90293E-14
     7984.00    3.89984E-14
     7988.00    3.89552E-14
     7992.00    3.88959E-14
     7996.00    3.88375E-14
     8000.00    3.87798E-14
     8004.00    3.87361E-14
     8008.00    3.86721E-14
     8012.00    3.86053E-14
     8016.00    3.85525E-14
     8020.00    3.84912E-14
     8024.00    3.84091E-14
     8028.00    3.83472E-14
     8032.00    3.82856E-14
     8036.00    3.82160E-14
     8040.00    3.81525E-14
     8044.00    3.80991E-14
     8048.00    3.80489E-14
     8052.00    3.80010E-14
     8056.00    3.79478E-14
     8060.00    3.78868E-14
     8064.00    3.78411E-14
     8068.00    3.77940E-14
     8072.00    3.77446E-14
     8076.00    3.77017E-14
     8080.00    3.76575E-14
     8084.00    3.76137E-14
     8088.00    3.75686E-14
     8092.00    3.75255E-14
     8096.00    3.74777E-14
     8100.00    3.74299E-14
     8104.00    3.73912E-14
     8108.00    3.73365E-14
     8112.00    3.72826E-14
     8116.00    3.72345E-14
     8120.00    3.71952E-14
     8124.00    3.71385E-14
     8128.00    3.70762E-14
     8132.00    3.70272E-14
     8136.00    3.69873E-14
     8140.00    3.69194E-14
     8144.00    3.68519E-14
     8148.00    3.68162E-14
     8152.00    3.67707E-14
     8156.00    3.67161E-14
     8160.00    3.66614E-14
     8164.00    3.66102E-14
     8168.00    3.65701E-14
     8172.00    3.65206E-14
     8176.00    3.64746E-14
     8180.00    3.64328E-14
     8184.00    3.63810E-14
     8188.00    3.63420E-14
     8192.00    3.62698E-14
     8196.00    3.62085E-14
     8200.00    3.61612E-14
     8204.00    3.61290E-14
     8208.00    3.60782E-14
     8212.00    3.60268E-14
     8216.00    3.59758E-14
     8220.00    3.59443E-14
     8224.00    3.58894E-14
     8228.00    3.58336E-14
     8232.00    3.57946E-14
     8236.00    3.57451E-14
     8240.00    3.57040E-14
     8244.00    3.56455E-14
     8248.00    3.55931E-14
     8252.00    3.55507E-14
     8256.00    3.54937E-14
     8260.00    3.54428E-14
     8264.00    3.53921E-14
     8268.00    3.53569E-14
     8272.00    3.53404E-14
     8276.00    3.52846E-14
     8280.00    3.52227E-14
     8284.00    3.51665E-14
     8288.00    3.51201E-14
     8292.00    3.50727E-14
     8296.00    3.50206E-14
     8300.00    3.49743E-14
     8304.00    3.49226E-14
     8308.00    3.48675E-14
     8312.00    3.48107E-14
     8316.00    3.47634E-14
     8320.00    3.47158E-14
     8324.00    3.46634E-14
     8328.00    3.46152E-14
     8332.00    3.45681E-14
     8336.00    3.45208E-14
     8340.00    3.44602E-14
     8344.00    3.44130E-14
     8348.00    3.43557E-14
     8352.00    3.42977E-14
     8356.00    3.42521E-14
     8360.00    3.42020E-14
     8364.00    3.41516E-14
     8368.00    3.40949E-14
     8372.00    3.40451E-14
     8376.00    3.39902E-14
     8380.00    3.39360E-14
     8384.00    3.38837E-14
     8388.00    3.38375E-14
     8392.00    3.37904E-14
     8396.00    3.37377E-14
     8400.00    3.36861E-14
     8404.00    3.36394E-14
     8408.00    3.35799E-14
     8412.00    3.35251E-14
     8416.00    3.34760E-14
     8420.00    3.34232E-14
     8424.00    3.33696E-14
     8428.00    3.33203E-14
     8432.00    3.32724E-14
     8436.00    3.32276E-14
     8440.00    3.31793E-14
     8444.00    3.31270E-14
     8448.00    3.30670E-14
     8452.00    3.30031E-14
     8456.00    3.29430E-14
     8460.00    3.28980E-14
     8464.00    3.28556E-14
     8468.00    3.28102E-14
     8472.00    3.27533E-14
     8476.00    3.26914E-14
     8480.00    3.26358E-14
     8484.00    3.25765E-14
     8488.00    3.25171E-14
     8492.00    3.24487E-14
     8496.00    3.23705E-14
     8500.00    3.22892E-14
     8504.00    3.22482E-14
     8508.00    3.22177E-14
     8512.00    3.21728E-14
     8516.00    3.21200E-14
     8520.00    3.20807E-14
     8524.00    3.20407E-14
     8528.00    3.20041E-14
     8532.00    3.19718E-14
     8536.00    3.19369E-14
     8540.00    3.18879E-14
     8544.00    3.18285E-14
     8548.00    3.17864E-14
     8552.00    3.17578E-14
     8556.00    3.17233E-14
     8560.00    3.16967E-14
     8564.00    3.16763E-14
     8568.00    3.16496E-14
     8572.00    3.16284E-14
     8576.00    3.16190E-14
     8580.00    3.16033E-14
     8584.00    3.15377E-14
     8588.00    3.14667E-14
     8592.00    3.14179E-14
     8596.00    3.13779E-14
     8600.00    3.13365E-14
     8604.00    3.12940E-14
     8608.00    3.12417E-14
     8612.00    3.11889E-14
     8616.00    3.11293E-14
     8620.00    3.10717E-14
     8624.00    3.10430E-14
     8628.00    3.10262E-14
     8632.00    3.09853E-14
     8636.00    3.09288E-14
     8640.00    3.08777E-14
     8644.00    3.08295E-14
     8648.00    3.07805E-14
     8652.00    3.07425E-14
     8656.00    3.06964E-14
     8660.00    3.06474E-14
     8664.00    3.06019E-14
     8668.00    3.05496E-14
     8672.00    3.04997E-14
     8676.00    3.04481E-14
     8680.00    3.04016E-14
     8684.00    3.03642E-14
     8688.00    3.03278E-14
     8692.00    3.02843E-14
     8696.00    3.02462E-14
     8700.00    3.01992E-14
     8704.00    3.01328E-14
     8708.00    3.00628E-14
     8712.00    3.00252E-14
     8716.00    3.00002E-14
     8720.00    2.99595E-14
     8724.00    2.99295E-14
     8728.00    2.98848E-14
     8732.00    2.98344E-14
     8736.00    2.97960E-14
     8740.00    2.97513E-14
     8744.00    2.97076E-14
     8748.00    2.96531E-14
     8752.00    2.96210E-14
     8756.00    2.95916E-14
     8760.00    2.95476E-14
     8764.00    2.94980E-14
     8768.00    2.94547E-14
     8772.00    2.94151E-14
     8776.00    2.93744E-14
     8780.00    2.93304E-14
     8784.00    2.92740E-14
     8788.00    2.92211E-14
     8792.00    2.91640E-14
     8796.00    2.91104E-14
     8800.00    2.90591E-14
     8804.00    2.90122E-14
     8808.00    2.89784E-14
     8812.00    2.89530E-14
     8816.00    2.89335E-14
     8820.00    2.89148E-14
     8824.00    2.88933E-14
     8828.00    2.88862E-14
     8832.00    2.88518E-14
     8836.00    2.88108E-14
     8840.00    2.87813E-14
     8844.00    2.87504E-14
     8848.00    2.87187E-14
     8852.00    2.86898E-14
     8856.00    2.86638E-14
     8860.00    2.86405E-14
     8864.00    2.86159E-14
     8868.00    2.85835E-14
     8872.00    2.85450E-14
     8876.00    2.85092E-14
     8880.00    2.84652E-14
     8884.00    2.84159E-14
     8888.00    2.83657E-14
     8892.00    2.83069E-14
     8896.00    2.82324E-14
     8900.00    2.81747E-14
     8904.00    2.81192E-14
     8908.00    2.80718E-14
     8912.00    2.80298E-14
     8916.00    2.79887E-14
     8920.00    2.79490E-14
     8924.00    2.79161E-14
     8928.00    2.78658E-14
     8932.00    2.78210E-14
     8936.00    2.77682E-14
     8940.00    2.77336E-14
     8944.00    2.77091E-14
     8948.00    2.76775E-14
     8952.00    2.76192E-14
     8956.00    2.75708E-14
     8960.00    2.75397E-14
     8964.00    2.75022E-14
     8968.00    2.74662E-14
     8972.00    2.74383E-14
     8976.00    2.74132E-14
     8980.00    2.73844E-14
     8984.00    2.73614E-14
     8988.00    2.73269E-14
     8992.00    2.72879E-14
     8996.00    2.72541E-14
     9000.00    2.72171E-14
     9004.00    2.71846E-14
     9008.00    2.71511E-14
     9012.00    2.71227E-14
     9016.00    2.70836E-14
     9020.00    2.70350E-14
     9024.00    2.69967E-14
     9028.00    2.69787E-14
     9032.00    2.69688E-14
     9036.00    2.69387E-14
     9040.00    2.68992E-14
     9044.00    2.68492E-14
     9048.00    2.68033E-14
     9052.00    2.67574E-14
     9056.00    2.67147E-14
     9060.00    2.66732E-14
     9064.00    2.66250E-14
     9068.00    2.65839E-14
     9072.00    2.65571E-14
     9076.00    2.65199E-14
     9080.00    2.64809E-14
     9084.00    2.64530E-14
     9088.00    2.64266E-14
     9092.00    2.63841E-14
     9096.00    2.63369E-14
     9100.00    2.62828E-14
     9104.00    2.62306E-14
     9108.00    2.61963E-14
     9112.00    2.61665E-14
     9116.00    2.61349E-14
     9120.00    2.61031E-14
     9124.00    2.60666E-14
     9128.00    2.60325E-14
     9132.00    2.59964E-14
     9136.00    2.59563E-14
     9140.00    2.59233E-14
     9144.00    2.58927E-14
     9148.00    2.58524E-14
     9152.00    2.58137E-14
     9156.00    2.57734E-14
     9160.00    2.57251E-14
     9164.00    2.56803E-14
     9168.00    2.56437E-14
     9172.00    2.56154E-14
     9176.00    2.55942E-14
     9180.00    2.55644E-14
     9184.00    2.55222E-14
     9188.00    2.54787E-14
     9192.00    2.54436E-14
     9196.00    2.54123E-14
     9200.00    2.53819E-14
     9204.00    2.53461E-14
     9208.00    2.53072E-14
     9212.00    2.52707E-14
     9216.00    2.52358E-14
     9220.00    2.51988E-14
     9224.00    2.51632E-14
     9228.00    2.51275E-14
     9232.00    2.50928E-14
     9236.00    2.50585E-14
     9240.00    2.50245E-14
     9244.00    2.49897E-14
     9248.00    2.49524E-14
     9252.00    2.49170E-14
     9256.00    2.48783E-14
     9260.00    2.48430E-14
     9264.00    2.48067E-14
     9268.00    2.47725E-14
     9272.00    2.47330E-14
     9276.00    2.46950E-14
     9280.00    2.46576E-14
     9284.00    2.46149E-14
     9288.00    2.45752E-14
     9292.00    2.45374E-14
     9296.00    2.44994E-14
     9300.00    2.44543E-14
     9304.00    2.44044E-14
     9308.00    2.43587E-14
     9312.00    2.43080E-14
     9316.00    2.42559E-14
     9320.00    2.42107E-14
     9324.00    2.41608E-14
     9328.00    2.41129E-14
     9332.00    2.40705E-14
     9336.00    2.40255E-14
     9340.00    2.39777E-14
     9344.00    2.39358E-14
     9348.00    2.38925E-14
     9352.00    2.38555E-14
     9356.00    2.38231E-14
     9360.00    2.37941E-14
     9364.00    2.37672E-14
     9368.00    2.37370E-14
     9372.00    2.37079E-14
     9376.00    2.36801E-14
     9380.00    2.36631E-14
     9384.00    2.36389E-14
     9388.00    2.36071E-14
     9392.00    2.35789E-14
     9396.00    2.35405E-14
     9400.00    2.34965E-14
     9404.00    2.34602E-14
     9408.00    2.34154E-14
     9412.00    2.33723E-14
     9416.00    2.33401E-14
     9420.00    2.33063E-14
     9424.00    2.32672E-14
     9428.00    2.32317E-14
     9432.00    2.31960E-14
     9436.00    2.31617E-14
     9440.00    2.31234E-14
     9444.00    2.30884E-14
     9448.00    2.30587E-14
     9452.00    2.30265E-14
     9456.00    2.29914E-14
     9460.00    2.29537E-14
     9464.00    2.29220E-14
     9468.00    2.28947E-14
     9472.00    2.28732E-14
     9476.00    2.28562E-14
     9480.00    2.28300E-14
     9484.00    2.27972E-14
     9488.00    2.27648E-14
     9492.00    2.27316E-14
     9496.00    2.26972E-14
     9500.00    2.26622E-14
     9504.00    2.26332E-14
     9508.00    2.25974E-14
     9512.00    2.25558E-14
     9516.00    2.25232E-14
     9520.00    2.24930E-14
     9524.00    2.24588E-14
     9528.00    2.24240E-14
     9532.00    2.23941E-14
     9536.00    2.23668E-14
     9540.00    2.23445E-14
     9544.00    2.23219E-14
     9548.00    2.22881E-14
     9552.00    2.22523E-14
     9556.00    2.22207E-14
     9560.00    2.21917E-14
     9564.00    2.21657E-14
     9568.00    2.21377E-14
     9572.00    2.21041E-14
     9576.00    2.20663E-14
     9580.00    2.20346E-14
     9584.00    2.19993E-14
     9588.00    2.19683E-14
     9592.00    2.19362E-14
     9596.00    2.19012E-14
     9600.00    2.18795E-14
     9604.00    2.18584E-14
     9608.00    2.18299E-14
     9612.00    2.18040E-14
     9616.00    2.17849E-14
     9620.00    2.17650E-14
     9624.00    2.17421E-14
     9628.00    2.17169E-14
     9632.00    2.16883E-14
     9636.00    2.16567E-14
     9640.00    2.16321E-14
     9644.00    2.16074E-14
     9648.00    2.15835E-14
     9652.00    2.15589E-14
     9656.00    2.15355E-14
     9660.00    2.15151E-14
     9664.00    2.14928E-14
     9668.00    2.14659E-14
     9672.00    2.14473E-14
     9676.00    2.14223E-14
     9680.00    2.13975E-14
     9684.00    2.13799E-14
     9688.00    2.13601E-14
     9692.00    2.13354E-14
     9696.00    2.13081E-14
     9700.00    2.12818E-14
     9704.00    2.12632E-14
     9708.00    2.12406E-14
     9712.00    2.12217E-14
     9716.00    2.12023E-14
     9720.00    2.11736E-14
     9724.00    2.11383E-14
     9728.00    2.11080E-14
     9732.00    2.10774E-14
     9736.00    2.10507E-14
     9740.00    2.10229E-14
     9744.00    2.09997E-14
     9748.00    2.09763E-14
     9752.00    2.09430E-14
     9756.00    2.09095E-14
     9760.00    2.08762E-14
     9764.00    2.08380E-14
     9768.00    2.08027E-14
     9772.00    2.07728E-14
     9776.00    2.07449E-14
     9780.00    2.07211E-14
     9784.00    2.07010E-14
     9788.00    2.06752E-14
     9792.00    2.06445E-14
     9796.00    2.06133E-14
     9800.00    2.05909E-14
     9804.00    2.05705E-14
     9808.00    2.05438E-14
     9812.00    2.05170E-14
     9816.00    2.04878E-14
     9820.00    2.04515E-14
     9824.00    2.04231E-14
     9828.00    2.04014E-14
     9832.00    2.03782E-14
     9836.00    2.03592E-14
     9840.00    2.03437E-14
     9844.00    2.03218E-14
     9848.00    2.02968E-14
     9852.00    2.02710E-14
     9856.00    2.02399E-14
     9860.00    2.02089E-14
     9864.00    2.01836E-14
     9868.00    2.01577E-14
     9872.00    2.01300E-14
     9876.00    2.01030E-14
     9880.00    2.00727E-14
     9884.00    2.00422E-14
     9888.00    2.00151E-14
     9892.00    1.99880E-14
     9896.00    1.99585E-14
     9900.00    1.99289E-14
     9904.00    1.98953E-14
     9908.00    1.98622E-14
     9912.00    1.98354E-14
     9916.00    1.98081E-14
     9920.00    1.97814E-14
     9924.00    1.97582E-14
     9928.00    1.97341E-14
     9932.00    1.97173E-14
     9936.00    1.97002E-14
     9940.00    1.96777E-14
     9944.00    1.96559E-14
     9948.00    1.96381E-14
     9952.00    1.96183E-14
     9956.00    1.95997E-14
     9960.00    1.95798E-14
     9964.00    1.95585E-14
     9968.00    1.95405E-14
     9972.00    1.95200E-14
     9976.00    1.94972E-14
     9980.00    1.94796E-14
     9984.00    1.94613E-14
     9988.00    1.94436E-14
     9992.00    1.94244E-14
     9996.00    1.94047E-14
    10000.00    1.93766E-14
