*g114-26_v2sn.txt  
*
*  Heap-Lindler STIS_v2
set .z.units = "Ergs/s/cm**2/A"
set .z.label = "Flux"
set .table.bandwidth = 2.74
*
     2950.00   0.563457
     2952.74   0.574334
     2955.48   0.582226
     2958.22   0.596540
     2960.96   0.600779
     2963.70   0.584757
     2966.44   0.531821
     2969.18   0.543518
     2971.92   0.547058
     2974.66   0.596276
     2977.40   0.618443
     2980.14   0.583139
     2982.88   0.543162
     2985.62   0.526347
     2988.36   0.576546
     2991.10   0.615338
     2993.84   0.601597
     2996.58   0.610995
     2999.32   0.575552
     3002.06   0.544501
     3004.80   0.580830
     3007.54   0.580605
     3010.28   0.601957
     3013.02   0.608568
     3015.76   0.591811
     3018.50   0.556845
     3021.24   0.534549
     3023.98   0.602151
     3026.72   0.617515
     3029.46   0.629672
     3032.20   0.625878
     3034.94   0.640698
     3037.68   0.630709
     3040.42   0.618616
     3043.16   0.609862
     3045.90   0.619961
     3048.64   0.615729
     3051.38   0.627391
     3054.12   0.620980
     3056.86   0.594108
     3059.60   0.578990
     3062.34   0.592650
     3065.08   0.562223
     3067.82   0.552237
     3070.56   0.576674
     3073.30   0.604504
     3076.04   0.615188
     3078.78   0.617098
     3081.52   0.621201
     3084.26   0.616409
     3087.00   0.595760
     3089.74   0.569916
     3092.48   0.548980
     3095.22   0.550852
     3097.96   0.555566
     3100.70   0.559250
     3103.44   0.585363
     3106.18   0.614435
     3108.92   0.633110
     3111.66   0.640557
     3114.40   0.638859
     3117.14   0.620739
     3119.88   0.598996
     3122.62   0.597333
     3125.36   0.600341
     3128.10   0.608295
     3130.84   0.612640
     3133.58   0.621897
     3136.32   0.640764
     3139.06   0.639872
     3141.80   0.609329
     3144.54   0.596483
     3147.28   0.604772
     3150.02   0.611214
     3152.76   0.623171
     3155.50   0.612139
     3158.24   0.588109
     3160.98   0.583864
     3163.72   0.607739
     3166.46   0.632343
     3169.20   0.646479
     3171.94   0.661629
     3174.68   0.662558
     3177.42   0.643884
     3180.16   0.608743
     3182.90   0.595994
     3185.64   0.603180
     3188.38   0.611297
     3191.12   0.612133
     3193.86   0.615458
     3196.60   0.637134
     3199.34   0.655109
     3202.08   0.669866
     3204.82   0.678678
     3207.56   0.670249
     3210.30   0.632711
     3213.04   0.609395
     3215.78   0.625001
     3218.52   0.644095
     3221.26   0.646382
     3224.00   0.644174
     3226.74   0.631299
     3229.48   0.620620
     3232.22   0.616802
     3234.96   0.618678
     3237.70   0.625852
     3240.44   0.647687
     3243.18   0.666344
     3245.92   0.666764
     3248.66   0.657224
     3251.40   0.654484
     3254.14   0.671317
     3256.88   0.692312
     3259.62   0.705622
     3262.36   0.708933
     3265.10   0.701439
     3267.84   0.699905
     3270.58   0.694357
     3273.32   0.686584
     3276.06   0.682596
     3278.80   0.683414
     3281.54   0.705100
     3284.28   0.715060
     3287.02   0.702786
     3289.76   0.694663
     3292.50   0.722867
     3295.24   0.740508
     3297.98   0.735672
     3300.72   0.729670
     3303.46   0.720108
     3306.20   0.715238
     3308.94   0.723546
     3311.68   0.724061
     3314.42   0.716443
     3317.16   0.720846
     3319.90   0.708197
     3322.64   0.699952
     3325.38   0.707341
     3328.12   0.704982
     3330.86   0.697976
     3333.60   0.695422
     3336.34   0.694955
     3339.08   0.696993
     3341.82   0.691864
     3344.56   0.698839
     3347.30   0.691554
     3350.04   0.687866
     3352.78   0.712264
     3355.52   0.731612
     3358.26   0.710378
     3361.00   0.693258
     3363.74   0.704888
     3366.48   0.707857
     3369.22   0.698651
     3371.96   0.683279
     3374.70   0.696253
     3377.44   0.711166
     3380.18   0.691261
     3382.92   0.676601
     3385.66   0.706532
     3388.40   0.715927
     3391.14   0.700467
     3393.88   0.696163
     3396.62   0.721681
     3399.36   0.741562
     3402.10   0.733120
     3404.84   0.716985
     3407.58   0.711215
     3410.32   0.705120
     3413.06   0.701304
     3415.80   0.700991
     3418.54   0.727543
     3421.28   0.727100
     3424.02   0.710180
     3426.76   0.720397
     3429.50   0.727305
     3432.24   0.733006
     3434.98   0.733928
     3437.72   0.723025
     3440.46   0.688433
     3443.20   0.662444
     3445.94   0.691546
     3448.68   0.718102
     3451.42   0.720607
     3454.16   0.723602
     3456.90   0.732283
     3459.64   0.713997
     3462.38   0.710428
     3465.12   0.724796
     3467.86   0.722237
     3470.60   0.725585
     3473.34   0.710466
     3476.08   0.698267
     3478.82   0.720201
     3481.56   0.736957
     3484.30   0.743286
     3487.04   0.741116
     3489.78   0.724636
     3492.52   0.712871
     3495.26   0.704983
     3498.00   0.717333
     3500.74   0.731348
     3503.48   0.748467
     3506.22   0.755274
     3508.96   0.721703
     3511.70   0.707280
     3514.44   0.716275
     3517.18   0.734028
     3519.92   0.721213
     3522.66   0.692567
     3525.40   0.681375
     3528.14   0.690487
     3530.88   0.736750
     3533.62   0.744562
     3536.36   0.743842
     3539.10   0.752881
     3541.84   0.758379
     3544.58   0.761354
     3547.32   0.763341
     3550.06   0.767203
     3552.80   0.757556
     3555.54   0.753102
     3558.28   0.757127
     3561.02   0.766981
     3563.76   0.744176
     3566.50   0.704954
     3569.24   0.691343
     3571.98   0.685663
     3574.72   0.694314
     3577.46   0.710074
     3580.20   0.705778
     3582.94   0.676426
     3585.68   0.671763
     3588.42   0.686197
     3591.16   0.712343
     3593.90   0.738219
     3596.64   0.758698
     3599.38   0.767959
     3602.12   0.746882
     3604.86   0.725875
     3607.60   0.720875
     3610.34   0.717963
     3613.08   0.727969
     3615.82   0.726401
     3618.56   0.719798
     3621.30   0.717029
     3624.04   0.739699
     3626.78   0.753313
     3629.52   0.744076
     3632.26   0.725979
     3635.00   0.732973
     3637.74   0.752546
     3640.48   0.757746
     3643.22   0.738742
     3645.96   0.724853
     3648.70   0.733550
     3651.44   0.752524
     3654.18   0.772762
     3656.92   0.785117
     3659.66   0.784661
     3662.40   0.778648
     3665.14   0.777770
     3667.88   0.794295
     3670.62   0.780985
     3673.36   0.786652
     3676.10   0.779562
     3678.84   0.764170
     3681.58   0.740755
     3684.32   0.737621
     3687.06   0.747109
     3689.80   0.759367
     3692.54   0.780542
     3695.28   0.783083
     3698.02   0.785434
     3700.76   0.794252
     3703.50   0.765803
     3706.24   0.725829
     3708.98   0.735141
     3711.72   0.752613
     3714.46   0.789541
     3717.20   0.793701
     3719.94   0.741781
     3722.68   0.719343
     3725.42   0.772640
     3728.16   0.808843
     3730.90   0.789692
     3733.64   0.707799
     3736.38   0.666295
     3739.12   0.751913
     3741.86   0.813671
     3744.60   0.788165
     3747.34   0.722144
     3750.08   0.682478
     3752.82   0.730032
     3755.56   0.822289
     3758.30   0.843752
     3761.04   0.844309
     3763.78   0.846302
     3766.52   0.815176
     3769.26   0.755576
     3772.00   0.734164
     3774.74   0.814515
     3777.48   0.900188
     3780.22   0.951686
     3782.96   0.973531
     3785.70   0.958567
     3788.44   0.930709
     3791.18   0.897974
     3793.92   0.842478
     3796.66   0.747654
     3799.40   0.716708
     3802.14   0.813482
     3804.88   0.907154
     3807.62   0.938957
     3810.36   0.958606
     3813.10   0.950347
     3815.84   0.921076
     3818.58   0.926975
     3821.32   0.907571
     3824.06   0.890693
     3826.80   0.852526
     3829.54   0.796834
     3832.28   0.727648
     3835.02   0.638919
     3837.76   0.652883
     3840.50   0.751944
     3843.24   0.877943
     3845.98   0.946176
     3848.72   0.973883
     3851.46   0.987527
     3854.20   0.984274
     3856.94   0.964391
     3859.68   0.950866
     3862.42   0.983468
     3865.16    1.01016
     3867.90    1.00556
     3870.64   0.979208
     3873.38   0.953530
     3876.12   0.942976
     3878.86   0.926163
     3881.60   0.917492
     3884.34   0.861485
     3887.08   0.749748
     3889.82   0.698773
     3892.56   0.779747
     3895.30   0.848116
     3898.04   0.895095
     3900.78   0.912422
     3903.52   0.931130
     3906.26   0.939611
     3909.00   0.976341
     3911.74   0.996907
     3914.48    1.00023
     3917.22   0.991444
     3919.96   0.957648
     3922.70   0.936813
     3925.44   0.903477
     3928.18   0.824233
     3930.92   0.660828
     3933.66   0.496810
     3936.40   0.571881
     3939.14   0.783028
     3941.88   0.903289
     3944.62   0.950860
     3947.36   0.975145
     3950.10   0.975234
     3952.84   0.974252
     3955.58   0.961878
     3958.32   0.932465
     3961.06   0.888007
     3963.80   0.790770
     3966.54   0.622047
     3969.28   0.481861
     3972.02   0.609927
     3974.76   0.791152
     3977.50   0.914498
     3980.24   0.970059
     3982.98   0.990840
     3985.72    1.00610
     3988.46    1.02498
     3991.20    1.03880
     3993.94    1.03962
     3996.68    1.03388
     3999.42    1.03076
     4002.16    1.04979
     4004.90    1.04349
     4007.64    1.03644
     4010.38    1.04380
     4013.12    1.04622
     4015.86    1.05844
     4018.60    1.06325
     4021.34    1.06671
     4024.08    1.07051
     4026.82    1.06629
     4029.56    1.05092
     4032.30    1.03936
     4035.04    1.04454
     4037.78    1.06615
     4040.52    1.07305
     4043.26    1.05360
     4046.00    1.02219
     4048.74    1.05164
     4051.48    1.06838
     4054.22    1.06722
     4056.96    1.05584
     4059.70    1.04839
     4062.44    1.02367
     4065.18    1.01310
     4067.92    1.03304
     4070.66    1.03218
     4073.40    1.01974
     4076.14    1.03103
     4078.88    1.02578
     4081.62    1.03885
     4084.36    1.03185
     4087.10    1.03020
     4089.84    1.02856
     4092.58    1.01285
     4095.32   0.969726
     4098.06   0.884821
     4100.80   0.778317
     4103.54   0.773205
     4106.28   0.879767
     4109.02   0.949098
     4111.76   0.995855
     4114.50    1.01560
     4117.24    1.01463
     4119.98    1.01936
     4122.72    1.03552
     4125.46    1.04240
     4128.20    1.04289
     4130.94    1.03348
     4133.68    1.02934
     4136.42    1.04420
     4139.16    1.05576
     4141.90    1.04531
     4144.64    1.03406
     4147.38    1.04456
     4150.12    1.05072
     4152.86    1.03522
     4155.60    1.02427
     4158.34    1.04447
     4161.08    1.05355
     4163.82    1.05393
     4166.56    1.04925
     4169.30    1.04299
     4172.04    1.02797
     4174.78    1.03206
     4177.52    1.03614
     4180.26    1.04034
     4183.00    1.04802
     4185.74    1.02574
     4188.48    1.02237
     4191.22    1.03779
     4193.96    1.03913
     4196.70    1.03565
     4199.44    1.01981
     4202.18    1.02084
     4204.92    1.02908
     4207.66    1.03728
     4210.40    1.04494
     4213.14    1.03820
     4215.88    1.02688
     4218.62    1.02790
     4221.36    1.02454
     4224.10   0.996823
     4226.84   0.968754
     4229.58    1.00486
     4232.32    1.02223
     4235.06    1.01629
     4237.80    1.01910
     4240.54    1.02610
     4243.28    1.03925
     4246.02    1.02702
     4248.76    1.01532
     4251.50    1.01018
     4254.24    1.01654
     4256.98    1.02926
     4259.72    1.02558
     4262.46    1.02648
     4265.20    1.03496
     4267.94    1.02681
     4270.68   0.996135
     4273.42   0.984907
     4276.16    1.00431
     4278.90    1.02852
     4281.64    1.02552
     4284.38    1.00629
     4287.12   0.999965
     4289.86   0.980930
     4292.60   0.989703
     4295.34   0.979356
     4298.08   0.955511
     4300.82   0.928218
     4303.56   0.926518
     4306.30   0.923392
     4309.04   0.925758
     4311.78   0.946994
     4314.52   0.977287
     4317.26   0.997034
     4320.00    1.00726
     4322.74   0.986650
     4325.48   0.967998
     4328.22   0.982346
     4330.96   0.977878
     4333.70   0.948632
     4336.44   0.878821
     4339.18   0.767426
     4341.92   0.764950
     4344.66   0.874716
     4347.40   0.947861
     4350.14   0.972532
     4352.88   0.977062
     4355.62    1.00839
     4358.36    1.01849
     4361.10    1.02797
     4363.84    1.03287
     4366.58    1.03273
     4369.32    1.02580
     4372.06    1.01718
     4374.80    1.01251
     4377.54    1.01376
     4380.28    1.02356
     4383.02   0.995514
     4385.76    1.00726
     4388.50    1.01549
     4391.24    1.02972
     4393.98    1.02611
     4396.72    1.02701
     4399.46    1.02354
     4402.20    1.01812
     4404.94    1.00465
     4407.68    1.02315
     4410.42    1.03642
     4413.16    1.04310
     4415.90    1.02655
     4418.64    1.03304
     4421.38    1.04688
     4424.12    1.04552
     4426.86    1.03013
     4429.60    1.03811
     4432.34    1.04106
     4435.08    1.03490
     4437.82    1.04067
     4440.56    1.04327
     4443.30    1.03013
     4446.04    1.02613
     4448.78    1.03250
     4451.52    1.03238
     4454.26    1.02236
     4457.00    1.02174
     4459.74    1.02543
     4462.48    1.03164
     4465.22    1.03069
     4467.96    1.02068
     4470.70    1.02994
     4473.44    1.04192
     4476.18    1.03648
     4478.92    1.03778
     4481.66    1.02865
     4484.40    1.03228
     4487.14    1.04306
     4489.88    1.04057
     4492.62    1.04190
     4495.36    1.03424
     4498.10    1.03059
     4500.84    1.03399
     4503.58    1.04297
     4506.32    1.04413
     4509.06    1.04655
     4511.80    1.04330
     4514.54    1.03562
     4517.28    1.03261
     4520.02    1.03818
     4522.76    1.02879
     4525.50    1.02162
     4528.24    1.02001
     4530.98    1.01268
     4533.72    1.00231
     4536.46    1.01618
     4539.20    1.03595
     4541.94    1.03500
     4544.68    1.02507
     4547.42    1.01290
     4550.16    1.00689
     4552.90    1.00981
     4555.64    1.02003
     4558.38    1.02893
     4561.12    1.03042
     4563.86    1.03003
     4566.60    1.03410
     4569.34    1.03368
     4572.08    1.02238
     4574.82    1.02665
     4577.56    1.03335
     4580.30    1.03268
     4583.04    1.02746
     4585.78    1.02617
     4588.52    1.02844
     4591.26    1.02818
     4594.00    1.03438
     4596.74    1.03256
     4599.48    1.01512
     4602.22    1.02160
     4604.96    1.02809
     4607.70    1.03051
     4610.44    1.03383
     4613.18    1.03383
     4615.92    1.03022
     4618.66    1.02697
     4621.40    1.03133
     4624.14    1.03483
     4626.88    1.02977
     4629.62    1.02573
     4632.36    1.02748
     4635.10    1.02778
     4637.84    1.02162
     4640.58    1.02783
     4643.32    1.02996
     4646.06    1.02361
     4648.80    1.02101
     4651.54    1.02412
     4654.28    1.02093
     4657.02    1.02415
     4659.76    1.02690
     4662.50    1.02910
     4665.24    1.02120
     4667.98    1.01823
     4670.72    1.02705
     4673.46    1.02813
     4676.20    1.02678
     4678.94    1.02407
     4681.68    1.02841
     4684.42    1.02966
     4687.16    1.02726
     4689.90    1.02672
     4692.64    1.02424
     4695.38    1.02553
     4698.12    1.01633
     4700.86    1.01211
     4703.60    1.00453
     4706.34    1.02418
     4709.08    1.03268
     4711.82    1.02140
     4714.56    1.01819
     4717.30    1.02137
     4720.04    1.02406
     4722.78    1.02259
     4725.52    1.02364
     4728.26    1.02200
     4731.00    1.02128
     4733.74    1.02170
     4736.48    1.02019
     4739.22    1.02136
     4741.96    1.02215
     4744.70    1.02065
     4747.44    1.01822
     4750.18    1.01291
     4752.92    1.01377
     4755.66    1.01105
     4758.40    1.00756
     4761.14    1.00615
     4763.88    1.00453
     4766.62    1.00557
     4769.36    1.01280
     4772.10    1.01464
     4774.84    1.00785
     4777.58    1.00358
     4780.32    1.00555
     4783.06    1.00302
     4785.80   0.999927
     4788.54    1.00405
     4791.28    1.00613
     4794.02    1.01605
     4796.76    1.01759
     4799.50    1.00281
     4802.24   0.996162
     4804.98    1.00324
     4807.72    1.00074
     4810.46    1.00130
     4813.20    1.00794
     4815.94    1.01067
     4818.68    1.00509
     4821.42    1.00158
     4824.16   0.997505
     4826.90   0.999364
     4829.64    1.00093
     4832.38   0.996728
     4835.12    1.00043
     4837.86   0.993340
     4840.60   0.979786
     4843.34   0.980012
     4846.08   0.981026
     4848.82   0.966799
     4851.56   0.943989
     4854.30   0.911880
     4857.04   0.847608
     4859.78   0.751764
     4862.52   0.745281
     4865.26   0.831334
     4868.00   0.897772
     4870.74   0.919878
     4873.48   0.940071
     4876.22   0.959326
     4878.96   0.967381
     4881.70   0.977843
     4884.44   0.981357
     4887.18   0.972471
     4889.92   0.963824
     4892.66   0.972431
     4895.40   0.984290
     4898.14   0.987660
     4900.88   0.988372
     4903.62   0.992275
     4906.36   0.998793
     4909.10   0.993427
     4911.84   0.987419
     4914.58   0.988601
     4917.32   0.978987
     4920.06   0.966041
     4922.80   0.964731
     4925.54   0.977909
     4928.28   0.985620
     4931.02   0.982088
     4933.76   0.978424
     4936.50   0.976534
     4939.24   0.981034
     4941.98   0.989033
     4944.72   0.989461
     4947.46   0.986445
     4950.20   0.987236
     4952.94   0.984115
     4955.68   0.969026
     4958.42   0.962535
     4961.16   0.975742
     4963.90   0.982354
     4966.64   0.979066
     4969.38   0.989507
     4972.12   0.987991
     4974.86   0.979019
     4977.60   0.974943
     4980.34   0.965029
     4983.08   0.965295
     4985.82   0.967990
     4988.56   0.974980
     4991.30   0.973505
     4994.04   0.965652
     4996.78   0.966350
     4999.52   0.967362
     5002.26   0.963952
     5005.00   0.959191
     5007.74   0.959760
     5010.48   0.961621
     5013.22   0.954864
     5015.96   0.961740
     5018.70   0.969832
     5021.44   0.966579
     5024.18   0.971260
     5026.92   0.968506
     5029.66   0.968923
     5032.40   0.969225
     5035.14   0.963484
     5037.88   0.959646
     5040.62   0.954444
     5043.36   0.955227
     5046.10   0.957523
     5048.84   0.952308
     5051.58   0.957640
     5054.32   0.962513
     5057.06   0.963267
     5059.80   0.966964
     5062.54   0.966332
     5065.28   0.957605
     5068.02   0.958506
     5070.76   0.960700
     5073.50   0.959805
     5076.24   0.959484
     5078.98   0.951579
     5081.72   0.944161
     5084.46   0.950224
     5087.20   0.959744
     5089.94   0.964408
     5092.68   0.960916
     5095.42   0.956904
     5098.16   0.956191
     5100.90   0.957539
     5103.64   0.958952
     5106.38   0.955526
     5109.12   0.944013
     5111.86   0.947379
     5114.60   0.957501
     5117.34   0.952623
     5120.08   0.950637
     5122.82   0.949910
     5125.56   0.946375
     5128.30   0.946349
     5131.04   0.945108
     5133.78   0.942063
     5136.52   0.937648
     5139.26   0.934477
     5142.00   0.938366
     5144.74   0.945722
     5147.48   0.948594
     5150.22   0.946901
     5152.96   0.946699
     5155.70   0.949211
     5158.44   0.950854
     5161.18   0.944440
     5163.92   0.925525
     5166.66   0.887652
     5169.40   0.865069
     5172.14   0.870939
     5174.88   0.890731
     5177.62   0.924487
     5180.36   0.916034
     5183.10   0.887968
     5185.84   0.891165
     5188.58   0.920920
     5191.32   0.923897
     5194.06   0.927143
     5196.80   0.936139
     5199.54   0.936421
     5202.28   0.928320
     5205.02   0.922285
     5207.76   0.917846
     5210.50   0.923912
     5213.24   0.934502
     5215.98   0.935716
     5218.72   0.939285
     5221.46   0.942995
     5224.20   0.935468
     5226.94   0.922094
     5229.68   0.919567
     5232.42   0.922181
     5235.16   0.929256
     5237.90   0.938348
     5240.64   0.938290
     5243.38   0.942566
     5246.12   0.944347
     5248.86   0.936619
     5251.60   0.930600
     5254.34   0.939467
     5257.08   0.937151
     5259.82   0.928234
     5262.56   0.919263
     5265.30   0.903926
     5268.04   0.894939
     5270.78   0.887244
     5273.52   0.916063
     5276.26   0.928251
     5279.00   0.927655
     5281.74   0.926558
     5284.48   0.929419
     5287.22   0.936332
     5289.96   0.943536
     5292.70   0.937800
     5295.44   0.932212
     5298.18   0.933516
     5300.92   0.935526
     5303.66   0.931157
     5306.40   0.927339
     5309.14   0.929404
     5311.88   0.930733
     5314.62   0.934454
     5317.36   0.926032
     5320.10   0.918433
     5322.84   0.917096
     5325.58   0.908798
     5328.32   0.902396
     5331.06   0.914659
     5333.80   0.920997
     5336.54   0.921659
     5339.28   0.913548
     5342.02   0.912695
     5344.76   0.918104
     5347.50   0.917115
     5350.24   0.913651
     5352.98   0.916451
     5355.72   0.924722
     5358.46   0.925579
     5361.20   0.921075
     5363.94   0.911948
     5366.68   0.900077
     5369.42   0.900686
     5372.16   0.904048
     5374.90   0.918693
     5377.64   0.915745
     5380.38   0.912832
     5383.12   0.910329
     5385.86   0.911610
     5388.60   0.907487
     5391.34   0.908212
     5394.08   0.902688
     5396.82   0.898707
     5399.56   0.894906
     5402.30   0.889744
     5405.04   0.896288
     5407.78   0.896712
     5410.52   0.901770
     5413.26   0.902474
     5416.00   0.901726
     5418.74   0.907098
     5421.48   0.905649
     5424.22   0.901133
     5426.96   0.896998
     5429.70   0.892206
     5432.44   0.889864
     5435.18   0.896748
     5437.92   0.903819
     5440.66   0.901711
     5443.40   0.901463
     5446.14   0.886180
     5448.88   0.894107
     5451.62   0.897088
     5454.36   0.889895
     5457.10   0.890752
     5459.84   0.896450
     5462.58   0.896521
     5465.32   0.899970
     5468.06   0.904629
     5470.80   0.905749
     5473.54   0.897633
     5476.28   0.896796
     5479.02   0.897531
     5481.76   0.901306
     5484.50   0.898521
     5487.24   0.902450
     5489.98   0.898745
     5492.72   0.898072
     5495.46   0.898685
     5498.20   0.894243
     5500.94   0.885093
     5503.68   0.886832
     5506.42   0.886171
     5509.16   0.887699
     5511.90   0.889102
     5514.64   0.893544
     5517.38   0.895610
     5520.12   0.890814
     5522.86   0.881766
     5525.60   0.875355
     5528.34   0.878723
     5531.08   0.884661
     5533.82   0.891929
     5536.56   0.891319
     5539.30   0.893948
     5542.04   0.895944
     5544.78   0.891836
     5547.52   0.887426
     5550.26   0.885860
     5553.00   0.880276
     5555.74   0.879700
     5558.48   0.880871
     5561.22   0.875660
     5563.96   0.874916
     5566.70   0.872776
     5569.44   0.889617
     5572.18   0.887845
     5574.92   0.882316
     5577.66   0.875807
     5580.40   0.876283
     5583.14   0.872869
     5585.88   0.873168
     5588.62   0.872352
     5591.36   0.872682
     5594.10   0.871302
     5596.84   0.875366
     5599.58   0.880612
     5602.32   0.881477
     5605.06   0.884663
     5607.80   0.889573
     5610.54   0.885497
     5613.28   0.881473
     5616.02   0.882641
     5618.76   0.880304
     5621.50   0.875484
     5624.24   0.872671
     5626.98   0.875856
     5629.72   0.882852
     5632.46   0.883587
     5635.20   0.882259
     5637.94   0.883106
     5640.68   0.876417
     5643.42   0.875413
     5646.16   0.882789
     5648.90   0.879559
     5651.64   0.881321
     5654.38   0.885614
     5657.12   0.885242
     5659.86   0.876670
     5662.60   0.865813
     5665.34   0.853852
     5668.08   0.853621
     5670.82   0.857106
     5673.56   0.859831
     5676.30   0.862187
     5679.04   0.863902
     5681.78   0.866030
     5684.52   0.868599
     5687.26   0.868020
     5690.00   0.865525
     5692.74   0.861468
     5695.48   0.858278
     5698.22   0.860392
     5700.96   0.855726
     5703.70   0.836764
     5706.44   0.830463
     5709.18   0.834934
     5711.92   0.843315
     5714.66   0.851399
     5717.40   0.848062
     5720.14   0.845228
     5722.88   0.848965
     5725.62   0.848783
     5728.36   0.843262
     5731.10   0.840058
     5733.84   0.838791
     5736.58   0.843945
     5739.32   0.849331
     5742.06   0.847788
     5744.80   0.847397
     5747.54   0.850902
     5750.28   0.855064
     5753.02   0.859469
     5755.76   0.855997
     5758.50   0.850153
     5761.24   0.850316
     5763.98   0.851527
     5766.72   0.852529
     5769.46   0.853026
     5772.20   0.852905
     5774.94   0.858438
     5777.68   0.866943
     5780.42   0.868689
     5783.16   0.867035
     5785.90   0.857163
     5788.64   0.851850
     5791.38   0.858507
     5794.12   0.860702
     5796.86   0.858018
     5799.60   0.853073
     5802.34   0.849733
     5805.08   0.866321
     5807.82   0.878233
     5810.56   0.861465
     5813.30   0.849929
     5816.04   0.849100
     5818.78   0.845002
     5821.52   0.839007
     5824.26   0.838729
     5827.00   0.838709
     5829.74   0.831424
     5832.48   0.828621
     5835.22   0.838129
     5837.96   0.840332
     5840.70   0.834192
     5843.44   0.828383
     5846.18   0.824453
     5848.92   0.834892
     5851.66   0.842830
     5854.40   0.830353
     5857.14   0.824123
     5859.88   0.830750
     5862.62   0.833126
     5865.36   0.832026
     5868.10   0.822350
     5870.84   0.813783
     5873.58   0.827081
     5876.32   0.835387
     5879.06   0.824235
     5881.80   0.819267
     5884.54   0.822151
     5887.28   0.818359
     5890.02   0.810767
     5892.76   0.801091
     5895.50   0.794993
     5898.24   0.805241
     5900.98   0.814478
     5903.72   0.819294
     5906.46   0.817752
     5909.20   0.811843
     5911.94   0.820229
     5914.68   0.830423
     5917.42   0.821432
     5920.16   0.813286
     5922.90   0.815197
     5925.64   0.819325
     5928.38   0.825256
     5931.12   0.825062
     5933.86   0.821016
     5936.60   0.812264
     5939.34   0.803582
     5942.08   0.800567
     5944.82   0.800457
     5947.56   0.805307
     5950.30   0.807061
     5953.04   0.806328
     5955.78   0.811421
     5958.52   0.818013
     5961.26   0.819540
     5964.00   0.819483
     5966.74   0.817481
     5969.48   0.817525
     5972.22   0.820260
     5974.96   0.814622
     5977.70   0.805172
     5980.44   0.810156
     5983.18   0.816600
     5985.92   0.811895
     5988.66   0.806983
     5991.40   0.803902
     5994.14   0.802573
     5996.88   0.803122
     5999.62   0.808472
     6002.36   0.814928
     6005.10   0.814216
     6007.84   0.811357
     6010.58   0.806057
     6013.32   0.804424
     6016.06   0.808133
     6018.80   0.805929
     6021.54   0.800452
     6024.28   0.801170
     6027.02   0.802452
     6029.76   0.798138
     6032.50   0.796131
     6035.24   0.800582
     6037.98   0.802264
     6040.72   0.800808
     6043.46   0.797784
     6046.20   0.795327
     6048.94   0.803292
     6051.68   0.810197
     6054.42   0.805960
     6057.16   0.801338
     6059.90   0.797333
     6062.64   0.798313
     6065.38   0.802811
     6068.12   0.810945
     6070.86   0.817587
     6073.60   0.810188
     6076.34   0.802991
     6079.08   0.800592
     6081.82   0.801152
     6084.56   0.804511
     6087.30   0.803388
     6090.04   0.799787
     6092.78   0.794480
     6095.52   0.789167
     6098.26   0.785295
     6101.00   0.784398
     6103.74   0.788626
     6106.48   0.787850
     6109.22   0.783846
     6111.96   0.790225
     6114.70   0.797491
     6117.44   0.789975
     6120.18   0.781096
     6122.92   0.774328
     6125.66   0.777475
     6128.40   0.791389
     6131.14   0.790882
     6133.88   0.782717
     6136.62   0.775164
     6139.36   0.770840
     6142.10   0.779979
     6144.84   0.786039
     6147.58   0.784011
     6150.32   0.779340
     6153.06   0.772760
     6155.80   0.772014
     6158.54   0.772725
     6161.28   0.768950
     6164.02   0.767052
     6166.76   0.772230
     6169.50   0.775481
     6172.24   0.775876
     6174.98   0.775638
     6177.72   0.774985
     6180.46   0.773243
     6183.20   0.771057
     6185.94   0.768045
     6188.68   0.764417
     6191.42   0.759757
     6194.16   0.763990
     6196.90   0.775729
     6199.64   0.773671
     6202.38   0.766728
     6205.12   0.765651
     6207.86   0.766240
     6210.60   0.768636
     6213.34   0.769684
     6216.08   0.768775
     6218.82   0.775470
     6221.56   0.785625
     6224.30   0.781199
     6227.04   0.773169
     6229.78   0.765835
     6232.52   0.762138
     6235.26   0.765854
     6238.00   0.769044
     6240.74   0.771068
     6243.48   0.763841
     6246.22   0.754383
     6248.96   0.759833
     6251.70   0.764123
     6254.44   0.754755
     6257.18   0.752646
     6259.92   0.762733
     6262.66   0.764940
     6265.40   0.762176
     6268.14   0.760210
     6270.88   0.758201
     6273.62   0.754846
     6276.36   0.753701
     6279.10   0.757764
     6281.84   0.756793
     6284.58   0.750792
     6287.32   0.754821
     6290.06   0.762909
     6292.80   0.764087
     6295.54   0.761913
     6298.28   0.752688
     6301.02   0.748033
     6303.76   0.752015
     6306.50   0.753365
     6309.24   0.753007
     6311.98   0.755243
     6314.72   0.757455
     6317.46   0.755051
     6320.20   0.753744
     6322.94   0.756577
     6325.68   0.757081
     6328.42   0.754727
     6331.16   0.747942
     6333.90   0.738931
     6336.64   0.730023
     6339.38   0.725477
     6342.12   0.739052
     6344.86   0.747638
     6347.60   0.744602
     6350.34   0.746324
     6353.08   0.751659
     6355.82   0.752736
     6358.56   0.750880
     6361.30   0.740706
     6364.04   0.733916
     6366.78   0.739200
     6369.52   0.743171
     6372.26   0.744822
     6375.00   0.744452
     6377.74   0.742958
     6380.48   0.740537
     6383.22   0.738264
     6385.96   0.737581
     6388.70   0.734890
     6391.44   0.728115
     6394.18   0.725366
     6396.92   0.726501
     6399.66   0.732899
     6402.40   0.739507
     6405.14   0.733941
     6407.88   0.729531
     6410.62   0.734599
     6413.36   0.737029
     6416.10   0.735431
     6418.84   0.735908
     6421.58   0.737140
     6424.32   0.732889
     6427.06   0.728548
     6429.80   0.729936
     6432.54   0.730310
     6435.28   0.727472
     6438.02   0.724746
     6440.76   0.722249
     6443.50   0.720523
     6446.24   0.720388
     6448.98   0.729128
     6451.72   0.735442
     6454.46   0.728710
     6457.20   0.726485
     6459.94   0.731795
     6462.68   0.732195
     6465.42   0.729660
     6468.16   0.727725
     6470.90   0.726222
     6473.64   0.726028
     6476.38   0.726350
     6479.12   0.727416
     6481.86   0.724395
     6484.60   0.717582
     6487.34   0.716927
     6490.08   0.718573
     6492.82   0.715778
     6495.56   0.713045
     6498.30   0.713613
     6501.04   0.717257
     6503.78   0.725520
     6506.52   0.725109
     6509.26   0.718896
     6512.00   0.715457
     6514.74   0.713789
     6517.48   0.716955
     6520.22   0.718240
     6522.96   0.713848
     6525.70   0.710425
     6528.44   0.708369
     6531.18   0.709560
     6533.92   0.712532
     6536.66   0.717521
     6539.40   0.719829
     6542.14   0.709696
     6544.88   0.699549
     6547.62   0.690732
     6550.36   0.678206
     6553.10   0.661985
     6555.84   0.632490
     6558.58   0.599672
     6561.32   0.573551
     6564.06   0.564793
     6566.80   0.595812
     6569.54   0.629047
     6572.28   0.662233
     6575.02   0.678347
     6577.76   0.685996
     6580.50   0.694211
     6583.24   0.701954
     6585.98   0.707276
     6588.72   0.709418
     6591.46   0.706136
     6594.20   0.705921
     6596.94   0.708257
     6599.68   0.709224
     6602.42   0.710608
     6605.16   0.717592
     6607.90   0.722289
     6610.64   0.718184
     6613.38   0.713101
     6616.12   0.707392
     6618.86   0.704167
     6621.60   0.702532
     6624.34   0.704805
     6627.08   0.706336
     6629.82   0.700717
     6632.56   0.697873
     6635.30   0.701642
     6638.04   0.706820
     6640.78   0.712792
     6643.52   0.712824
     6646.26   0.710276
     6649.00   0.706970
     6651.74   0.704820
     6654.48   0.706632
     6657.22   0.707225
     6659.96   0.705877
     6662.70   0.702241
     6665.44   0.697674
     6668.18   0.698353
     6670.92   0.700262
     6673.66   0.701434
     6676.40   0.699610
     6679.14   0.692014
     6681.88   0.689315
     6684.62   0.691422
     6687.36   0.694099
     6690.10   0.696289
     6692.84   0.692815
     6695.58   0.690399
     6698.32   0.695228
     6701.06   0.696450
     6703.80   0.691510
     6706.54   0.687873
     6709.28   0.685529
     6712.02   0.689667
     6714.76   0.693221
     6717.50   0.684492
     6720.24   0.679269
     6722.98   0.684902
     6725.72   0.689536
     6728.46   0.692658
     6731.20   0.693679
     6733.94   0.693556
     6736.68   0.691821
     6739.42   0.690024
     6742.16   0.689223
     6744.90   0.685517
     6747.64   0.676970
     6750.38   0.678689
     6753.12   0.687341
     6755.86   0.686664
     6758.60   0.682131
     6761.34   0.673112
     6764.08   0.668450
     6766.82   0.675473
     6769.56   0.678725
     6772.30   0.677452
     6775.04   0.678025
     6777.78   0.678971
     6780.52   0.674273
     6783.26   0.670298
     6786.00   0.673586
     6788.74   0.672755
     6791.48   0.663875
     6794.22   0.663016
     6796.96   0.668436
     6799.70   0.670400
     6802.44   0.671453
     6805.18   0.674353
     6807.92   0.675642
     6810.66   0.671916
     6813.40   0.671245
     6816.14   0.674368
     6818.88   0.672203
     6821.62   0.667536
     6824.36   0.663848
     6827.10   0.661821
     6829.84   0.665607
     6832.58   0.668373
     6835.32   0.668321
     6838.06   0.670255
     6840.80   0.673281
     6843.54   0.664709
     6846.28   0.653783
     6849.02   0.657161
     6851.76   0.662760
     6854.50   0.667939
     6857.24   0.667602
     6859.98   0.660163
     6862.72   0.655019
     6865.46   0.651533
     6868.20   0.653026
     6870.94   0.655256
     6873.68   0.655120
     6876.42   0.657705
     6879.16   0.665928
     6881.90   0.667786
     6884.64   0.664033
     6887.38   0.665448
     6890.12   0.668232
     6892.86   0.665172
     6895.60   0.664292
     6898.34   0.673974
     6901.08   0.674181
     6903.82   0.659878
     6906.56   0.654358
     6909.30   0.654063
     6912.04   0.650737
     6914.78   0.648884
     6917.52   0.657814
     6920.26   0.661878
     6923.00   0.653352
     6925.74   0.649572
     6928.48   0.650774
     6931.22   0.653590
     6933.96   0.656660
     6936.70   0.655937
     6939.44   0.654257
     6942.18   0.651669
     6944.92   0.649235
     6947.66   0.647127
     6950.40   0.645524
     6953.14   0.644632
     6955.88   0.648595
     6958.62   0.652356
     6961.36   0.647534
     6964.10   0.642598
     6966.84   0.639948
     6969.58   0.643138
     6972.32   0.651938
     6975.06   0.652092
     6977.80   0.648805
     6980.54   0.650435
     6983.28   0.650778
     6986.02   0.642952
     6988.76   0.640159
     6991.50   0.646620
     6994.24   0.647236
     6996.98   0.643495
     6999.72   0.642367
     7002.46   0.641273
     7005.20   0.635506
     7007.94   0.631289
     7010.68   0.632637
     7013.42   0.636374
     7016.16   0.642454
     7018.90   0.640414
     7021.64   0.635074
     7024.38   0.634736
     7027.12   0.635354
     7029.86   0.635449
     7032.60   0.637172
     7035.34   0.641737
     7038.08   0.642061
     7040.82   0.638993
     7043.56   0.637708
     7046.30   0.636883
     7049.04   0.634824
     7051.78   0.634810
     7054.52   0.641137
     7057.26   0.643886
     7060.00   0.641887
     7062.74   0.640440
     7065.48   0.639157
     7068.22   0.636714
     7070.96   0.634514
     7073.70   0.634456
     7076.44   0.635201
     7079.18   0.636986
     7081.92   0.635733
     7084.66   0.631996
     7087.40   0.630943
     7090.14   0.631278
     7092.88   0.633789
     7095.62   0.635780
     7098.36   0.635015
     7101.10   0.632335
     7103.84   0.627167
     7106.58   0.622330
     7109.32   0.618280
     7112.06   0.621271
     7114.80   0.625358
     7117.54   0.625834
     7120.28   0.624290
     7123.02   0.619626
     7125.76   0.620946
     7128.50   0.627601
     7131.24   0.630841
     7133.98   0.630713
     7136.72   0.614903
     7139.46   0.602428
     7142.20   0.610622
     7144.94   0.615469
     7147.68   0.613787
     7150.42   0.615706
     7153.16   0.619810
     7155.90   0.621107
     7158.64   0.620815
     7161.38   0.616898
     7164.12   0.613599
     7166.86   0.612582
     7169.60   0.613622
     7172.34   0.616602
     7175.08   0.622060
     7177.82   0.626990
     7180.56   0.616685
     7183.30   0.607123
     7186.04   0.609769
     7188.78   0.613015
     7191.52   0.615703
     7194.26   0.606499
     7197.00   0.590324
     7199.74   0.597548
     7202.48   0.609838
     7205.22   0.608343
     7207.96   0.607330
     7210.70   0.612183
     7213.44   0.608104
     7216.18   0.594499
     7218.92   0.597958
     7221.66   0.607822
     7224.40   0.606856
     7227.14   0.605438
     7229.88   0.610594
     7232.62   0.612665
     7235.36   0.608719
     7238.10   0.601868
     7240.84   0.593739
     7243.58   0.599322
     7246.32   0.608787
     7249.06   0.612195
     7251.80   0.611746
     7254.54   0.603219
     7257.28   0.600988
     7260.02   0.606463
     7262.76   0.605833
     7265.50   0.602750
     7268.24   0.605677
     7270.98   0.608251
     7273.72   0.604019
     7276.46   0.599951
     7279.20   0.597336
     7281.94   0.597411
     7284.68   0.599903
     7287.42   0.607222
     7290.16   0.614488
     7292.90   0.609249
     7295.64   0.602432
     7298.38   0.596744
     7301.12   0.591839
     7303.86   0.588041
     7306.60   0.592119
     7309.34   0.599958
     7312.08   0.599167
     7314.82   0.597042
     7317.56   0.598745
     7320.30   0.598018
     7323.04   0.591998
     7325.78   0.591876
     7328.52   0.596702
     7331.26   0.595630
     7334.00   0.592407
     7336.74   0.590633
     7339.48   0.589809
     7342.22   0.591292
     7344.96   0.589588
     7347.70   0.583306
     7350.44   0.584192
     7353.18   0.589238
     7355.92   0.589196
     7358.66   0.588521
     7361.40   0.591482
     7364.14   0.594827
     7366.88   0.598106
     7369.62   0.596759
     7372.36   0.591289
     7375.10   0.590173
     7377.84   0.590662
     7380.58   0.589678
     7383.32   0.588471
     7386.06   0.587375
     7388.80   0.586697
     7391.54   0.586650
     7394.28   0.587232
     7397.02   0.588018
     7399.76   0.585857
     7402.50   0.583071
     7405.24   0.581783
     7407.98   0.580205
     7410.72   0.577480
     7413.46   0.577509
     7416.20   0.580308
     7418.94   0.580330
     7421.68   0.579386
     7424.42   0.580269
     7427.16   0.580696
     7429.90   0.578299
     7432.64   0.577628
     7435.38   0.580038
     7438.12   0.583963
     7440.86   0.588449
     7443.60   0.585381
     7446.34   0.581062
     7449.08   0.584117
     7451.82   0.585614
     7454.56   0.580396
     7457.30   0.576562
     7460.04   0.574580
     7462.78   0.576643
     7465.52   0.580034
     7468.26   0.577364
     7471.00   0.573905
     7473.74   0.572552
     7476.48   0.570703
     7479.22   0.567733
     7481.96   0.568612
     7484.70   0.572040
     7487.44   0.567473
     7490.18   0.561752
     7492.92   0.566993
     7495.66   0.572565
     7498.40   0.574486
     7501.14   0.570630
     7503.88   0.559836
     7506.62   0.557461
     7509.36   0.559575
     7512.10   0.560570
     7514.84   0.561600
     7517.58   0.563847
     7520.32   0.564595
     7523.06   0.562456
     7525.80   0.565955
     7528.54   0.573617
     7531.28   0.569866
     7534.02   0.563231
     7536.76   0.566978
     7539.50   0.570013
     7542.24   0.566071
     7544.98   0.559783
     7547.72   0.550930
     7550.46   0.552286
     7553.20   0.559254
     7555.94   0.559148
     7558.68   0.556644
     7561.42   0.551980
     7564.16   0.550724
     7566.90   0.556574
     7569.64   0.558394
     7572.38   0.556577
     7575.12   0.557234
     7577.86   0.558551
     7580.60   0.557447
     7583.34   0.555509
     7586.08   0.552218
     7588.82   0.552077
     7591.56   0.556588
     7594.30   0.561078
     7597.04   0.564813
     7599.78   0.559840
     7602.52   0.553017
     7605.26   0.549807
     7608.00   0.546717
     7610.74   0.542835
     7613.48   0.544832
     7616.22   0.552400
     7618.96   0.555891
     7621.70   0.557272
     7624.44   0.554654
     7627.18   0.552971
     7629.92   0.556834
     7632.66   0.559592
     7635.40   0.560039
     7638.14   0.558154
     7640.88   0.554436
     7643.62   0.547948
     7646.36   0.542017
     7649.10   0.543810
     7651.84   0.544917
     7654.58   0.541754
     7657.32   0.541394
     7660.06   0.544092
     7662.80   0.543412
     7665.54   0.541656
     7668.28   0.543942
     7671.02   0.548287
     7673.76   0.556854
     7676.50   0.557753
     7679.24   0.546070
     7681.98   0.543005
     7684.72   0.546478
     7687.46   0.548961
     7690.20   0.549964
     7692.94   0.544076
     7695.68   0.539934
     7698.42   0.543289
     7701.16   0.545417
     7703.90   0.545860
     7706.64   0.546177
     7709.38   0.546151
     7712.12   0.543625
     7714.86   0.541717
     7717.60   0.544443
     7720.34   0.547002
     7723.08   0.548535
     7725.82   0.543810
     7728.56   0.534685
     7731.30   0.534653
     7734.04   0.536819
     7736.78   0.531626
     7739.52   0.526088
     7742.26   0.522563
     7745.00   0.521239
     7747.74   0.522732
     7750.48   0.526876
     7753.22   0.532372
     7755.96   0.535700
     7758.70   0.537661
     7761.44   0.536286
     7764.18   0.535634
     7766.92   0.536992
     7769.66   0.536897
     7772.40   0.535593
     7775.14   0.535735
     7777.88   0.536335
     7780.62   0.536404
     7783.36   0.533768
     7786.10   0.523356
     7788.84   0.522044
     7791.58   0.533463
     7794.32   0.529395
     7797.06   0.517172
     7799.80   0.524228
     7802.54   0.533318
     7805.28   0.526870
     7808.02   0.521619
     7810.76   0.522551
     7813.50   0.525604
     7816.24   0.530333
     7818.98   0.529814
     7821.72   0.527544
     7824.46   0.527545
     7827.20   0.528162
     7829.94   0.529417
     7832.68   0.528418
     7835.42   0.524184
     7838.16   0.522736
     7840.90   0.523380
     7843.64   0.526335
     7846.38   0.529069
     7849.12   0.527056
     7851.86   0.525934
     7854.60   0.528391
     7857.34   0.526417
     7860.08   0.520001
     7862.82   0.520336
     7865.56   0.523102
     7868.30   0.521657
     7871.04   0.518646
     7873.78   0.513280
     7876.52   0.511305
     7879.26   0.514734
     7882.00   0.520592
     7884.74   0.527529
     7887.48   0.525922
     7890.22   0.522561
     7892.96   0.525166
     7895.70   0.527154
     7898.44   0.525472
     7901.18   0.520962
     7903.92   0.513427
     7906.66   0.509907
     7909.40   0.508845
     7912.14   0.511797
     7914.88   0.513755
     7917.62   0.508722
     7920.36   0.506819
     7923.10   0.510984
     7925.84   0.510398
     7928.58   0.506363
     7931.32   0.505514
     7934.06   0.506691
     7936.80   0.514186
     7939.54   0.520111
     7942.28   0.519461
     7945.02   0.514233
     7947.76   0.504217
     7950.50   0.514037
     7953.24   0.532209
     7955.98   0.524219
     7958.72   0.512732
     7961.46   0.513031
     7964.20   0.511140
     7966.94   0.503242
     7969.68   0.501950
     7972.42   0.505864
     7975.16   0.505966
     7977.90   0.505532
     7980.64   0.510642
     7983.38   0.513355
     7986.12   0.506967
     7988.86   0.505557
     7991.60   0.511150
     7994.34   0.511409
     7997.08   0.508701
     7999.82   0.508931
     8002.56   0.509979
     8005.30   0.511199
     8008.04   0.509847
     8010.78   0.503287
     8013.52   0.501916
     8016.26   0.505059
     8019.00   0.505405
     8021.74   0.504401
     8024.48   0.501033
     8027.22   0.499665
     8029.96   0.505399
     8032.70   0.509098
     8035.44   0.509403
     8038.18   0.510795
     8040.92   0.512579
     8043.66   0.510383
     8046.40   0.506658
     8049.14   0.501196
     8051.88   0.498704
     8054.62   0.503497
     8057.36   0.504726
     8060.10   0.502321
     8062.84   0.497932
     8065.58   0.494003
     8068.32   0.500240
     8071.06   0.506705
     8073.80   0.507628
     8076.54   0.506091
     8079.28   0.501648
     8082.02   0.497676
     8084.76   0.494490
     8087.50   0.497509
     8090.24   0.501225
     8092.98   0.498198
     8095.72   0.496615
     8098.46   0.500749
     8101.20   0.496040
     8103.94   0.482096
     8106.68   0.482105
     8109.42   0.488824
     8112.16   0.496069
     8114.90   0.499803
     8117.64   0.490913
     8120.38   0.486864
     8123.12   0.491914
     8125.86   0.492428
     8128.60   0.489753
     8131.34   0.489403
     8134.08   0.489998
     8136.82   0.491852
     8139.56   0.492975
     8142.30   0.491796
     8145.04   0.488589
     8147.78   0.483337
     8150.52   0.485946
     8153.26   0.492110
     8156.00   0.492525
     8158.74   0.491659
     8161.48   0.491031
     8164.22   0.493556
     8166.96   0.501406
     8169.70   0.502491
     8172.44   0.498407
     8175.18   0.494160
     8177.92   0.489801
     8180.66   0.485069
     8183.40   0.481496
     8186.14   0.481164
     8188.88   0.483727
     8191.62   0.489522
     8194.36   0.488979
     8197.10   0.485213
     8199.84   0.485954
     8202.58   0.487465
     8205.32   0.487434
     8208.06   0.484838
     8210.80   0.477567
     8213.54   0.478664
     8216.28   0.486677
     8219.02   0.493273
     8221.76   0.497987
     8224.50   0.493091
     8227.24   0.488254
     8229.98   0.488057
     8232.72   0.487489
     8235.46   0.486058
     8238.20   0.484299
     8240.94   0.481892
     8243.68   0.474390
     8246.42   0.468735
     8249.16   0.478171
     8251.90   0.483362
     8254.64   0.475728
     8257.38   0.473759
     8260.12   0.477011
     8262.86   0.475086
     8265.60   0.471613
     8268.34   0.471728
     8271.08   0.474388
     8273.82   0.482700
     8276.56   0.485542
     8279.30   0.480349
     8282.04   0.475993
     8284.78   0.472607
     8287.52   0.473932
     8290.26   0.475189
     8293.00   0.468811
     8295.74   0.465155
     8298.48   0.470060
     8301.22   0.470869
     8303.96   0.467538
     8306.70   0.470004
     8309.44   0.474181
     8312.18   0.471206
     8314.92   0.466852
     8317.66   0.462825
     8320.40   0.459396
     8323.14   0.456808
     8325.88   0.457117
     8328.62   0.459325
     8331.36   0.461154
     8334.10   0.464283
     8336.84   0.475901
     8339.58   0.482947
     8342.32   0.476333
     8345.06   0.470854
     8347.80   0.467285
     8350.54   0.468893
     8353.28   0.471933
     8356.02   0.464674
     8358.76   0.458105
     8361.50   0.462419
     8364.24   0.465887
     8366.98   0.466478
     8369.72   0.466067
     8372.46   0.465112
     8375.20   0.467604
     8377.94   0.469835
     8380.68   0.463878
     8383.42   0.458553
     8386.16   0.457697
     8388.90   0.459795
     8391.64   0.464911
     8394.38   0.462063
     8397.12   0.456012
     8399.86   0.461320
     8402.60   0.466501
     8405.34   0.460226
     8408.08   0.456401
     8410.82   0.458946
     8413.56   0.461077
     8416.30   0.462682
     8419.04   0.460794
     8421.78   0.457893
     8424.52   0.456235
     8427.26   0.456887
     8430.00   0.463177
     8432.74   0.465021
     8435.48   0.460991
     8438.22   0.458970
     8440.96   0.458630
     8443.70   0.463347
     8446.44   0.467012
     8449.18   0.460089
     8451.92   0.456674
     8454.66   0.462786
     8457.40   0.464038
     8460.14   0.460851
     8462.88   0.455477
     8465.62   0.450600
     8468.36   0.455026
     8471.10   0.458293
     8473.84   0.453511
     8476.58   0.449680
     8479.32   0.447806
     8482.06   0.445697
     8484.80   0.443699
     8487.54   0.445141
     8490.28   0.446144
     8493.02   0.440126
     8495.76   0.435002
     8498.50   0.433541
     8501.24   0.438239
     8503.98   0.448613
     8506.72   0.450417
     8509.46   0.448882
     8512.20   0.450136
     8514.94   0.451142
     8517.68   0.449660
     8520.42   0.448664
     8523.16   0.448604
     8525.90   0.446243
     8528.64   0.442630
     8531.38   0.442598
     8534.12   0.441157
     8536.86   0.426048
     8539.60   0.413394
     8542.34   0.409996
     8545.08   0.414443
     8547.82   0.426709
     8550.56   0.431763
     8553.30   0.432757
     8556.04   0.429138
     8558.78   0.427313
     8561.52   0.435171
     8564.26   0.440557
     8567.00   0.440976
     8569.74   0.437049
     8572.48   0.430558
     8575.22   0.431712
     8577.96   0.435127
     8580.70   0.438621
     8583.44   0.440119
     8586.18   0.436776
     8588.92   0.436361
     8591.66   0.439339
     8594.40   0.437866
     8597.14   0.434259
     8599.88   0.432563
     8602.62   0.431447
     8605.36   0.430791
     8608.10   0.437298
     8610.84   0.456322
     8613.58   0.458333
     8616.32   0.447926
     8619.06   0.445489
     8621.80   0.444890
     8624.54   0.439702
     8627.28   0.435551
     8630.02   0.435792
     8632.76   0.433568
     8635.50   0.428310
     8638.24   0.429091
     8640.98   0.432900
     8643.72   0.433001
     8646.46   0.432656
     8649.20   0.434333
     8651.94   0.434660
     8654.68   0.431960
     8657.42   0.424286
     8660.16   0.412881
     8662.90   0.412213
     8665.64   0.416354
     8668.38   0.426095
     8671.12   0.433433
     8673.86   0.431631
     8676.60   0.434341
     8679.34   0.443258
     8682.08   0.443472
     8684.82   0.438755
     8687.56   0.436525
     8690.30   0.435589
     8693.04   0.437756
     8695.78   0.439123
     8698.52   0.438128
     8701.26   0.433265
     8704.00   0.425155
     8706.74   0.425266
     8709.48   0.428224
     8712.22   0.427236
     8714.96   0.426676
     8717.70   0.429630
     8720.44   0.429982
     8723.18   0.426542
     8725.92   0.426887
     8728.66   0.429115
     8731.40   0.424577
     8734.14   0.419904
     8736.88   0.424176
     8739.62   0.426091
     8742.36   0.420723
     8745.10   0.420608
     8747.84   0.425690
     8750.58   0.423154
     8753.32   0.418089
     8756.06   0.420477
     8758.80   0.423273
     8761.54   0.422414
     8764.28   0.420338
     8767.02   0.416831
     8769.76   0.420870
     8772.50   0.429405
     8775.24   0.430532
     8777.98   0.428845
     8780.72   0.423235
     8783.46   0.419147
     8786.20   0.419681
     8788.94   0.421218
     8791.68   0.423547
     8794.42   0.423261
     8797.16   0.421508
     8799.90   0.418513
     8802.64   0.417496
     8805.38   0.424743
     8808.12   0.426844
     8810.86   0.419299
     8813.60   0.418086
     8816.34   0.421060
     8819.08   0.417293
     8821.82   0.412417
     8824.56   0.413364
     8827.30   0.415098
     8830.04   0.416703
     8832.78   0.418482
     8835.52   0.420395
     8838.26   0.419993
     8841.00   0.417958
     8843.74   0.412165
     8846.48   0.405936
     8849.22   0.401564
     8851.96   0.399515
     8854.70   0.401597
     8857.44   0.399938
     8860.18   0.395777
     8862.92   0.402028
     8865.66   0.410494
     8868.40   0.410157
     8871.14   0.408373
     8873.88   0.406530
     8876.62   0.406420
     8879.36   0.408355
     8882.10   0.409139
     8884.84   0.409269
     8887.58   0.409374
     8890.32   0.408718
     8893.06   0.404592
     8895.80   0.402385
     8898.54   0.404713
     8901.28   0.402363
     8904.02   0.396504
     8906.76   0.405131
     8909.50   0.417480
     8912.24   0.416571
     8914.98   0.413060
     8917.72   0.408857
     8920.46   0.408007
     8923.20   0.411471
     8925.94   0.411107
     8928.68   0.408357
     8931.42   0.403503
     8934.16   0.399191
     8936.90   0.400207
     8939.64   0.399722
     8942.38   0.394989
     8945.12   0.397137
     8947.86   0.405661
     8950.60   0.405909
     8953.34   0.402932
     8956.08   0.402935
     8958.82   0.404177
     8961.56   0.407548
     8964.30   0.409220
     8967.04   0.408323
     8969.78   0.404352
     8972.52   0.399430
     8975.26   0.410432
     8978.00   0.421921
     8980.74   0.413845
     8983.48   0.408363
     8986.22   0.413611
     8988.96   0.411866
     8991.70   0.402755
     8994.44   0.399191
     8997.18   0.398395
     8999.92   0.398504
     9002.66   0.398415
     9005.40   0.396958
     9008.14   0.395177
     9010.88   0.393027
     9013.62   0.392537
     9016.36   0.393116
     9019.10   0.392718
     9021.84   0.391272
     9024.58   0.385712
     9027.32   0.384284
     9030.06   0.393651
     9032.80   0.396615
     9035.54   0.392371
     9038.28   0.395433
     9041.02   0.401265
     9043.76   0.398368
     9046.50   0.395769
     9049.24   0.401932
     9051.98   0.406080
     9054.72   0.405363
     9057.46   0.400364
     9060.20   0.392525
     9062.94   0.393364
     9065.68   0.397086
     9068.42   0.400556
     9071.16   0.402594
     9073.90   0.401241
     9076.64   0.396114
     9079.38   0.387168
     9082.12   0.390241
     9084.86   0.398552
     9087.60   0.394381
     9090.34   0.388970
     9093.08   0.391041
     9095.82   0.392882
     9098.56   0.393144
     9101.30   0.393451
     9104.04   0.393827
     9106.78   0.394678
     9109.52   0.395327
     9112.26   0.393606
     9115.00   0.392165
     9117.74   0.392542
     9120.48   0.395284
     9123.22   0.400716
     9125.96   0.398745
     9128.70   0.393221
     9131.44   0.394803
     9134.18   0.396682
     9136.92   0.391986
     9139.66   0.388917
     9142.40   0.390334
     9145.14   0.389051
     9147.88   0.385378
     9150.62   0.385369
     9153.36   0.386677
     9156.10   0.386478
     9158.84   0.386697
     9161.58   0.389057
     9164.32   0.388694
     9167.06   0.384508
     9169.80   0.381545
     9172.54   0.379594
     9175.28   0.382152
     9178.02   0.385808
     9180.76   0.389097
     9183.50   0.391502
     9186.24   0.392139
     9188.98   0.388341
     9191.72   0.380622
     9194.46   0.381311
     9197.20   0.385236
     9199.94   0.384542
     9202.68   0.380841
     9205.42   0.370053
     9208.16   0.364886
     9210.90   0.368889
     9213.64   0.371098
     9216.38   0.372078
     9219.12   0.371966
     9221.86   0.372352
     9224.60   0.376953
     9227.34   0.379864
     9230.08   0.377895
     9232.82   0.370624
     9235.56   0.358663
     9238.30   0.361914
     9241.04   0.371682
     9243.78   0.373888
     9246.52   0.374347
     9249.26   0.374201
     9252.00   0.375388
     9254.74   0.378939
     9257.48   0.379802
     9260.22   0.378867
     9262.96   0.380615
     9265.70   0.382566
     9268.44   0.380952
     9271.18   0.376674
     9273.92   0.367314
     9276.66   0.365213
     9279.40   0.371228
     9282.14   0.375829
     9284.88   0.379100
     9287.62   0.376441
     9290.36   0.373681
     9293.10   0.376083
     9295.84   0.377774
     9298.58   0.377496
     9301.32   0.379313
     9304.06   0.382429
     9306.80   0.378440
     9309.54   0.372406
     9312.28   0.369429
     9315.02   0.368795
     9317.76   0.372937
     9320.50   0.376434
     9323.24   0.378837
     9325.98   0.377386
     9328.72   0.374357
     9331.46   0.376797
     9334.20   0.379709
     9336.94   0.379270
     9339.68   0.377156
     9342.42   0.372419
     9345.16   0.369801
     9347.90   0.369101
     9350.64   0.368556
     9353.38   0.368298
     9356.12   0.369426
     9358.86   0.371703
     9361.60   0.376684
     9364.34   0.376759
     9367.08   0.370364
     9369.82   0.368682
     9372.56   0.369081
     9375.30   0.362291
     9378.04   0.356267
     9380.78   0.361804
     9383.52   0.369920
     9386.26   0.380653
     9389.00   0.382640
     9391.74   0.376395
     9394.48   0.370839
     9397.22   0.366810
     9399.96   0.371676
     9402.70   0.375340
     9405.44   0.369767
     9408.18   0.367132
     9410.92   0.369521
     9413.66   0.368268
     9416.40   0.364836
     9419.14   0.362205
     9421.88   0.360214
     9424.62   0.360251
     9427.36   0.360488
     9430.10   0.360619
     9432.84   0.361946
     9435.58   0.364327
     9438.32   0.363485
     9441.06   0.361658
     9443.80   0.363981
     9446.54   0.366304
     9449.28   0.365680
     9452.02   0.363697
     9454.76   0.359818
     9457.50   0.360784
     9460.24   0.364932
     9462.98   0.366022
     9465.72   0.366906
     9468.46   0.371624
     9471.20   0.370414
     9473.94   0.354679
     9476.68   0.349925
     9479.42   0.357144
     9482.16   0.360990
     9484.90   0.362844
     9487.64   0.361512
     9490.38   0.359113
     9493.12   0.355113
     9495.86   0.352536
     9498.60   0.352666
     9501.34   0.354220
     9504.08   0.356952
     9506.82   0.360827
     9509.56   0.364128
     9512.30   0.362030
     9515.04   0.358125
     9517.78   0.351712
     9520.52   0.353293
     9523.26   0.363680
     9526.00   0.357265
     9528.74   0.344123
     9531.48   0.350825
     9534.22   0.357557
     9536.96   0.347000
     9539.70   0.340155
     9542.44   0.342617
     9545.18   0.336248
     9547.92   0.323163
     9550.66   0.324144
     9553.40   0.330192
     9556.14   0.334315
     9558.88   0.338071
     9561.62   0.341672
     9564.36   0.345455
     9567.10   0.349484
     9569.84   0.345326
     9572.58   0.337603
     9575.32   0.338395
     9578.06   0.339569
     9580.80   0.333627
     9583.54   0.331796
     9586.28   0.339090
     9589.02   0.344046
     9591.76   0.346457
     9594.50   0.344403
     9597.24   0.341213
     9599.98   0.343002
     9602.72   0.345211
     9605.46   0.345983
     9608.20   0.348316
     9610.94   0.352888
     9613.68   0.353507
     9616.42   0.351645
     9619.16   0.347665
     9621.90   0.343193
     9624.64   0.339099
     9627.38   0.336678
     9630.12   0.337495
     9632.86   0.339100
     9635.60   0.341382
     9638.34   0.344925
     9641.08   0.347662
     9643.82   0.339853
     9646.56   0.332264
     9649.30   0.332230
     9652.04   0.333954
     9654.78   0.337718
     9657.52   0.337026
     9660.26   0.333702
     9663.00   0.335026
     9665.74   0.337220
     9668.48   0.336920
     9671.22   0.337235
     9673.96   0.339563
     9676.70   0.341660
     9679.44   0.343381
     9682.18   0.342911
     9684.92   0.341172
     9687.66   0.337017
     9690.40   0.333748
     9693.14   0.335649
     9695.88   0.338357
     9698.62   0.341873
     9701.36   0.342810
     9704.10   0.341480
     9706.84   0.334976
     9709.58   0.328792
     9712.32   0.333335
     9715.06   0.337970
     9717.80   0.339222
     9720.54   0.336252
     9723.28   0.329019
     9726.02   0.324337
     9728.76   0.321464
     9731.50   0.325332
     9734.24   0.329270
     9736.98   0.328243
     9739.72   0.324978
     9742.46   0.318668
     9745.20   0.325888
     9747.94   0.342774
     9750.68   0.340244
     9753.42   0.332400
     9756.16   0.334763
     9758.90   0.338085
     9761.64   0.339852
     9764.38   0.333319
     9767.12   0.317214
     9769.86   0.319515
     9772.60   0.329996
     9775.34   0.331099
     9778.08   0.330182
     9780.82   0.329828
     9783.56   0.328657
     9786.30   0.325917
     9789.04   0.323665
     9791.78   0.322392
     9794.52   0.330559
     9797.26   0.341435
     9800.00   0.345575
     9802.74   0.345401
     9805.48   0.335761
     9808.22   0.330137
     9810.96   0.330332
     9813.70   0.325485
     9816.44   0.318508
     9819.18   0.319561
     9821.92   0.322098
     9824.66   0.322081
     9827.40   0.323905
     9830.14   0.329754
     9832.88   0.332075
     9835.62   0.331379
     9838.36   0.336203
     9841.10   0.341710
     9843.84   0.335163
     9846.58   0.329271
     9849.32   0.332583
     9852.06   0.332831
     9854.80   0.327883
     9857.54   0.318761
     9860.28   0.308572
     9863.02   0.318943
     9865.76   0.332497
     9868.50   0.333596
     9871.24   0.328798
     9873.98   0.315058
     9876.72   0.316515
     9879.46   0.332010
     9882.20   0.329388
     9884.94   0.320689
     9887.68   0.327993
     9890.42   0.334607
     9893.16   0.328202
     9895.90   0.322429
     9898.64   0.318874
     9901.38   0.319862
     9904.12   0.323940
     9906.86   0.326216
     9909.60   0.325580
     9912.34   0.313053
     9915.08   0.306725
     9917.82   0.318014
     9920.56   0.320706
     9923.30   0.314058
     9926.04   0.312705
     9928.78   0.314918
     9931.52   0.329299
     9934.26   0.340063
     9937.00   0.329010
     9939.74   0.323388
     9942.48   0.329346
     9945.22   0.329360
     9947.96   0.324536
     9950.70   0.317028
     9953.44   0.309507
     9956.18   0.307173
     9958.92   0.309393
     9961.66   0.321326
     9964.40   0.322928
     9967.14   0.312649
     9969.88   0.322224
     9972.62   0.337540
     9975.36   0.316708
     9978.10   0.295941
     9980.84   0.305813
     9983.58   0.316644
     9986.32   0.324225
     9989.06   0.320072
     9991.80   0.307208
     9994.54   0.307228
     9997.28   0.312879
    10000.02   0.323323
    10002.76   0.329954
    10005.50   0.323514
    10008.24   0.324503
    10010.98   0.335270
    10013.72   0.324770
    10016.46   0.304724
    10019.20   0.304478
    10021.94   0.308286
    10024.68   0.308745
    10027.42   0.305534
    10030.16   0.296345
    10032.90   0.301970
    10035.64   0.319147
    10038.38   0.311691
    10041.12   0.297088
    10043.86   0.301380
    10046.60   0.306169
    10049.34   0.302654
    10052.08   0.297908
    10054.82   0.292093
    10057.56   0.297582
    10060.30   0.309807
    10063.04   0.320211
    10065.78   0.326869
    10068.52   0.319086
    10071.26   0.311415
    10074.00   0.307223
    10076.74   0.309124
    10079.48   0.315917
    10082.22   0.309818
    10084.96   0.300153
    10087.70   0.305214
    10090.44   0.311792
    10093.18   0.314905
    10095.92   0.315933
    10098.66   0.314114
    10101.40   0.314046
    10104.14   0.314484
    10106.88   0.306414
    10109.62   0.298121
    10112.36   0.300915
    10115.10   0.303910
    10117.84   0.304394
    10120.58   0.294408
    10123.32   0.275006
    10126.06   0.284632
    10128.80   0.305000
    10131.54   0.309872
    10134.28   0.308309
    10137.02   0.294328
    10139.76   0.285809
    10142.50   0.287366
    10145.24   0.294712
    10147.98   0.305370
    10150.72   0.304248
    10153.46   0.300373
    10156.20   0.302540
    10158.94   0.302249
    10161.68   0.293932
    10164.42   0.290632
    10167.16   0.292952
    10169.90   0.296017
    10172.64   0.297472
    10175.38   0.279923
    10178.12   0.264835
    10180.86   0.273098
    10183.60   0.285172
    10186.34   0.300137
    10189.08   0.308905
    10191.82   0.312388
    10194.56   0.315739
