3008.4 38.308054332288215 1.15568639315085 4.2
3012.6 47.52151867362279 1.4376461313021187 4.2
3016.8 66.68378090486465 2.02298191363105 4.2
3021.0 108.53050009091675 3.3016573526008215 4.2
3025.2 132.00460177042729 4.026947799746141 4.2
3029.4 137.89356909096506 4.218285790305704 4.2
3033.6 175.99673999283112 5.398834319992057 4.2
3037.8 244.200697000299 7.51179971602087 4.2
3042.0 284.63141726633273 8.779706541227227 4.2
3046.2 287.39051268937806 8.889308940426009 4.2
3050.4 288.8947636895336 8.96049496222817 4.2
3054.6 298.5166504274104 9.284446114747672 4.2
3058.8 302.2895204831826 9.427661916849367 4.2
3063.0 310.5355041441796 9.71144824426688 4.2
3067.2 351.739436626793 11.030215565021855 4.2
3071.4 416.9658573516957 13.111488549056245 4.2
3075.6 470.9443058615493 14.849369020468972 4.2
3079.8 504.90331885547823 15.963642744326375 4.2
3084.0 526.4347095091911 16.68983334161883 4.2
3088.2 542.5383190179109 17.247255617927713 4.2
3092.4 561.9762028123225 17.91381150031792 4.2
3096.6 584.4118800892028 18.67961840342097 4.2
3100.8 603.6952294700234 19.348352899700142 4.2
3105.0 623.508022357359 20.037521437492863 4.2
3109.2 652.1866979441601 21.015900325254087 4.2
3113.4 685.2916064716579 22.142364719397186 4.2
3117.6 712.6240403127994 23.087664350358875 4.2
3121.8 741.5886975416283 24.09084314782465 4.2
3126.0 785.523726589317 25.586801504295693 4.2
3130.2 836.3365568411652 27.31517580179946 4.2
3134.4 879.8090347277008 28.812172084930882 4.2
3138.6 913.5857437221648 29.99853181190769 4.2
3142.8 938.6588210139778 30.904377491544277 4.2
3147.0 958.0491036609072 31.62714575152698 4.2
3151.2 975.1811976623429 32.27869735973283 4.2
3155.4 998.6295486263604 33.14301397842322 4.2
3159.6 1037.722048779919 34.532180316643235 4.2
3163.8 1076.9789410085618 35.93387063719422 4.2
3168.0 1097.8699772885182 36.728230049808275 4.2
3172.2 1107.0013057406236 37.13197077785247 4.2
3176.4 1113.4606665744689 37.44760093232003 4.2
3180.6 1126.8007970100443 37.9965355239135 4.2
3184.8 1155.8059492466186 39.07761051649726 4.2
3189.0 1194.505671823043 40.49263138452637 4.2
3193.2 1235.904784549201 42.00645188599157 4.2
3197.4 1261.256198095401 42.980948971508326 4.2
3201.6 1254.3395387678502 42.85761508322995 4.2
3205.8 1235.9258208886968 42.339331829720855 4.2
3210.0 1226.3069508745973 42.119964841689786 4.2
3214.2 1228.4103337697923 42.3026914853179 4.2
3218.4 1244.2888675894235 42.961555758673455 4.2
3222.6 1262.6775217427764 43.71032141520637 4.2
3226.8 1274.3982258094625 44.231126465871476 4.2
3231.0 1295.3148327215908 45.074197158117656 4.2
3235.2 1335.3250213491983 46.58734920179929 4.2
3239.4 1376.005275674438 48.13134522923353 4.2
3243.6 1404.4512572831634 49.2538291969131 4.2
3247.8 1428.2581132887817 50.21853047787332 4.2
3252.0 1452.2192218900004 51.193167299915295 4.2
3256.2 1473.7747474766015 52.08731848148734 4.2
3260.4 1489.9904532612838 52.79636224860067 4.2
3264.6 1491.3696547096652 52.98146952819461 4.2
3268.8 1477.3539447745736 52.61868616570376 4.2
3273.0 1469.1063776929798 52.459482250403326 4.2
3277.2 1481.3693760137971 53.03322038714707 4.2
3281.4 1516.850947574246 54.44274322171049 4.2
3285.6 1569.61042679474 56.4806908241675 4.2
3289.8 1617.358376669522 58.34773475326404 4.2
3294.0 1643.8192616994802 59.4538523154582 4.2
3298.2 1643.5664975388936 59.59639637787746 4.2
3302.4 1620.980922043352 58.927226385691284 4.2
3306.6 1597.0478626502966 58.20496065521223 4.2
3310.8 1581.522451751828 57.785649629056834 4.2
3315.0 1566.8455526670816 57.39472772835969 4.2
3319.2 1550.5094270473494 56.94033264978753 4.2
3323.4 1534.5039958019781 56.4952584813438 4.2
3327.6 1524.456454645493 56.26729016272177 4.2
3331.8 1531.663654805383 56.676105494184874 4.2
3336.0 1554.7378472206663 57.675052696608944 4.2
3340.2 1580.128154480899 58.76462918182207 4.2
3344.4 1595.411893079913 59.48233382659311 4.2
3348.6 1588.5127643793044 59.37395787333961 4.2
3352.8 1564.9697924370557 58.64081532764716 4.2
3357.0 1545.9753758065453 58.07430217635899 4.2
3361.2 1539.5455578974936 57.977568809213444 4.2
3365.4 1543.9025123836939 58.2870398612453 4.2
3369.6 1552.474786899228 58.75705227902109 4.2
3373.8 1554.256122945095 58.97120471318145 4.2
3378.0 1548.7808290096937 58.90986127084482 4.2
3382.2 1542.4627484300306 58.815527982261315 4.2
3386.4 1539.2343398787923 58.83828424676784 4.2
3390.6 1542.212217665112 59.09843767042364 4.2
3394.8 1549.0337055484533 59.50699230061109 4.2
3399.0 1554.8300498557878 59.877546956079804 4.2
3403.2 1555.2861680080757 60.0432235177319 4.2
3407.4 1545.8060993741437 59.8246270667587 4.2
3411.6 1534.8468359180995 59.54701556873564 4.2
3415.8 1536.5276729441555 59.759093370612774 4.2
3420.0 1544.8454660874654 60.230435031818104 4.2
3424.2 1546.5750826817748 60.446060292129495 4.2
3428.4 1544.394626392452 60.509003394251735 4.2
3432.6 1546.246958675591 60.7301005250228 4.2
3436.8 1543.180530316129 60.758074210540464 4.2
3441.0 1522.3128365347354 60.0830540568188 4.2
3445.2 1501.9254541258936 59.42319517018421 4.2
3449.4 1506.0040391596317 59.72992920512284 4.2
3453.6 1520.9998927274787 60.47167524227591 4.2
3457.8 1527.8387292811833 60.891405697958284 4.2
3462.0 1522.1418533676292 60.81181981197977 4.2
3466.2 1501.6268283474985 60.13786419407872 4.2
3470.4 1476.1217702566908 59.259775245658346 4.2
3474.6 1457.1612851265786 58.64027522826597 4.2
3478.8 1450.929570606434 58.53073799145678 4.2
3483.0 1462.0906701184963 59.12348154470382 4.2
3487.2 1482.3117210185903 60.08582104742278 4.2
3491.4 1502.4569589307532 61.04920319896928 4.2
3495.6 1515.2691919749138 61.718022153971404 4.2
3499.8 1514.7424660168078 61.84491543281058 4.2
3504.0 1512.2551066530395 61.891641318559095 4.2
3508.2 1518.4502460515143 62.2942555294965 4.2
3512.4 1527.9506155383344 62.83418697153322 4.2
3516.6 1536.3965072267542 63.33269952363006 4.2
3520.8 1548.6117267729926 63.98880503921594 4.2
3525.0 1566.93511090199 64.9004936246718 4.2
3529.2 1584.239048448641 65.77365863527008 4.2
3533.4 1594.9961728367844 66.37797512130139 4.2
3537.6 1599.2921452160701 66.71507828926984 4.2
3541.8 1598.1781453403805 66.82700535509642 4.2
3546.0 1598.3054936001586 66.99092893321884 4.2
3550.2 1602.4910601807771 67.32556395777779 4.2
3554.4 1599.6193693814687 67.36402060120143 4.2
3558.6 1584.0573679971626 66.86640893319029 4.2
3562.8 1564.6253681674264 66.20213568003123 4.2
3567.0 1548.542168052589 65.67619747084422 4.2
3571.2 1540.0715880719447 65.47085311295938 4.2
3575.4 1541.118319875332 65.6695439064348 4.2
3579.6 1548.2042521008732 66.12657055786765 4.2
3583.8 1557.4772959058828 66.67883449162439 4.2
3588.0 1565.454271563746 67.1775251193938 4.2
3592.2 1569.496088401747 67.50873964501338 4.2
3596.4 1568.011619871135 67.60269351257816 4.2
3600.6 1563.5058135874654 67.56596750690115 4.2
3604.8 1565.3768467938776 67.804731415188 4.2
3609.0 1574.6625201259324 68.36597313266793 4.2
3613.2 1580.117022026156 68.76255415607423 4.2
3617.4 1580.5934803412517 68.94328932307295 4.2
3621.6 1586.9830628265884 69.38282840993722 4.2
3625.8 1602.8820500235515 70.24056560108463 4.2
3630.0 1624.6058197251812 71.35756141978912 4.2
3634.2 1647.5841549226984 72.53439616812432 4.2
3638.4 1666.1740595226465 73.52245496337179 4.2
3642.6 1676.6031902693167 74.15355902938441 4.2
3646.8 1676.151856686445 74.30465122375995 4.2
3651.0 1670.7581520003735 74.23624561764244 4.2
3655.2 1674.0906261210846 74.55555371358743 4.2
3659.4 1683.8425789788878 75.16228940182015 4.2
3663.6 1685.905214867621 75.42720239944826 4.2
3667.8 1678.9353078343604 75.28769482128732 4.2
3672.0 1669.1828336743051 75.02188983068507 4.2
3676.2 1662.4745027690983 74.89140875179538 4.2
3680.4 1665.3871550129904 75.19414058098076 4.2
3684.6 1674.3280737482892 75.77047328658563 4.2
3688.8 1679.8830043821313 76.19526783704086 4.2
3693.0 1682.0799703627856 76.46875157906763 4.2
3697.2 1685.1686300126505 76.78351687527126 4.2
3701.4 1691.6293572280736 77.25311498728917 4.2
3705.6 1703.3668041441128 77.9657749555987 4.2
3709.8 1720.3953536097954 78.92380229577213 4.2
3714.0 1742.1335958803354 80.10211808773263 4.2
3718.2 1763.8423330011465 81.28380026442889 4.2
3722.4 1779.2590179412844 82.17959563811658 4.2
3726.6 1793.5591151602403 83.0271250448645 4.2
3730.8 1815.5044532796073 84.23256000177959 4.2
3735.0 1840.1788820460145 85.5696981493012 4.2
3739.2 1859.4643852115953 86.66106063253936 4.2
3743.4 1880.359041477328 87.83184385553884 4.2
3747.6 1912.7525700164638 89.54554829017007 4.2
3751.8 1948.4169391719656 91.41974382885158 4.2
3756.0 1977.6347629881327 92.99851204568849 4.2
3760.2 2006.334608142179 94.55924587858298 4.2
3764.4 2039.0586854035027 96.31634640239783 4.2
3768.6 2095.4686468250848 99.20190223514302 4.2
3772.8 2195.0564220471524 104.14825553779528 4.2
3777.0 2283.6381259856134 108.59254213126206 4.2
3781.2 2309.3723210366297 110.06063141030788 4.2
3785.4 2282.5573552877295 109.02447398712647 4.2
3789.6 2218.3931281959135 106.1949830656571 4.2
3793.8 2186.192450955218 104.8856321358072 4.2
3798.0 2245.3669915016785 107.96326253493793 4.2
3802.2 2365.6546241008227 113.9987265569974 4.2
3806.4 2508.2360489256157 121.13677295084734 4.2
3810.6 2605.808692495068 126.1269808552029 4.2
3814.8 2603.596666326758 126.29786235533537 4.2
3819.0 2511.6662967769325 122.10684216748876 4.2
3823.2 2358.14887568846 114.89575941584532 4.2
3827.4 2220.6573401561373 108.43462952357812 4.2
3831.6 2167.509080363699 106.07181496353081 4.2
3835.8 2222.027068079845 108.9782927550922 4.2
3840.0 2384.5081216631484 117.20334319598707 4.2
3844.2 2595.812419575779 127.86862643211172 4.2
3848.4 2799.399255510388 138.19871344145645 4.2
3852.6 2970.1160190807295 146.94675497836798 4.2
3856.8 3083.3513646928263 152.88187484927283 4.2
3861.0 3119.0450782005173 154.98868731401743 4.2
3865.2 3069.3139480994 152.8494921149449 4.2
3869.4 2940.6680300686626 146.761452052814 4.2
3873.6 2753.9478406276066 137.74124369363622 4.2
3877.8 2545.343748694779 127.58393713778904 4.2
3882.0 2363.0569733929574 118.70362998900629 4.2
3886.2 2273.897896106184 114.47219223784506 4.2
3890.4 2307.7073942079123 116.42547004845838 4.2
3894.6 2439.6051174696145 123.34569602683413 4.2
3898.8 2628.665588778219 133.19134360228065 4.2
3903.0 2815.0632172855185 142.9433644992206 4.2
3907.2 2959.5247086795903 150.6024371613897 4.2
3911.4 3056.3057033899004 155.86191216398342 4.2
3915.6 3101.8773034545243 158.52581696229407 4.2
3919.8 3094.635032196002 158.4951583159719 4.2
3924.0 3052.3002854991555 156.66212026950683 4.2
3928.2 3008.4449717600987 154.74192670746262 4.2
3932.4 2982.4548640791118 153.7333177923716 4.2
3936.6 2980.400848990701 153.955780577599 4.2
3940.8 2982.4176835517214 154.38887407402646 4.2
3945.0 2947.4010888837333 152.9015894377492 4.2
3949.2 2854.5588310867824 148.40071725712235 4.2
3953.4 2701.5172118832315 140.7433876008609 4.2
3957.6 2515.9931826469897 131.35663062234002 4.2
3961.8 2344.7047292602647 122.6738512994381 4.2
3966.0 2247.6456028340713 117.84522773230381 4.2
3970.2 2289.9209198286044 120.31617037114725 4.2
3974.4 2452.867598588718 129.1504726817931 4.2
3978.6 2668.3616981276787 140.79395216748892 4.2
3982.8 2879.388447078743 152.2495438040668 4.2
3987.0 3033.254030822136 160.72372897959963 4.2
3991.2 3138.761181544604 166.66484394399603 4.2
3995.4 3236.5679122830766 172.22016461044743 4.2
3999.6 3337.7986548634585 177.98032685389185 4.2
4003.8 3444.3280163331942 184.04668523041403 4.2
4008.0 3539.6296879165952 189.53612614330737 4.2
4012.2 3599.3833846675966 193.13989901749358 4.2
4016.4 3625.6287992943944 194.95572812099866 4.2
4020.6 3629.071444195544 195.54918037963392 4.2
4024.8 3617.500885380125 195.3331708316199 4.2
4029.0 3599.405035927344 194.76189880935956 4.2
4033.2 3577.846776380725 193.99922723909705 4.2
4037.4 3553.3149027459413 193.0705349919667 4.2
4041.6 3532.9264562777867 192.3623172210067 4.2
4045.8 3522.9009652846935 192.2153204540541 4.2
4050.0 3513.4292154259624 192.0967423534145 4.2
4054.2 3493.1635203269475 191.38504561509592 4.2
4058.4 3446.383132726981 189.213448065663 4.2
4062.6 3358.869465604474 184.79065293784447 4.2
4066.8 3248.8347736921132 179.10676920871816 4.2
4071.0 3135.9927498457473 173.24312139632102 4.2
4075.2 3035.759756701228 168.05212173235213 4.2
4079.4 2963.0069598656814 164.36297747105024 4.2
4083.6 2877.178884911186 159.9307596164902 4.2
4087.8 2744.6689931973556 152.87905868700344 4.2
4092.0 2593.426860833073 144.75180902617467 4.2
4096.2 2454.4542884594775 137.2764374523178 4.2
4100.4 2398.8594598136083 134.44232054104154 4.2
4104.6 2478.6292651633107 139.19768097024155 4.2
4108.8 2628.035640116722 147.8904055907763 4.2
4113.0 2782.760535763868 156.917723886112 4.2
4117.2 2909.0911324861167 164.37660258646034 4.2
4121.4 2983.8138205236423 168.94292146535048 4.2
4125.6 3040.0660395791856 172.4789104201143 4.2
4129.8 3106.8995689861413 176.6298092814258 4.2
4134.0 3183.730589167261 181.36605228240853 4.2
4138.2 3266.497288152369 186.45927875961644 4.2
4142.4 3333.321384916264 190.6601805713434 4.2
4146.6 3370.178999135297 193.159467735071 4.2
4150.8 3389.3595226253933 194.65250631612057 4.2
4155.0 3400.252733963091 195.67349401819052 4.2
4159.2 3406.1333444755865 196.4083738751374 4.2
4163.4 3407.9795414209043 196.91191691174933 4.2
4167.6 3396.9190377079653 196.66904096531653 4.2
4171.8 3374.351305079564 195.7564136786271 4.2
4176.0 3363.0728480007087 195.49515560845336 4.2
4180.2 3371.9345236116014 196.4047559325073 4.2
4184.4 3387.3094043129136 197.69696401118418 4.2
4188.6 3400.3175575486007 198.8547640370542 4.2
4192.8 3407.226158635284 199.65859010285405 4.2
4197.0 3411.4209822560606 200.3050967367763 4.2
4201.2 3428.6767390916043 201.72141225466814 4.2
4205.4 3458.650146675585 203.89191270749598 4.2
4209.6 3481.0286143501935 205.6212523873191 4.2
4213.8 3486.1447613025175 206.33457130504982 4.2
4218.0 3475.202403304519 206.09715654416678 4.2
4222.2 3455.2514022720256 205.32224301225102 4.2
4226.4 3440.10785882655 204.82926188682333 4.2
4230.6 3435.589957533086 204.96702614193532 4.2
4234.8 3439.5960845863506 205.61367715997264 4.2
4239.0 3447.9616091123307 206.5227978583139 4.2
4243.2 3454.4765581987367 207.32324607465614 4.2
4247.4 3456.264170960646 207.8413717138141 4.2
4251.6 3452.8400299680357 208.04630168325235 4.2
4255.8 3449.4260136994067 208.25143371204007 4.2
4260.0 3455.68427307883 209.04125304708455 4.2
4264.2 3467.7048276587584 210.1822321676206 4.2
4268.4 3472.762092567622 210.90360342204764 4.2
4272.6 3468.3010102892877 211.0473969728362 4.2
4276.8 3457.541263986114 210.80650108374223 4.2
4281.0 3435.3484864060465 209.8649924392422 4.2
4285.2 3394.494131880618 207.77629605120504 4.2
4289.4 3336.139173822541 204.60488575163563 4.2
4293.6 3263.9995496621104 200.5727827715353 4.2
4297.8 3198.754071149667 196.94819276833636 4.2
4302.0 3165.31140530698 195.2702130051432 4.2
4306.2 3157.569086107725 195.17311787586257 4.2
4310.4 3157.9271467641947 195.57619836358913 4.2
4314.6 3135.856469227409 194.58797564485323 4.2
4318.8 3060.9135881640386 190.3075420112868 4.2
4323.0 2920.376087101673 181.92316373162907 4.2
4327.2 2713.0594968177334 169.33705401197872 4.2
4331.4 2490.8103996672808 155.7671952319861 4.2
4335.6 2314.7646398082825 145.03873390764255 4.2
4339.8 2245.7935167376468 140.98989918716768 4.2
4344.0 2335.9826969729215 146.93592794021737 4.2
4348.2 2530.569278394235 159.48358884853235 4.2
4352.4 2754.9368707470117 173.9594396233596 4.2
4356.6 2962.9333372327515 187.4545559046227 4.2
4360.8 3110.9491805971206 197.19867838656782 4.2
4365.0 3208.4018540585234 203.76800805264736 4.2
4369.2 3274.955511834682 208.39533840329503 4.2
4373.4 3310.3571632753305 211.05322850848447 4.2
4377.6 3319.136424401704 212.0195947144375 4.2
4381.8 3314.3025629336835 212.11725583165867 4.2
4386.0 3307.988568164893 212.1192095127792 4.2
4390.2 3308.176283843893 212.53771149916454 4.2
4394.4 3320.1223078444373 213.71352123857764 4.2
4398.6 3342.7224254419048 215.57976789336598 4.2
4402.8 3371.8740120236384 217.87530094642054 4.2
4407.0 3391.74468955753 219.57758286066775 4.2
4411.2 3391.0622106979995 219.95204288481125 4.2
4415.4 3383.0556988555945 219.85077454547582 4.2
4419.6 3379.024377277699 220.006747182313 4.2
4423.8 3379.8878204583857 220.4814213761606 4.2
4428.0 3385.6809530504856 221.27889803918742 4.2
4432.2 3393.833685245637 222.23271907308316 4.2
4436.4 3399.0054542449166 222.9933952251732 4.2
4440.6 3387.3022104756196 222.6465654067946 4.2
4444.8 3353.889938040612 220.86759386966878 4.2
4449.0 3317.175455044619 218.86282468048876 4.2
4453.2 3290.8255000893387 217.53442791271596 4.2
4457.4 3275.9256556433534 216.95816549749026 4.2
4461.6 3273.9194630103825 217.23410050075748 4.2
4465.8 3287.5677837907574 218.55059842898228 4.2
4470.0 3311.938078760164 220.5850118596632 4.2
4474.2 3328.94383382268 222.1344925162306 4.2
4478.4 3332.847885467238 222.81273008428724 4.2
4482.6 3338.545359012205 223.61246031589587 4.2
4486.8 3354.592968417323 225.10855490027214 4.2
4491.0 3380.7662531280043 227.28982800468407 4.2
4495.2 3413.651772501225 229.9301909570486 4.2
4499.4 3446.1330965118536 232.55195775417255 4.2
4503.6 3466.1043533616867 234.33653285778496 4.2
4507.8 3456.2406698819323 234.10570645939066 4.2
4512.0 3414.405307012315 231.70318304840305 4.2
4516.2 3353.1032136520616 227.96700837804033 4.2
4520.4 3293.0590789438365 224.30140811657685 4.2
4524.6 3262.5777672765703 222.63836295529075 4.2
4528.8 3265.479569713077 223.25027370177915 4.2
4533.0 3283.8084540405002 224.919961241922 4.2
4537.2 3297.686815489092 226.289290101342 4.2
4541.4 3285.5020573516927 225.87075315682407 4.2
4545.6 3249.1878604414933 223.7875903437831 4.2
4549.8 3207.5736858956393 221.32985525483033 4.2
4554.0 3182.198027188907 219.9844586041215 4.2
4558.2 3196.5279128026436 221.38286320728972 4.2
4562.4 3240.3695137747163 224.83297131357276 4.2
4566.6 3283.4568254222722 228.24222901905233 4.2
4570.8 3308.6042045107233 230.4135419407869 4.2
4575.0 3304.8142751995447 230.57276096282828 4.2
4579.2 3283.5681206766653 229.51126146952421 4.2
4583.4 3268.358849882114 228.867433763054 4.2
4587.6 3263.729572286619 228.96231103679145 4.2
4591.8 3266.5049999832772 229.57680100747868 4.2
4596.0 3274.863589472724 230.5855032365589 4.2
4600.2 3285.6086063371986 231.76507920451704 4.2
4604.4 3299.371086609289 233.16104870020905 4.2
4608.6 3318.571840777358 234.94596998821518 4.2
4612.8 3332.6369458681625 236.37198373517657 4.2
4617.0 3327.710259126757 236.45254891971496 4.2
4621.2 3314.0551044825093 235.9108959578477 4.2
4625.4 3307.582325925548 235.87830591440087 4.2
4629.6 3302.830724899154 235.9673960334619 4.2
4633.8 3291.112168476694 235.55699207687374 4.2
4638.0 3277.3872973223406 235.00007452580653 4.2
4642.2 3267.3041187859994 234.70157283485375 4.2
4646.4 3260.468924840045 234.6345702780916 4.2
4650.6 3256.5314757860965 234.77508151057032 4.2
4654.8 3246.8872175418132 234.50278238323472 4.2
4659.0 3222.966814729584 233.1954111139843 4.2
4663.2 3197.990505939889 231.80564082353393 4.2
4667.4 3185.2477013693997 231.29806523829836 4.2
4671.6 3186.7350361853896 231.82272152362 4.2
4675.8 3202.7969147055237 233.41029096557645 4.2
4680.0 3223.335776716337 235.32929838650628 4.2
4684.2 3237.8922719146194 236.81652277931977 4.2
4688.4 3240.350134112093 237.4214756847553 4.2
4692.6 3226.9644587006455 236.8645131784127 4.2
4696.8 3205.687029240112 235.72410745436576 4.2
4701.0 3184.9069778754233 234.61512150589036 4.2
4705.2 3168.991527106027 233.86002943049323 4.2
4709.4 3161.361032409738 233.71360801538546 4.2
4713.6 3162.7131506723676 234.2307990765297 4.2
4717.8 3171.247972872617 235.28161903261625 4.2
4722.0 3179.1666153584583 236.28926968655435 4.2
4726.2 3180.3071309437546 236.79471217594443 4.2
4730.4 3174.3113556563762 236.76854210341384 4.2
4734.6 3162.704869072933 236.3219165106648 4.2
4738.8 3152.277884819388 235.9608761034351 4.2
4743.0 3147.393223426772 236.0130405882554 4.2
4747.2 3145.735451740204 236.30668076479338 4.2
4751.4 3144.575801173249 236.63773511831866 4.2
4755.6 3139.4575703171577 236.6704300880372 4.2
4759.8 3129.7946610897834 236.35892169754987 4.2
4764.0 3123.4154132463404 236.29362233584433 4.2
4768.2 3124.1532400511514 236.76636139459396 4.2
4772.4 3129.331563977483 237.576784474873 4.2
4776.6 3135.245160225099 238.4448791787775 4.2
4780.8 3135.711531603551 238.89991762446556 4.2
4785.0 3129.5750479163567 238.85151483826226 4.2
4789.2 3123.973254443884 238.8427153853558 4.2
4793.4 3119.679015344829 238.93292514783505 4.2
4797.6 3109.6046930102343 238.57888248717296 4.2
4801.8 3091.1574036074467 237.5789726479997 4.2
4806.0 3066.067571255779 236.0630423742335 4.2
4810.2 3037.462932542105 234.2696345125604 4.2
4814.4 3010.682193226018 232.60979577792872 4.2
4818.6 2984.471954625392 230.98724551568122 4.2
4822.8 2949.950646973012 228.71360535403994 4.2
4827.0 2907.519640379898 225.81667062319053 4.2
4831.2 2865.492139912172 222.94000164663873 4.2
4835.4 2814.805833532548 219.37745807045317 4.2
4839.6 2737.1230287854223 213.69383840229344 4.2
4843.8 2613.3456150462002 204.38452027213606 4.2
4848.0 2425.0686225023373 189.98880013936386 4.2
4852.2 2206.0932597462906 173.13305803345494 4.2
4856.4 2019.186127587257 158.73913155611885 4.2
4860.6 1923.0629005763503 151.4439749386399 4.2
4864.8 1972.1651216929067 155.57936694313295 4.2
4869.0 2130.383087120168 168.3511161267828 4.2
4873.2 2313.347011718926 183.1251527685708 4.2
4877.4 2477.402131104968 196.44998500581877 4.2
4881.6 2596.3119610946737 206.23387406812026 4.2
4885.8 2675.9739685385975 212.92762010180306 4.2
4890.0 2739.8547287071033 218.38560086105707 4.2
4894.2 2793.9705837145852 223.08172805393093 4.2
4898.4 2839.963522591521 227.1433360656493 4.2
4902.6 2872.872373085503 230.16961962155466 4.2
4906.8 2886.001427124978 231.61783616360108 4.2
4911.0 2878.865574592069 231.44084165877044 4.2
4915.2 2852.324069020341 229.69947363817516 4.2
4919.4 2827.515413988116 228.0909216135443 4.2
4923.6 2829.226574488398 228.6188311388235 4.2
4927.8 2849.3323460946954 230.63647937371346 4.2
4932.0 2872.9437231729385 232.94425279780606 4.2
4936.2 2898.703262654957 235.43335960836166 4.2
4940.4 2926.1260375054626 238.06524629049562 4.2
4944.6 2946.503258227375 240.13087313522152 4.2
4948.8 2951.9258856238143 240.98166461249858 4.2
4953.0 2949.7458497429534 241.21260560925577 4.2
4957.2 2947.517366999586 241.4393204070913 4.2
4961.4 2950.3447738673217 242.0806071988984 4.2
4965.6 2962.87814125424 243.52076534080595 4.2
4969.8 2963.2714121769372 243.96526653334922 4.2
4974.0 2932.929966357634 241.8755667611504 4.2
4978.2 2889.4326357064833 238.69097584014617 4.2
4982.4 2849.889839239696 235.8218271705427 4.2
4986.6 2830.454574342444 234.60863894007528 4.2
4990.8 2842.005551255753 235.96304939342718 4.2
4995.0 2855.947828272739 237.51989904700181 4.2
4999.2 2848.972330839805 237.33839438563567 4.2
5003.4 2831.462448438847 236.2762122197466 4.2
5007.6 2813.0535086575246 235.13430755022256 4.2
5011.8 2800.2305614327593 234.45527048723812 4.2
5016.0 2798.9954924683316 234.74481044449766 4.2
5020.2 2812.6469114668266 236.28491711744243 4.2
5024.4 2838.5257664200385 238.85811464069246 4.2
5028.6 2857.189678894662 240.8307842913339 4.2
5032.8 2856.945201628672 241.21260560925577 4.2
5037.0 2846.8812559427197 240.7642494790206 4.2
5041.2 2836.752194794184 240.30787330251778 4.2
5045.4 2838.2983778401035 240.83965698875485 4.2
5049.6 2855.9546064746605 242.741482506542 4.2
5053.8 2878.7049366841234 245.08232970585362 4.2
5058.0 2894.113804052152 246.80388968830295 4.2
5062.2 2887.1586940402517 246.61983337913725 4.2
5066.4 2853.7130724079716 244.16758065688632 4.2
5070.6 2806.8716271509084 240.55810835401593 4.2
5074.8 2762.532476595779 237.15047562365325 4.2
5079.0 2740.569556415222 235.65464251516715 4.2
5083.2 2746.368819545737 236.54403456867627 4.2
5087.4 2765.8045288493167 238.6118456548333 4.2
5091.6 2784.8685400791633 240.65339897089746 4.2
5095.8 2788.666026208491 241.37928693729603 4.2
5100.0 2778.4136409230155 240.88846266802545 4.2
5104.2 2775.1974535874483 241.0060806040143 4.2
5108.4 2781.195142970631 241.92458236548376 4.2
5112.6 2780.056506547753 242.22334653099855 4.2
5116.8 2766.3324461571287 241.42375474063337 4.2
5121.0 2743.0372358382256 239.7838891982993 4.2
5125.2 2716.511949531968 237.85484377527538 4.2
5129.4 2696.572615334177 236.49610910078047 4.2
5133.6 2687.058998588755 236.04782331805637 4.2
5137.8 2686.7228313846554 236.4046419874465 4.2
5142.0 2693.5256158245465 237.3908634020067 4.2
5146.2 2704.9792240361135 238.7899254752301 4.2
5150.4 2713.109587285167 239.8987582478932 4.2
5154.6 2707.667398404681 239.80818383255576 4.2
5158.8 2687.8923570555417 238.4448791787775 4.2
5163.0 2657.2046552457623 236.1065307989329 4.2
5167.2 2630.1148395869227 234.07983357033172 4.2
5171.4 2626.812005639422 234.1660876556023 4.2
5175.6 2635.966255652248 235.36398034890814 4.2
5179.8 2633.3420378241954 235.5114357211508 4.2
5184.0 2615.864650088522 234.32789973989773 4.2
5188.2 2587.925893841645 232.20095415529096 4.2
5192.4 2560.053092873033 230.0721230116426 4.2
5196.6 2545.1341412066963 229.10153552248894 4.2
5200.8 2548.055883624109 229.73544182967805 4.2
5205.0 2569.992092236826 232.087633375608 4.2
5209.2 2602.4308043682418 235.39649933074165 4.2
5213.4 2635.063949986852 238.73274957265835 4.2
5217.6 2651.060822862398 240.5691867193882 4.2
5221.8 2633.9091251808536 239.3977145357465 4.2
5226.0 2603.121528626383 236.98016635183774 4.2
5230.2 2583.0253118694263 235.52878948435557 4.2
5234.4 2584.4696715529844 236.03912715506002 4.2
5238.6 2615.958063452056 239.2985130453734 4.2
5242.8 2651.323206968087 242.92264434068724 4.2
5247.0 2661.01379704324 244.20131598507206 4.2
5251.2 2648.8668970359295 243.47591128941264 4.2
5255.4 2621.740489584544 241.36817126628705 4.2
5259.6 2583.4485763397197 238.22317030826463 4.2
5263.8 2540.589478788778 234.6453758481751 4.2
5268.0 2507.596887681736 231.96795829963767 4.2
5272.2 2496.5110988052156 231.3108475949339 4.2
5276.4 2509.7694662328154 232.90992739336295 4.2
5280.6 2545.6032218471023 236.61158239457683 4.2
5284.8 2583.331514558158 240.50050907742053 4.2
5289.0 2604.774434450856 242.88237447458047 4.2
5293.2 2612.3336642812587 243.97425471149268 4.2
5297.4 2609.5145355688564 244.09787574615714 4.2
5301.6 2601.568943764968 243.7406696655357 4.2
5305.8 2593.531361410461 243.3727783217146 4.2
5310.0 2584.56948548951 242.91593223270263 4.2
5314.2 2573.6972861199065 242.27689547645238 4.2
5318.4 2557.7568661841865 241.1570707481966 4.2
5322.6 2536.88976001486 239.56755470513468 4.2
5326.8 2522.3216788228406 238.5678957765873 4.2
5331.0 2520.7622690849425 238.7965235758598 4.2
5335.2 2527.7833324739076 239.83910783621664 4.2
5339.4 2539.5007206750493 241.33038181361198 4.2
5343.6 2554.4262727968653 243.1308117042243 4.2
5347.8 2568.898474873572 244.89279053479635 4.2
5352.0 2576.6833147110206 246.0208983499475 4.2
5356.2 2573.59192006668 246.11155249653058 4.2
5360.4 2557.3304964889285 244.94016158090045 4.2
5364.6 2532.7397368857364 242.96515866503537 4.2
5368.8 2515.4912042920637 241.68850760238746 4.2
5373.0 2513.017851036493 241.8287884029177 4.2
5377.2 2521.37170473642 243.01215683802232 4.2
5381.4 2532.9738482080343 244.51189978250258 4.2
5385.6 2535.625239844112 245.15005781267834 4.2
5389.8 2523.155140002283 244.32505207101562 4.2
5394.0 2496.245934030896 242.0962152155645 4.2
5398.2 2463.674412522121 239.3095334029024 4.2
5402.4 2442.551792018754 237.6271175560477 4.2
5406.6 2439.6570165069656 237.71467874979797 4.2
5410.8 2452.2813316081806 239.31614586102614 4.2
5415.0 2471.065929538526 241.5238372525427 4.2
5419.2 2479.6757571770663 242.741482506542 4.2
5423.4 2478.3462475024767 242.9875376137077 4.2
5427.6 2480.787626738295 243.6037671208313 4.2
5431.8 2488.5691511482582 244.74622392473992 4.2
5436.0 2495.596446703488 245.81704859115652 4.2
5440.2 2498.0177644129217 246.4359143316877 4.2
5444.4 2492.6035206038046 246.28161906627747 4.2
5448.6 2482.0550101390904 245.6178921467648 4.2
5452.8 2472.4875716142174 245.04847266953175 4.2
5457.0 2465.5473484558665 244.73720730672548 4.2
5461.2 2461.3710691441993 244.6988903858787 4.2
5465.4 2454.897421879288 244.43083986026258 4.2
5469.6 2438.024810745016 243.1240938444423 4.2
5473.8 2420.869641249539 241.78424599648994 4.2
5478.0 2420.1439518299862 242.0828368539564 4.2
5482.2 2432.962998928818 243.73842474134352 4.2
5486.4 2450.249556042638 245.8464831162123 4.2
5490.6 2461.6235792383536 247.36599634308806 4.2
5494.8 2456.028915511871 247.18152083762902 4.2
5499.0 2441.5960594430016 246.10475227697665 4.2
5503.2 2431.6589417237274 245.47767427359668 4.2
5507.4 2428.890936181898 245.5726518259176 4.2
5511.6 2433.8503528608376 246.44953325989627 4.2
5515.8 2441.3847852720787 247.58937299152822 4.2
5520.0 2444.866215487885 248.3201717746735 4.2
5524.2 2443.2644032324183 248.53525351762076 4.2
5528.4 2436.522005748141 248.2264178322198 4.2
5532.6 2428.302069093688 247.76502471456004 4.2
5536.8 2422.8335687566705 247.58253193884715 4.2
5541.0 2420.8559853309985 247.75589688186108 4.2
5545.2 2422.316154930591 248.28129389226342 4.2
5549.4 2425.968709987302 249.032483703747 4.2
5553.6 2430.2785964693876 249.8526729895795 4.2
5557.8 2429.4693580671237 250.14740389266592 4.2
5562.0 2418.8408009418513 249.42960559590725 4.2
5566.2 2405.468315216138 248.42540127663963 4.2
5570.4 2395.9430469137637 247.8152338058758 4.2
5574.6 2392.047689526119 247.7855635677003 4.2
5578.8 2394.504570065239 248.41396112754524 4.2
5583.0 2391.784235164863 248.50549707346227 4.2
5587.2 2376.0130374638043 247.23844303930048 4.2
5591.4 2362.8934068051385 246.24306034687345 4.2
5595.6 2363.632384662487 246.69025846340801 4.2
5599.8 2370.7634455458983 247.80610412343967 4.2
5604.0 2377.3712231528884 248.86968608937136 4.2
5608.2 2375.9553152075778 249.094420600979 4.2
5612.4 2363.371656503329 248.14641198541824 4.2
5616.6 2352.351753402177 247.3591614624466 4.2
5620.8 2351.0236062276363 247.58937299152822 4.2
5625.0 2353.9010420093896 248.2630005244278 4.2
5629.2 2356.6978018183117 248.92928976314215 4.2
5633.4 2357.2197752503644 249.35610181823185 4.2
5637.6 2354.2725435686066 249.41582198736774 4.2
5641.8 2351.1150512190084 249.452579969563 4.2
5646.0 2347.034681495358 249.39055401662296 4.2
5650.2 2332.3494119272405 248.19898435070752 4.2
5654.4 2307.1519541736066 245.88271506243427 4.2
5658.6 2287.4692479086384 244.14734169700287 4.2
5662.8 2281.8485065533505 243.9090979216551 4.2
5667.0 2288.963299732369 245.03267431992919 4.2
5671.2 2301.629037647097 246.75388550234297 4.2
5675.4 2303.2670939831937 247.29537834930636 4.2
5679.6 2290.623720267883 246.30203495028488 4.2
5683.8 2277.3809281363588 245.24039107064283 4.2
5688.0 2270.712126547098 244.88376851716595 4.2
5692.2 2271.8567968649836 245.36917347844536 4.2
5696.4 2276.0840697945177 246.18863478483013 4.2
5700.6 2271.2456982925746 246.02769625250178 4.2
5704.8 2257.7944848147895 244.93113781808836 4.2
5709.0 2247.7560160062194 244.20131598507206 4.2
5713.2 2245.9826635500367 244.36781183323666 4.2
5717.4 2252.2266862923625 245.40759535761117 4.2
5721.6 2262.529597397534 246.89255837772671 4.2
5725.8 2269.263387796428 247.99104576535365 4.2
5730.0 2271.5798665084917 248.60851533028884 4.2
5734.2 2273.691728884321 249.2045686783426 4.2
5738.4 2273.9641787673286 249.5996660788904 4.2
5742.6 2267.525195977201 249.25736522499426 4.2
5746.8 2256.280492383347 248.38421920538983 4.2
5751.0 2245.5075495255187 247.55972979504853 4.2
5755.2 2237.1773502480874 247.00173280465924 4.2
5759.4 2231.7768614468027 246.76524920036928 4.2
5763.6 2228.8127800889406 246.79707033902775 4.2
5767.8 2227.4546426888933 247.00628278662984 4.2
5772.0 2225.013292622946 247.09502418937797 4.2
5776.2 2217.812415295454 246.65390752196274 4.2
5780.4 2210.7593476373486 246.22718498184187 4.2
5784.6 2211.620405143569 246.6811702258337 4.2
5788.8 2215.9510586367433 247.5232507330092 4.2
5793.0 2216.0838956542016 247.8974160853037 4.2
5797.2 2213.4039857078815 247.95678690281525 4.2
5801.4 2211.259101597623 248.07557119873942 4.2
5805.6 2210.156538873948 248.31102348997985 4.2
5809.8 2210.359376631209 248.69325122241284 4.2
5814.0 2211.705000512469 249.2045686783426 4.2
5818.2 2213.522611522897 249.76984250868264 4.2
5822.4 2217.283260267521 250.55553433931993 4.2
5826.6 2224.389547839448 251.7213197242295 4.2
5830.8 2231.007162185579 252.83430532487625 4.2
5835.0 2233.1378570479374 253.4404902497632 4.2
5839.2 2228.4482513953653 253.2724782951187 4.2
5843.4 2215.613599960134 252.17614418191718 4.2
5847.6 2197.363670042151 250.4586296099249 4.2
5851.8 2176.879078718833 248.48032132647103 4.2
5856.0 2164.268400820648 247.39561634161552 4.2
5860.2 2167.606169858684 248.1326992868189 4.2
5864.4 2178.001048885381 249.68014047497877 4.2
5868.6 2186.2923549646443 250.9897580992269 4.2
5872.8 2188.4006373674047 251.59152061505824 4.2
5877.0 2180.9709116830704 251.09611887956393 4.2
5881.2 2160.177098913864 249.05771539520794 4.2
5885.4 2126.4994997512117 245.52515845718634 4.2
5889.6 2096.4748388136964 242.40412167201373 4.2
5893.8 2083.235970962913 241.2170489505803 4.2
5898.0 2087.1214346581182 242.01149807692298 4.2
5902.2 2105.1808520201052 244.45335380937874 4.2
5906.4 2125.453186004451 247.1587556266149 4.2
5910.6 2138.09065732417 248.9820279891291 4.2
5914.8 2142.067373162542 249.7997503475821 4.2
5919.0 2138.181535237541 249.70083808451096 4.2
5923.2 2131.6723921545718 249.29409985441742 4.2
5927.4 2126.8300267543464 249.08065551493294 4.2
5931.6 2124.484376870618 249.1586677281103 4.2
5935.8 2124.1967292618842 249.4778542247056 4.2
5940.0 2122.522803193995 249.63415192925217 4.2
5944.2 2118.2949358869587 249.4893433690159 4.2
5948.4 2114.99295367064 249.452579969563 4.2
5952.6 2114.1113347719174 249.70083808451096 4.2
5956.8 2114.186118489965 250.06217253505105 4.2
5961.0 2113.484227180576 250.33178723229923 4.2
5965.2 2109.751169726605 250.24188338245514 4.2
5969.4 2102.3445444051436 249.71463744405727 4.2
5973.6 2092.902409985333 248.9430464841744 4.2
5977.8 2083.2361026715835 248.14184100168714 4.2
5982.0 2074.9729396967064 247.505013217798 4.2
5986.2 2069.735313127232 247.22705755039834 4.2
5990.4 2069.291192514915 247.52097097011836 4.2
5994.6 2071.404121388168 248.1212726168409 4.2
5998.8 2069.838635096021 248.28129389226342 4.2
6003.0 2064.2988375600976 247.96363829668402 4.2
6007.2 2060.4452172980555 247.847190343282 4.2
6011.4 2057.0744059487083 247.78784576759028 4.2
6015.6 2047.3088010472202 246.95623759441935 4.2
6019.8 2034.8346738603843 245.79440904689537 4.2
6024.0 2030.5015639604544 245.61336773965937 4.2
6028.2 2034.8759992084354 246.48585408141798 4.2
6032.4 2042.6266422459785 247.7695887570147 4.2
6036.6 2047.7666036391124 248.73906643185975 4.2
6040.8 2043.526811876993 248.56959230379616 4.2
6045.0 2032.9965625744346 247.63270404836354 4.2
6049.2 2024.4980731058909 246.94031625063155 4.2
6053.4 2021.0009138057 246.85617762645887 4.2
6057.6 2023.2617450385255 247.4753801214826 4.2
6061.8 2027.879047315421 248.38421920538983 4.2
6066.0 2029.6092931964001 248.94075364454372 4.2
6070.2 2026.6523375927043 248.92241168770394 4.2
6074.4 2018.5638020055453 248.27214703985751 4.2
6078.6 2008.769581243423 247.40928830638055 4.2
6082.8 2001.954396169961 246.91075076393503 4.2
6087.0 1998.2722216624165 246.79707033902775 4.2
6091.2 1996.730886011288 246.94713955799224 4.2
6095.4 1994.8435153067476 247.05406265791282 4.2
6099.6 1989.6401821189118 246.74934016966134 4.2
6103.8 1983.0089072028727 246.26574121535148 4.2
6108.0 1977.42125472872 245.90989252625826 4.2
6112.2 1974.3227124428108 245.86233393569833 4.2
6116.4 1974.8835641954233 246.27027763973112 4.2
6120.6 1973.809608659559 246.4745032497202 4.2
6124.8 1965.7914019287487 245.81025650893383 4.2
6129.0 1949.4585791724558 244.10237223661127 4.2
6133.2 1924.3098403380916 241.28370889329778 4.2
6137.4 1902.1133633785068 238.82731712281574 4.2
6141.6 1894.306282107177 238.17271097394223 4.2
6145.8 1898.0882841107348 238.97474122432814 4.2
6150.0 1909.69065618894 240.7642494790206 4.2
6154.2 1920.2158179912833 242.42198332579918 4.2
6158.4 1921.4693762783443 242.9114575970798 4.2
6162.6 1920.4778188554321 243.11737617028112 4.2
6166.8 1923.4704879281078 243.8282378386561 4.2
6171.0 1926.8067625246647 244.58397561377177 4.2
6175.2 1927.8054285474343 245.04395875142413 4.2
6179.4 1925.912880176086 245.13651069415465 4.2
6183.6 1921.1376252983953 244.8612149272178 4.2
6187.8 1917.1880726027387 244.68987551166222 4.2
6192.0 1916.7583302043172 244.96723486410266 4.2
6196.2 1918.9974600452938 245.58622304715695 4.2
6200.4 1922.2498670259863 246.3360651845978 4.2
6204.6 1921.9127933383259 246.62664783110662 4.2
6208.8 1915.9223949570874 246.19090227639475 4.2
6213.0 1910.480228261252 245.82384086105603 4.2
6217.2 1908.4974238018494 245.900833037898 4.2
6221.4 1904.2896412893024 245.69029399619143 4.2
6225.6 1895.1292198980466 244.83866341443635 4.2
6229.8 1884.555994751392 243.80129043509876 4.2
6234.0 1874.2333388452428 242.79290978202667 4.2
6238.2 1861.9270697941056 241.5238372525427 4.2
6242.4 1849.02195061293 240.17289886672404 4.2
6246.6 1843.0871065734618 239.72426734861145 4.2
6250.8 1846.1630211815404 240.4473527555336 4.2
6255.0 1851.8876125535585 241.51716379449428 4.2
6259.2 1856.4343564635726 242.43538042985182 4.2
6263.4 1859.8116283476543 243.2024804261815 4.2
6267.6 1859.9561733936716 243.5476817378706 4.2
6271.8 1852.340631433119 242.87566347927802 4.2
6276.0 1862.204556204273 244.49613602591936 4.2
6280.2 1864.5168203699618 245.12747969770712 4.2
6284.4 1853.5726591028258 244.01470561120072 4.2
6288.6 1841.8290222035166 242.79290978202667 4.2
6292.8 1830.5828806640268 241.63286317345975 4.2
6297.0 1817.7153224253523 240.25475955770818 4.2
6301.2 1808.7007807341472 239.3822804922404 4.2
6305.4 1809.3557706974716 239.7883062214506 4.2
6309.6 1810.3293775267327 240.2370575849903 4.2
6313.8 1810.004327249639 240.51379999394808 4.2
6318.0 1809.6142670356653 240.78199029810588 4.2
6322.2 1812.4448222104336 241.47935101502324 4.2
6326.4 1816.4354096103766 242.3326882163724 4.2
6330.6 1816.4167910132326 242.65206971094904 4.2
6334.8 1812.2054769596448 242.4108196379546 4.2
6339.0 1805.925170730705 241.8911615579448 4.2
6343.2 1801.4592601361057 241.6128343153632 4.2
6347.4 1803.871178686317 242.25681323475987 4.2
6351.6 1809.1016704571427 243.2808922808404 4.2
6355.8 1809.1259758955832 243.6060108047732 4.2
6360.0 1804.2595945075677 243.27192964664437 4.2
6364.2 1797.6519750979216 242.70124267206455 4.2
6368.4 1792.4893638700403 242.32376051465957 4.2
6372.6 1792.3711144209055 242.62748696656152 4.2
6376.8 1793.393793656944 243.08602947833185 4.2
6381.0 1789.3189667677445 242.85329483411974 4.2
6385.2 1782.4782726919939 242.2434259984205 4.2
6389.4 1777.2196232664344 241.8466076630174 4.2
6393.6 1773.0065103441218 241.59058197571503 4.2
6397.8 1768.316240342429 241.26815325916152 4.2
6402.0 1765.1024392153963 241.14596531038765 4.2
6406.2 1765.7136261217445 241.54608344449156 4.2
6410.4 1766.6031287216842 241.98475145576674 4.2
6414.6 1763.6731157255883 241.90007332182745 4.2
6418.8 1759.2419272752609 241.60838368346992 4.2
6423.0 1756.2624287836134 241.51493934945174 4.2
6427.2 1754.129393356202 241.53718472183766 4.2
6431.4 1752.0004448681088 241.55943214319245 4.2
6435.6 1752.892039290273 241.99812439682765 4.2
6439.8 1759.2861966294079 243.19800051219448 4.2
6444.0 1764.9897646937263 244.30480005838328 4.2
6448.2 1764.4292803597136 244.54568268341964 4.2
6452.4 1759.5867770137686 244.19231944183824 4.2
6456.6 1752.6431151346476 243.5454385911528 4.2
6460.8 1746.13034674005 242.95620766268132 4.2
6465.0 1742.2890063710845 242.73701108437425 4.2
6469.2 1740.81291070722 242.84658464230827 4.2
6473.4 1740.6376286703605 243.13752974963018 4.2
6477.6 1739.2139180021006 243.25400536880682 4.2
6481.8 1733.9557162471415 242.833164814897 4.2
6486.0 1719.488858135231 241.11931434616366 4.2
6490.2 1695.4035747776275 238.0498981516247 4.2
6494.4 1679.8681142071944 236.17395369067913 4.2
6498.6 1675.026345869979 235.79793638854477 4.2
6502.8 1689.913442554302 238.20123015383206 4.2
6507.0 1699.040147861154 239.79714051185454 4.2
6511.2 1694.1005512496656 239.4087394617782 4.2
6515.4 1679.9915127647907 237.72124713985028 4.2
6519.6 1668.3968167613275 236.38504649466003 4.2
6523.8 1662.0802077167607 235.79359287004525 4.2
6528.0 1652.9851927457028 234.80535648018827 4.2
6532.2 1635.4539049893183 232.61408064818025 4.2
6536.4 1608.8072402248938 229.11841696939067 4.2
6540.6 1571.4554542524438 224.0866581841092 4.2
6544.8 1521.2776870562307 217.2100922274544 4.2
6549.0 1452.8717317469752 207.70932768153486 4.2
6553.2 1354.5355559481598 193.8991923000512 4.2
6557.4 1244.462751292527 178.3708985107273 4.2
6561.6 1181.0866233240188 169.50401902485027 4.2
6565.8 1199.7809321416044 172.4074387061725 4.2
6570.0 1287.1540146514908 185.19958109010045 4.2
6574.2 1398.065216312487 201.41508780211714 4.2
6578.4 1485.0623924968363 214.22196566174443 4.2
6582.6 1539.0273007604062 222.29003795530073 4.2
6586.8 1573.607080580876 227.57471105893424 4.2
6591.0 1596.0211104738432 231.11067180675423 4.2
6595.2 1611.8377187673782 233.69854042795643 4.2
6599.4 1624.562222155367 235.84354816376901 4.2
6603.6 1633.4420706213773 237.43459644290786 4.2
6607.8 1638.3228010345151 238.44707534739072 4.2
6612.0 1641.8125266945265 239.25884396015277 4.2
6616.2 1646.5692658712376 240.2569723960105 4.2
6620.4 1651.9039616197445 241.3414957443123 4.2
6624.6 1654.740643815539 242.0627706977089 4.2
6628.8 1652.8270917038208 242.08952594234503 4.2
6633.0 1648.987107381103 241.83324309485326 4.2
6637.2 1648.797976142525 242.11182423854905 4.2
6641.4 1651.8171811695547 242.8622420449572 4.2
6645.6 1654.1422701636452 243.51179386952057 4.2
6649.8 1655.053692340242 243.95403177632295 4.2
6654.0 1655.341723158469 244.30480005838328 4.2
6658.2 1654.853610739874 244.54117802696052 4.2
6662.4 1653.3311479996028 244.62452760512616 4.2
6666.6 1651.41588879277 244.64931268742748 4.2
6670.8 1649.048445791062 244.60650366786157 4.2
6675.0 1646.579539908358 244.5479350427644 4.2
6679.2 1646.5706073504043 244.85444925528833 4.2
6683.4 1648.657133518221 245.47315244937613 4.2
6687.6 1650.0787693830484 245.99370861798644 4.2
6691.8 1649.0557931622575 246.1500906233754 4.2
6696.0 1644.4109677936106 245.76498075652307 4.2
6700.2 1638.9651597831858 245.2584617161801 4.2
6704.4 1636.7163465220467 245.22909759331358 4.2
6708.6 1635.586280588937 245.36691355524584 4.2
6712.8 1632.9385375222193 245.27653369326077 4.2
6717.0 1629.6808343818432 245.09361642411423 4.2
6721.2 1626.3560039385802 244.89955726614716 4.2
6725.4 1624.4749382950781 244.9221143877178 4.2
6729.6 1624.601136482505 245.24716740668606 4.2
6733.8 1623.1581178278461 245.33527681592915 4.2
6738.0 1619.2549801260539 245.0507296597668 4.2
6742.2 1615.3476054279083 244.76425815735277 4.2
6746.4 1610.7089804450004 244.36556113288026 4.2
6750.6 1605.4193921029437 243.86641842572462 4.2
6754.8 1603.1577738683943 243.82599210793495 4.2
6759.0 1601.815020614785 243.924823829275 4.2
6763.2 1596.0878578958211 243.3548466133458 4.2
6767.4 1589.0646284136478 242.58503172839357 4.2
6771.6 1587.576501528109 242.65877452804204 4.2
6775.8 1590.435634227238 243.39743657818485 4.2
6780.0 1592.2009070210984 243.96976058102888 4.2
6784.2 1590.2447468268458 243.97200763591266 4.2
6788.4 1585.1939463228039 243.49833728230664 4.2
6792.6 1579.9275536060698 242.989775621942 4.2
6796.8 1577.1328337908715 242.86000521134517 4.2
6801.0 1577.058142377819 243.14872690448277 4.2
6805.2 1577.8273071971773 243.56787098804276 4.2
6809.4 1578.350898864975 243.9495380183759 4.2
6813.6 1577.5240401232288 244.12260746868586 4.2
6817.8 1574.232015880667 243.91359093466116 4.2
6822.0 1569.3572735616854 243.45797198220794 4.2
6826.2 1563.9513445625366 242.91816958142394 4.2
6830.4 1558.1346292859248 242.31260135004044 4.2
6834.6 1552.1119771386172 241.67292587075525 4.2
6838.8 1547.4244288119953 241.23926688498102 4.2
6843.0 1544.7285549206852 241.1148728051605 4.2
6847.2 1541.9391237997484 240.9750061350249 4.2
6851.4 1535.474498715814 240.2591852546939 4.2
6855.6 1516.6672693106252 237.60742073271638 4.2
6859.8 1528.1090471598507 239.69335815207558 4.2
6864.0 1525.255869906499 239.53887193895423 4.2
6868.2 1524.9071063288593 239.77726381612615 4.2
6872.4 1523.0438117623999 239.77726381612615 4.2
6876.6 1522.9923746015422 240.06232062292582 4.2
6880.8 1523.89619756848 240.49829399607287 4.2
6885.0 1519.5582946714685 240.10654580975975 4.2
6889.2 1513.7831573748958 239.4859281617037 4.2
6893.4 1508.9619720149688 239.0143632053501 4.2
6897.6 1505.2243791748801 238.71296110390065 4.2
6901.8 1504.9307438218616 238.95713356336992 4.2
6906.0 1506.0247415977947 239.42197004322 4.2
6910.2 1505.4558383931944 239.6227235244588 4.2
6914.4 1504.3477982388088 239.73751536725047 4.2
6918.6 1499.4252143611236 239.2434188696749 4.2
6922.8 1491.0825396247571 238.20123015383206 4.2
6927.0 1480.8766298424237 236.85796846046748 4.2
6931.2 1469.7666661819721 235.36614814126182 4.2
6935.4 1464.7456822863594 234.8464501835443 4.2
6939.6 1465.9541187303691 235.32496350055825 4.2
6943.8 1466.624203110752 235.71759424655792 4.2
6948.0 1467.3497255739017 236.11957888853777 4.2
6952.2 1468.130766780777 236.53096302343184 4.2
6956.4 1469.4410291730885 237.02818991297633 4.2
6960.6 1472.8818156765 237.87017933812248 4.2
6964.8 1477.311079987008 238.87351488888783 4.2
6969.0 1477.7478143429394 239.23240155676257 4.2
6973.2 1472.5600421750144 238.67998396758776 4.2
6977.4 1466.7429617758073 238.02358935847946 4.2
6981.6 1464.04804433004 237.87237021352814 4.2
6985.8 1462.3958940652808 237.88989794322222 4.2
6990.0 1458.9315064651998 237.61179766346768 4.2
6994.2 1453.0118661304512 236.93215252060497 4.2
6998.4 1446.3977315371353 236.13697746303797 4.2
7002.6 1440.84948571561 235.5136048716249 4.2
7006.8 1437.2814223563498 235.21228448920812 4.2
7011.0 1435.7582501294428 235.24478251203632 4.2
7015.2 1434.4623059922833 235.31412663502738 4.2
7019.4 1432.904583923645 235.34013595073824 4.2
7023.6 1433.1700188999919 235.66549506239298 4.2
7027.8 1434.9027482161391 236.23269254145492 4.2
7032.0 1435.210260668001 236.56582208272746 4.2
7036.2 1434.7918584112654 236.77944594879258 4.2
7040.4 1435.7624344698052 237.222566386572 4.2
7044.6 1436.933195637648 237.6993532121211 4.2
7048.8 1436.1866262006424 237.8592252637695 4.2
7053.0 1432.8788985250858 237.5942904242026 4.2
7057.2 1428.1716367886786 237.0958759949124 4.2
7061.4 1423.3628558049106 236.57889555440795 4.2
7065.6 1420.6371257177095 236.4068193646941 4.2
7069.8 1421.448071395697 236.82306635206263 4.2
7074.0 1421.985420930093 237.19416437941047 4.2
7078.2 1419.6052445334262 237.0784067687622 4.2
7082.4 1416.0948791318206 236.7729035813074 4.2
7086.6 1412.815382977982 236.504822099924 4.2
7090.8 1412.2604034638366 236.69222924408012 4.2
7095.0 1415.7431048195517 237.55709182363012 4.2
7099.2 1417.262943477634 238.09375260239304 4.2
7103.4 1413.1644798600062 237.6862178233731 4.2
7107.6 1407.4445618666743 237.00417691604534 4.2
7111.8 1402.833683344906 236.50700039986685 4.2
7116.0 1398.973139000802 236.1348025711166 4.2
7120.2 1396.023950556646 235.9152416371699 4.2
7124.4 1394.5582677517098 235.9456636339486 4.2
7128.6 1393.1977428918851 235.9934775551632 4.2
7132.8 1391.2883902166227 235.9478367838299 4.2
7137.0 1389.8689769327648 235.98478339430184 4.2
7141.2 1389.027557888443 236.11957888853777 4.2
7145.4 1387.4462371711352 236.12827801554207 4.2
7149.6 1382.5656572629277 235.57434919691661 4.2
7153.8 1373.2818051219638 234.26747681942396 4.2
7158.0 1360.6607795243997 232.38709125567868 4.2
7162.2 1358.7024740929673 232.32502898241404 4.2
7166.4 1367.1216613053025 234.03887401043883 4.2
7170.6 1373.935234565974 235.48106971217865 4.2
7174.8 1371.2405757699835 235.29462153465263 4.2
7179.0 1364.7256307316495 234.4509517013287 4.2
7183.2 1357.292150907093 233.44684022670972 4.2
7187.4 1353.4980179319682 233.06657816854988 4.2
7191.6 1354.8218970517378 233.5672782757592 4.2
7195.8 1357.8727927506022 234.3667512752058 4.2
7200.0 1359.290438046566 234.8853876944466 4.2
7204.2 1357.8060288924153 234.90269532702854 4.2
7208.4 1353.977659931076 234.51358188411973 4.2
7212.6 1346.4107164435898 233.47479352330853 4.2
7216.8 1334.8606017357233 231.74159940602686 4.2
7221.0 1334.1312738178638 231.88464961270782 4.2
7225.2 1339.1878738994335 233.03438105498233 4.2
7229.4 1347.5743787135925 234.76643223624936 4.2
7233.6 1347.126177079682 234.96111800299275 4.2
7237.8 1344.0520831081037 234.6972495119331 4.2
7242.0 1340.2820885936096 234.31063445826143 4.2
7246.2 1337.70583472012 234.13158220818497 4.2
7250.4 1335.7504241205113 234.06043078004782 4.2
7254.6 1333.6636417165362 233.96559584316861 4.2
7258.8 1332.2802614747902 233.99361125638762 4.2
7263.0 1331.5980987364483 234.1445211550836 4.2
7267.2 1330.206389657695 234.17040119407176 4.2
7271.4 1326.9335748595427 233.86433733111187 4.2
7275.6 1321.136301835349 233.111661601162 4.2
7279.8 1314.8928346829973 232.27795831441495 4.2
7284.0 1310.875300214732 231.83553287463258 4.2
7288.2 1309.123717187494 231.79283112436963 4.2
7292.4 1309.604895695369 232.14535591719536 4.2
7296.6 1308.8087114351722 232.27154032591133 4.2
7300.8 1307.7006869056313 232.34214795384196 4.2
7305.0 1305.5238621035724 232.22234163843163 4.2
7309.2 1297.1361521777258 230.99575555705147 4.2
7313.4 1294.8355062133876 230.851127484035 4.2
7317.6 1295.018350863287 231.14898992608926 4.2
7321.8 1295.989644665785 231.58797218154214 4.2
7326.0 1290.2902811847146 230.83411837100414 4.2
7330.2 1284.0372008402849 229.9789040288731 4.2
7334.4 1283.748861618766 230.19082000325443 4.2
7338.6 1288.5189843853252 231.3108475949339 4.2
7342.8 1286.9623926654622 231.2959349142022 4.2
7347.0 1281.9325500891262 230.6555983304128 4.2
7351.2 1278.5825640253006 230.31594200881696 4.2
7355.4 1276.1233751924065 230.1357030720406 4.2
7359.6 1273.9982553062684 230.0149159758364 4.2
7363.8 1273.7062665529197 230.2247446756981 4.2
7368.0 1274.9760311305809 230.71721463941012 4.2
7372.2 1274.6032966344287 230.9127960258194 4.2
7376.4 1270.9027995996687 230.50481406085655 4.2
7380.6 1265.4293902546326 229.77353193606362 4.2
7384.8 1259.8179119310555 229.01503762735652 4.2
7389.0 1256.035521203186 228.5872484617755 4.2
7393.2 1254.3199940290813 228.5346203619664 4.2
7397.4 1252.4691828058158 228.4567530099459 4.2
7401.6 1250.426107066045 228.34315638080932 4.2
7405.8 1248.5596509906054 228.26114950077746 4.2
7410.0 1246.1342671978475 228.07621652242048 4.2
7414.2 1242.2032483876008 227.6145393141638 4.2
7418.4 1238.2740200088563 227.1517044895533 4.2
7422.6 1239.3362139404858 227.60405751861484 4.2
7426.8 1245.2650443080217 228.95176717549012 4.2
7431.0 1250.2784109495392 230.1335834536445 4.2
7435.2 1250.9845453298506 230.52392210296236 4.2
7439.4 1246.4688622046945 229.95136928553597 4.2
7443.6 1239.5932431484973 228.94122379974027 4.2
7447.8 1236.3836211761156 228.60619754440643 4.2
7452.0 1236.8002440511398 228.94122379974027 4.2
7456.2 1236.7165062405613 229.18384432615247 4.2
7460.4 1236.23497954222 229.35277545215766 4.2
7464.6 1237.5996383577924 229.8645505334021 4.2
7468.8 1240.188199445226 230.60461796751494 4.2
7473.0 1240.9643065469354 231.00852120697692 4.2
7477.2 1239.0911642688377 230.91917647031002 4.2
7481.4 1235.7980456802252 230.56426650486586 4.2
7485.6 1231.9583395511288 230.10603019096416 4.2
7489.8 1228.5838805546682 229.73332589780722 4.2
7494.0 1230.8747910534923 230.4199085901887 4.2
7498.2 1229.179233203343 230.3604933697742 4.2
7502.4 1228.0069477235295 230.39868710962193 4.2
7506.6 1222.3362900748064 229.59160284798023 4.2
7510.8 1214.3527468389002 228.34736265593477 4.2
7515.0 1212.0130189614956 228.1623598292658 4.2
7519.2 1214.4118086092349 228.8695417197268 4.2
7523.4 1214.8564090987438 229.2091760605779 4.2
7527.6 1214.3061304012595 229.3612252763162 4.2
7531.8 1216.3195753601563 229.99796847487656 4.2
7536.0 1218.2585699560598 230.62161016970433 4.2
7540.2 1217.305330563058 230.6980905753598 4.2
7544.4 1215.312156071698 230.57700830916244 4.2
7548.6 1212.3846503395512 230.27776198582 4.2
7552.8 1208.7076908327783 229.83491261377387 4.2
7557.0 1208.9668991640697 230.13994236739865 4.2
7561.2 1211.4118103587066 230.86175881612508 4.2
7565.4 1210.0114069791027 230.851127484035 4.2
7569.6 1205.4338791656096 230.23322662498182 4.2
7573.8 1200.1888548595978 229.48589634922868 4.2
7578.0 1190.0029906577429 227.79070567254257 4.2
7582.2 1193.995755599492 228.80841885802286 4.2
7586.4 1196.7233905626401 229.5852590851976 4.2
7590.6 1190.9376975261023 228.728351540467 4.2
7594.8 1175.2670795271847 225.968550609154 4.2
7599.0 1155.8789791162376 222.48667209716763 4.2
7603.2 1160.5942790707004 223.64129583114357 4.2
7607.4 1192.8689941827809 230.11450776656403 4.2
7611.6 1220.3526254717815 235.67634810940856 4.2
7615.8 1220.3325456805806 235.93262515499225 4.2
7620.0 1197.3891321367757 231.75227174680865 4.2
7624.2 1179.7247590401505 228.5851431051077 4.2
7628.4 1182.6339434183749 229.4013661925786 4.2
7632.6 1193.7688676416965 231.81631611359992 4.2
7636.8 1198.5893671043025 233.00862656664162 4.2
7641.0 1197.062580881787 232.96785444778675 4.2
7645.2 1193.5800534411044 232.54553219488918 4.2
7649.4 1187.9728399918672 231.70745121807715 4.2
7653.6 1180.0535964069732 230.41566413770596 4.2
7657.8 1172.954634297325 229.28096451427402 4.2
7662.0 1169.706651254886 228.8969469233075 4.2
7666.2 1170.4179248895366 229.2872998689708 4.2
7670.4 1170.5911327792262 229.57257208547045 4.2
7674.6 1168.599661246611 229.43306135191935 4.2
7678.8 1166.5478089000617 229.28096451427402 4.2
7683.0 1165.7343354712805 229.37178799429597 4.2
7687.2 1150.357673917751 226.59378818834028 4.2
7691.4 1142.8848055307421 225.3678699467781 4.2
7695.6 1141.6481645920535 225.36994567112856 4.2
7699.8 1147.9589686831341 226.86317195172614 4.2
7704.0 1148.4410471342264 227.20610676049498 4.2
7708.2 1143.7399888354 226.52284109639282 4.2
7712.4 1140.349989250308 226.0976247893745 4.2
7716.6 1142.208210042894 226.71277875717638 4.2
7720.8 1147.1089004860978 227.93341639339718 4.2
7725.0 1149.6252092090597 228.68200958435466 4.2
7729.2 1147.0336645961333 228.4146735966137 4.2
7733.4 1143.1318008267194 227.8851365873372 4.2
7737.6 1141.3023329939695 227.7676285123186 4.2
7741.8 1139.5394360393395 227.662761791413 4.2
7746.0 1136.9314218278953 227.38823988762462 4.2
7750.2 1135.3229965403877 227.31285675469744 4.2
7754.4 1135.8078220922528 227.65647132374016 4.2
7758.6 1138.273251850937 228.39784400152783 4.2
7762.8 1136.8848007357324 228.3662918528722 4.2
7767.0 1124.3011228821067 226.0830482067016 4.2
7771.2 1108.2585295332017 223.09816592868685 4.2
7775.4 1103.9560254505693 222.47232831371363 4.2
7779.6 1112.5991387396305 224.4564035675473 4.2
7783.8 1123.4090490093672 226.8819781144503 4.2
7788.0 1126.7235429625582 227.79699984929877 4.2
7792.2 1123.3344371142266 227.35682721129544 4.2
7796.4 1121.7937837253749 227.28982800468407 4.2
7800.6 1124.6910453921287 228.1224357157692 4.2
7804.8 1126.8074182108476 228.79788208355507 4.2
7809.0 1126.5083341150016 228.98340021613836 4.2
7813.2 1127.8500728432346 229.50280611792988 4.2
7817.4 1129.5893413621125 230.10391084586414 4.2
7821.6 1125.9991180919208 229.61909451231085 4.2
7825.8 1118.1492205598936 228.26325187334015 4.2
7830.0 1111.9204830987728 227.23540568751451 4.2
7834.2 1111.2811448696482 227.34845123052844 4.2
7838.4 1113.7876820514678 228.10562765277282 4.2
7842.6 1113.897231750357 228.37260193388016 4.2
7846.8 1111.1689262753382 228.05731136971923 4.2
7851.0 1110.4302904282686 228.14975145968663 4.2
7855.2 1111.933361636032 228.70307294579482 4.2
7859.4 1110.6531934658854 228.68411583319792 4.2
7863.6 1107.3334692757805 228.2443312173501 4.2
7867.8 1103.9124504070437 227.78231370739866 4.2
7872.0 1099.023765705386 227.01575579452464 4.2
7876.2 1095.1252272580123 226.45191621816056 4.2
7880.4 1094.5225914872597 226.56874550128947 4.2
7884.6 1095.372726642608 226.98648518838118 4.2
7888.8 1092.5048236009052 226.6334447705105 4.2
7893.0 1085.968052349807 225.51737097665378 4.2
7897.2 1084.0142243659304 225.35126484021094 4.2
7901.4 1086.428522005519 226.09345995557032 4.2
7905.6 1086.0544055181697 226.25594533618465 4.2
7909.8 1083.8326998756322 226.0330784859315 4.2
7914.0 1081.4268865756999 225.77091859389913 4.2
7918.2 1078.599763085447 225.41976879140373 4.2
7922.4 1075.4834276392533 225.00698482746841 4.2
7926.6 1072.307562372274 224.5804770396876 4.2
7930.8 1069.5060826166564 224.2311787746677 4.2
7935.0 1068.4135629816258 224.23943990875588 4.2
7939.2 1067.5488807004401 224.2952105252571 4.2
7943.4 1065.7231250841598 224.14858417094868 4.2
7947.6 1066.8153415740583 224.61564365752105 4.2
7951.8 1070.8640966337846 225.7064655584737 4.2
7956.0 1073.5634215951957 226.5144958402457 4.2
7960.2 1073.3992701980005 226.71904314929972 4.2
7964.4 1071.527021240774 226.56248526198812 4.2
7968.6 1069.1070675678807 226.289290101342 4.2
7972.8 1068.030155574085 226.29971134821966 4.2
7977.0 1069.650923890438 226.8819781144503 4.2
7981.2 1070.8209688245997 227.36939176105054 4.2
7985.4 1068.9857202111666 227.21866298089813 4.2
7989.6 1064.4841052350168 226.4998923817693 4.2
7993.8 1057.0966539940418 225.16454167445946 4.2
7998.0 1050.9606490746705 224.09285001283706 4.2
8002.2 1051.444737284872 224.4315970999225 4.2
8006.4 1054.5488134442312 225.3305101774896 4.2
8010.6 1055.0357163438935 225.671128157714 4.2
8014.8 1053.3771071806436 225.55268430087708 4.2
8019.0 1049.7571171857805 225.01320208611247 4.2
8023.2 1046.1983195556193 224.485347911874 4.2
8027.4 1046.5390704056163 224.79362978032583 4.2
8031.6 1048.1154252947704 225.3678699467781 4.2
8035.8 1045.8153605122125 225.10855490027214 4.2
8040.0 1041.1880075020592 224.34686235248367 4.2
8044.2 1038.7894617924192 224.0639562757952 4.2
8048.4 1040.7205973188745 224.71496736471383 4.2
8052.6 1044.1935379515915 225.7002291445166 4.2
8056.8 1044.2009615656032 225.93733405659893 4.2
8061.0 1040.8290675907272 225.44260806911865 4.2
8065.2 1038.2715927542408 225.12306865301434 4.2
8069.4 1037.9077785946338 225.27863188305514 4.2
8073.6 1036.6467657019987 225.2392123676084 4.2
8077.8 1032.54042176449 224.5804770396876 4.2
8082.0 1026.5770771701252 223.51568256134036 4.2
8086.2 1022.1915751856658 222.7922092184887 4.2
8090.4 1021.2057847476931 222.80862575992433 4.2
8094.6 1020.9546920330259 222.985179996222 4.2
8098.8 1020.6008045183346 223.13926591491085 4.2
8103.0 1020.7927500403282 223.41277348310882 4.2
8107.2 1019.256479139969 223.3078550345204 4.2
8111.4 1016.4584202268471 222.92562863689074 4.2
8115.6 1014.2569394160188 222.67322546127662 4.2
8119.8 1011.231501946341 222.23885967487254 4.2
8124.0 1004.9152231183127 221.0792588623647 4.2
8128.2 999.6235805699413 220.14255366132545 4.2
8132.4 1001.7233364426068 220.8330140597369 4.2
8136.6 1004.0684527693755 221.57869487717113 4.2
8140.8 1006.1508168756076 222.2675180600884 4.2
8145.0 1007.3469536990295 222.76143146340388 4.2
8149.2 1006.8465857344262 222.88046235282923 4.2
8153.4 1004.0787055272704 222.4969182229842 4.2
8157.6 1001.3097433411475 222.11198837911084 4.2
8161.8 999.395426892982 221.91568538342312 4.2
8166.0 996.7414145464309 221.55420644808711 4.2
8170.2 991.7538133291929 220.67239067220356 4.2
8174.4 988.5837878851713 220.19324919388143 4.2
8178.6 983.5293361997313 219.29261175777364 4.2
8182.8 980.4137235116409 218.8225123713018 4.2
8187.0 979.5614241218555 218.85677736070485 4.2
8191.2 977.8273823088851 218.693562871957 4.2
8195.4 975.5576613062912 218.4097390635539 4.2
8199.6 975.9957379888826 218.7318368216353 4.2
8203.8 973.6864500589409 218.43790367187725 4.2
8208.0 967.8912398556474 217.36018747867382 4.2
8212.2 966.0291232184084 217.16408378651343 4.2
8216.4 974.3121242184793 219.2502009078976 4.2
8220.6 977.7644012765101 220.2520706375371 4.2
8224.8 972.9232064523103 219.38554038356838 4.2
8229.0 970.6510531197865 219.0967825672463 4.2
8233.2 974.163658352078 220.1141692614802 4.2
8237.4 978.5453192944062 221.32985525483033 4.2
8241.6 974.357179651473 220.6073612852376 4.2
8245.8 963.0296554601533 218.26494985825465 4.2
8250.0 963.5568820204168 218.60696760838206 4.2
8254.2 965.3288357815741 219.23202734034572 4.2
8258.4 962.8207162079232 218.88499961599305 4.2
8262.6 959.8067445139683 218.42180916528395 4.2
8266.8 960.6349720018887 218.83258975243987 4.2
8271.0 959.7303149761684 218.8487145275787 4.2
8275.2 961.5685645235045 219.4906375550371 4.2
8279.4 964.1564804702082 220.3048204632503 4.2
8283.6 963.8002083472719 220.44690202675716 4.2
8287.8 962.4955501323027 220.37179035879734 4.2
8292.0 957.4027440051344 219.42797741295146 4.2
8296.2 956.6891052658495 219.48659442531633 4.2
8300.4 951.9786558838292 218.6271029814288 4.2
8304.6 946.6726203909374 217.62861590539129 4.2
8308.8 942.4376858937263 216.87425486916183 4.2
8313.0 942.4399633526032 217.09408963935377 4.2
8317.2 941.089580244685 217.00213163983076 4.2
8321.4 936.053039084833 216.0588200633614 4.2
8325.6 926.1262023405378 213.98335872084755 4.2
8329.8 922.7416133083087 213.41650331181003 4.2
8334.0 920.9886168498479 213.22592150992384 4.2
8338.2 926.4812593208925 214.7138206976324 4.2
8342.4 934.5601008114777 216.80435413674894 4.2
8346.6 935.9961291975935 217.35618359292883 4.2
8350.8 936.3648223842164 217.6606892066135 4.2
8355.0 935.1652195226474 217.60055564376137 4.2
8359.2 933.675197891838 217.47232622895513 4.2
8363.4 933.8035438399356 217.7208393872824 4.2
8367.6 935.7922242788933 218.4037042628153 4.2
8371.8 936.4564073426233 218.77817740715406 4.2
8376.0 934.1570965604345 218.46003555486234 4.2
8380.2 930.9974418716953 217.93952499213248 4.2
8384.4 928.5414088293109 217.5825188146914 4.2
8388.6 927.0652077071757 217.4543000287755 4.2
8392.8 927.2898512867689 217.72484999029552 4.2
8397.0 927.5919016022674 218.01380764514118 4.2
8401.2 927.6723393558086 218.25087825051816 4.2
8405.4 928.9503086836297 218.77011746970567 4.2
8409.6 929.1173634667986 219.0281828068448 4.2
8413.8 926.5329868539361 218.63717136342652 4.2
8418.0 924.4925417778886 218.3735327602166 4.2
8422.2 924.4983792501523 218.5928739506571 4.2
8426.4 923.7641680631241 218.63717136342652 4.2
8430.6 919.9501327057643 217.95156910815464 4.2
8434.8 913.9273539217327 216.7404646116565 4.2
8439.0 908.4463429345727 215.65523249413928 4.2
8443.2 905.6639918760523 215.20878717295474 4.2
8447.4 906.6906476584268 215.66715037200493 4.2
8451.6 910.7504318428412 216.848289109522 4.2
8455.8 914.1718628855094 217.87931439474693 4.2
8460.0 911.4241431680168 217.4402806838801 4.2
8464.2 903.8438790437428 215.84599759531184 4.2
8468.4 902.1993871579612 215.66715037200493 4.2
8472.6 908.5814125068987 217.40823986086323 4.2
8476.8 914.166666578891 218.96162122697586 4.2
8481.0 914.9284415042717 219.36129433748377 4.2
8485.2 911.2238707103296 218.6895344247575 4.2
8489.4 899.0073880427938 215.97127889078888 4.2
8493.6 878.7263427517381 211.308029434509 4.2
8497.8 864.8170508740966 208.1689731788843 4.2
8502.0 867.3992722872098 208.99697489201918 4.2
8506.2 879.7718772673996 212.18759968954862 4.2
8510.4 891.2372066167504 215.16518437468778 4.2
8514.6 900.40262789126 217.59253909070102 4.2
8518.8 908.1224460844194 219.67467876721736 4.2
8523.0 908.8752515134995 220.0736264673339 4.2
8527.2 899.4900348774269 218.01581563576278 4.2
8531.4 883.7321310564445 214.40751334972657 4.2
8535.6 861.844957971168 209.3032634993566 4.2
8539.8 837.5020046532164 203.59166776406232 4.2
8544.0 828.0084623485491 201.48188252967498 4.2
8548.2 842.6668421840353 205.25039425198864 4.2
8552.4 867.3716936980909 211.47547056311672 4.2
8556.6 887.5785419129934 216.61473712452064 4.2
8560.8 900.6344449359283 220.01687910073707 4.2
8565.0 905.3792150870846 221.3930584996561 4.2
8569.2 903.4428735385444 221.13628024090846 4.2
8573.4 900.415746787943 220.61142506043882 4.2
8577.6 897.4735848836112 220.1060601051796 4.2
8581.8 888.817253994068 218.1966105467939 4.2
8586.0 871.6607416649645 214.19434464151078 4.2
8590.2 852.3200482648974 209.6466851971791 4.2
8594.4 837.8497207962209 206.28896646649548 4.2
8598.6 833.4926260304776 205.41681917474958 4.2
8602.8 842.4528461505993 207.8279721173308 4.2
8607.0 860.8780780145905 212.58078184525965 4.2
8611.2 879.4879683347127 217.38821674408703 4.2
8615.4 890.6075304395092 220.35149430150278 4.2
8619.6 896.1382809174837 221.93612551467334 4.2
8623.8 901.3301584942307 223.4395252845649 4.2
8628.0 903.6182255682311 224.22498312382956 4.2
8632.2 901.4679000475993 223.90923182420104 4.2
8636.4 898.1476900106417 223.30168489570758 4.2
8640.6 892.6422796487119 222.14881451790367 4.2
8644.8 880.4472763864627 219.3269503591224 4.2
8649.0 862.2663945588645 215.00670320173722 4.2
8653.2 837.7139961538361 209.08746634079603 4.2
8657.4 803.5229530552422 200.7483572144763 4.2
8661.6 773.494103220346 193.43363805401708 4.2
8665.8 770.8394475041556 192.9567608260671 4.2
8670.0 793.4490779031713 198.8089813066523 4.2
8674.2 819.8801877796371 205.63072181396967 4.2
8678.4 840.46170066915 210.9968637462651 4.2
8682.6 855.4953768076466 214.97898100022928 4.2
8686.8 865.1862511643847 217.6246070750574 4.2
8691.0 872.781947672998 219.74752887233794 4.2
8695.2 879.8205533150057 221.73385112955157 4.2
8699.4 883.8094771792044 222.9543755830788 4.2
8703.6 884.0145389551152 223.22148860353752 4.2
8707.8 882.6252823421856 223.0858374090722 4.2
8712.0 880.8247743253355 222.8455674011043 4.2
8716.2 878.3728042330712 222.43954599539046 4.2
8720.4 875.0088432692452 221.80125543245407 4.2
8724.6 868.7487747124565 220.42659905174088 4.2
8728.8 857.2592287800733 217.7208393872824 4.2
8733.0 840.0910044882319 213.56594414531773 4.2
8737.2 816.7943040555261 207.8432860124052 4.2
8741.4 788.7716037431461 200.90558040923028 4.2
8745.6 763.0588517678046 194.543175265686 4.2
8749.8 753.0104485150284 192.16575652660825 4.2
8754.0 765.0118636644785 195.41594627485986 4.2
8758.2 788.5396538861512 201.61925237465823 4.2
8762.4 811.1013148030103 207.58692704951963 4.2
8766.6 829.1915590539884 212.42029126667398 4.2
8770.8 843.2237666997144 216.22205967118666 4.2
8775.0 853.4675326035511 219.05844475893772 4.2
8779.2 860.1444055849788 220.98357745793282 4.2
8783.4 863.1214951117803 221.9606561573453 4.2
8787.6 864.2525992270484 222.46413228122327 4.2
8791.8 866.0713151772925 223.1454315658612 4.2
8796.0 866.5443867162192 223.4806881572979 4.2
8800.2 863.7899960684973 222.983126236274 4.2
8804.4 860.5452752238159 222.3576113320072 4.2
8808.6 859.7248432602901 222.3576113320072 4.2
8812.8 862.3298629975624 223.24410515397352 4.2
8817.0 864.9511354699498 224.1361976046789 4.2
8821.2 861.8385519160493 223.54244668529518 4.2
8825.4 854.823510138704 221.93408141683145 4.2
8829.6 848.9990330905325 220.63174505934177 4.2
8833.8 843.3078243043924 219.36129433748377 4.2
8838.0 834.7900428307747 217.3521797809409 4.2
8842.2 821.411137053416 214.07206578312721 4.2
8846.4 799.7460606415755 208.62387126774885 4.2
8850.6 769.2718276142386 200.8648755402111 4.2
8854.8 734.899144701501 192.0719740809781 4.2
8859.0 708.1085713231988 185.245642098891 4.2
8863.2 701.9467312384207 183.8078266630207 4.2
8867.4 717.3723867104499 188.0251743248403 4.2
8871.6 745.1116439606991 195.48075152373175 4.2
8875.8 775.108035915538 203.5429197386298 4.2
8880.0 797.626038656446 209.6544090087695 4.2
8884.2 809.6113746752523 213.00607998798887 4.2
8888.4 816.5035425093558 215.0225460647514 4.2
8892.6 825.1249879194941 217.49836671179568 4.2
8896.8 835.075225008003 220.32917079745917 4.2
8901.0 838.6710514235295 221.48687722214723 4.2
8905.2 833.9459414441208 220.44690202675716 4.2
8909.4 830.2336648547022 219.67265549797025 4.2
8913.6 832.4668963544173 220.47126806526677 4.2
8917.8 833.7998225577173 221.03243087237252 4.2
8922.0 829.7300459180938 220.16080270831984 4.2
8926.2 825.8097914972951 219.3269503591224 4.2
8930.4 825.98361296069 219.57960525425767 4.2
8934.6 826.0056665976928 219.79206027363753 4.2
8938.8 822.7024944091445 219.11898120710083 4.2
8943.0 816.9562379398511 217.79304154606245 4.2
8947.2 810.5558861694702 216.2897805521111 4.2
8951.4 812.7543938964442 217.08009351733187 4.2
8955.6 811.2895451408317 216.89223298562845 4.2
8959.8 803.4680723596099 215.00274266837542 4.2
8964.0 793.8556845821313 212.62973601503543 4.2
8968.2 788.2403904570875 211.32359975912973 4.2
8972.4 788.11936967993 211.4891053300946 4.2
8976.6 786.9760361862762 211.3800518041503 4.2
8980.8 778.7950903040605 209.37845942147302 4.2
8985.0 773.1808551009524 208.0635479933076 4.2
8989.2 767.8832042900104 206.83117539491275 4.2
8993.4 759.1462214899402 204.66896812660517 4.2
8997.6 750.4191191551128 202.50511622676922 4.2
9001.8 729.5625546804803 197.0606903989107 4.2
9006.0 696.6158785378167 188.33715251538956 4.2
9010.2 664.9062150322565 179.9318312517844 4.2
9014.4 649.0222775312609 175.79721878542566 4.2
9018.6 660.6189149894313 179.10511958200743 4.2
9022.8 693.1681398326913 188.10485289187045 4.2
9027.0 732.4641441405828 198.95369071933538 4.2
9031.2 759.8123261230578 206.5741621667638 4.2
9035.4 762.652129710245 207.53913389574694 4.2
9039.6 759.0997139286153 206.7645116470452 4.2
9043.8 766.7951471147256 209.05473086920014 4.2
9048.0 773.2075229931502 210.9988071081474 4.2
9052.2 775.8557324219358 211.91807485031467 4.2
9056.4 759.5459679762496 207.65576852702662 4.2
9060.6 751.8571581259623 205.7443889547999 4.2
9064.8 750.5174626610759 205.5682316561381 4.2
9069.0 750.1747650375275 205.664815360909 4.2
9073.2 752.1496997913317 206.3972944205012 4.2
9077.4 753.7065824887487 207.01604155852692 4.2
9081.6 748.6873854955031 205.8277847894304 4.2
9085.8 743.9759716213027 204.7217569172306 4.2
9090.0 739.5192583879492 203.68357078001767 4.2
9094.2 743.3275899511316 204.92172356332702 4.2
9098.4 749.768520673615 206.88833285689148 4.2
9102.6 754.4080904802731 208.3607922110388 4.2
9106.8 756.8776080312794 209.23580297286927 4.2
9111.0 757.3439517718923 209.55788181331098 4.2
9115.2 755.94961553319 209.36496072847916 4.2
9119.4 753.5650084945709 208.8969023278709 4.2
9123.6 752.3445541059417 208.75072861405158 4.2
9127.8 749.074517853156 208.03480493741066 4.2
9132.0 747.2767135366397 207.72654605762511 4.2
9136.2 747.5600053781648 207.99648703947545 4.2
9140.4 758.6803771776567 211.28467609859115 4.2
9144.6 758.6541324264307 211.47157507686657 4.2
9148.8 753.9472949476149 210.3526560144624 4.2
9153.0 747.8703748496299 208.84880757586922 4.2
9157.2 744.5259775887763 208.1057116590337 4.2
9161.4 744.6180571676454 208.32241426955736 4.2
9165.6 742.1085830260101 207.8107453340739 4.2
9169.8 738.2195252754263 206.9112002641429 4.2
9174.0 734.8450670270162 206.15411116122078 4.2
9178.2 735.7363620763007 206.59318922643592 4.2
9182.4 735.5443094647875 206.72833175375942 4.2
9186.6 734.1750829520603 206.5323088036254 4.2
9190.8 727.2749406764065 204.77833144481437 4.2
9195.0 723.3255194152133 203.85248032885147 4.2
9199.2 721.3551434740488 203.48293819199614 4.2
9203.4 719.754947859559 203.21698325579456 4.2
9207.6 707.555263817873 199.954876420097 4.2
9211.8 691.08625298007 195.47895108776672 4.2
9216.0 668.639951905709 189.3023476765598 4.2
9220.2 638.3172358417506 180.8822701694279 4.2
9224.4 594.6822836294679 168.6708369816694 4.2
9228.6 573.257320831693 162.74213156422374 4.2
9232.8 580.5750906826657 164.9696298667173 4.2
9237.0 636.9823041500879 181.16237268234403 4.2
9241.2 659.0168452889965 187.59963972297078 4.2
9245.4 696.3472160043073 198.40654751997886 4.2
9249.6 698.6173236494197 199.2342503277908 4.2
9253.8 698.6457745805403 199.42334657981823 4.2
9258.0 700.485099955563 200.12990996929224 4.2
9262.2 705.7468454897047 201.81618857866795 4.2
9266.4 709.6352300696177 203.1121952170875 4.2
9270.6 711.1964315792991 203.74361146798788 4.2
9274.8 715.2932850269544 205.10299397757055 4.2
9279.0 712.8446676680204 204.58604181304798 4.2
9283.2 710.6403131464524 204.1380679003555 4.2
9287.4 711.3526495800224 204.5276366318907 4.2
9291.6 711.7905930205386 204.8386948401237 4.2
9295.8 712.5177900092694 205.23338112319996 4.2
9300.0 712.5303334361178 205.42249512963272 4.2
9304.2 712.9042112558311 205.7159662804348 4.2
9308.4 711.9658776639192 205.63072181396967 4.2
9312.6 706.7069398942942 204.29606422228304 4.2
9316.8 699.8930955099369 202.50884654322218 4.2
9321.0 698.6766653408384 202.33918669073557 4.2
9325.2 702.678951677888 203.6816947936416 4.2
9329.4 707.8770410158685 205.37330873056916 4.2
9333.6 710.8842380189848 206.43151506507903 4.2
9337.8 706.4218423776276 205.3203519332171 4.2
9342.0 700.392567616819 203.75111779830073 4.2
9346.2 705.5099029537622 205.42438714944797 4.2
9350.4 715.3340119009542 208.4721282275787 4.2
9354.6 717.4618464161211 209.28013172611583 4.2
9358.8 713.1434898034972 208.20732285286715 4.2
9363.0 707.6381003230475 206.7854607950637 4.2
9367.2 705.8195261509669 206.4391204232424 4.2
9371.4 708.722636256972 207.47415286456982 4.2
9375.6 706.947420231037 207.14001339740722 4.2
9379.8 700.5096109863263 205.43763177608432 4.2
9384.0 701.2247826477505 205.83157631226385 4.2
9388.2 704.7719143706203 207.0579929491513 4.2
9392.4 699.6294705022364 205.73112455143485 4.2
9396.6 687.2579539427777 202.27397075556593 4.2
9400.8 676.4748082221404 199.27829556189286 4.2
9405.0 673.7699768606035 198.65888792492413 4.2
9409.2 673.5345135112656 198.7668705042452 4.2
9413.4 676.4508205749446 199.80575820076893 4.2
9417.6 681.3413926662079 201.4299291610044 4.2
9421.8 689.9116722002747 204.14558876324642 4.2
9426.0 689.3414349682132 204.15875094004608 4.2
9430.2 679.9225540583533 201.54869940818162 4.2
9434.4 674.8584399572105 200.22578268463917 4.2
9438.6 677.2267308532329 201.10737624325714 4.2
9442.8 682.03030451505 202.71411980522612 4.2
9447.0 686.3559833249408 204.18131664608282 4.2
9451.2 688.8986722142882 205.11999629772134 4.2
9455.4 680.4895227349338 202.79628735933744 4.2
9459.6 673.8445334275088 200.99441966689133 4.2
9463.8 671.0426862549439 200.33646212026767 4.2
9468.0 672.5316944829058 200.95924943097262 4.2
9472.2 669.7728454880644 200.31247638518977 4.2
9476.4 671.2348344746277 200.92778654170044 4.2
9480.6 677.4942408918715 202.9812861501039 4.2
9484.8 677.524336332293 203.17019620293112 4.2
9489.0 673.175592788303 202.0449500149944 4.2
9493.2 669.452848175126 201.105523984402 4.2
9497.4 668.0112796210622 200.85007581447942 4.2
9501.6 668.2820063374801 201.10922851917394 4.2
9505.8 669.6747273460428 201.70654941930573 4.2
9510.0 666.9115223157459 201.05181589796098 4.2
9514.2 658.8896742312929 198.8089813066523 4.2
9518.4 652.339012049007 197.00624803977047 4.2
9522.6 651.0977141782623 196.80494205908272 4.2
9526.8 650.2721565730726 196.72882588106845 4.2
9531.0 641.0092780913884 194.0975260748662 4.2
9535.2 618.8161524188296 187.54262912167528 4.2
9539.4 579.8119143389482 175.8765751499585 4.2
9543.6 551.1893247598513 167.34163195022143 4.2
9547.8 545.8466237589246 165.86547623380204 4.2
9552.0 557.7051143598893 169.61802419532273 4.2
9556.2 581.4585940325941 176.99785366743788 4.2
9560.4 610.9154777844296 186.12812396586543 4.2
9564.6 630.9509961976372 192.4012990634301 4.2
9568.8 645.7052239176936 197.07339578070713 4.2
9573.0 648.0568968488109 197.96481117245932 4.2
9577.2 653.5580089087957 199.82048097550023 4.2
9581.4 653.1656124931727 199.87570104337505 4.2
9585.6 648.5428119267024 198.635103041203 4.2
9589.8 645.3839414867068 197.84086400686468 4.2
9594.0 645.7937334435824 198.13992761547416 4.2
9598.2 640.3444715077212 196.6400608797746 4.2
9602.4 634.7835569675254 195.1030236426183 4.2
9606.6 635.7492242352708 195.57079446817954 4.2
9610.8 638.7900977888113 196.6780981179044 4.2
9615.0 638.2732999977115 196.69077883226979 4.2
9619.2 637.3461189704326 196.57668182961876 4.2
9623.4 636.6315818374204 196.52780337737846 4.2
9627.6 636.3926838326759 196.62557243842292 4.2
9631.8 637.1568295288737 197.0334673389681 4.2
9636.0 635.5587058887432 196.710707320999 4.2
9640.2 635.3736011818564 196.82488211470186 4.2
9644.4 635.973216350036 197.18233266151054 4.2
9648.6 638.0175867592528 197.98851579436254 4.2
9652.8 635.6274420009821 197.41856919340444 4.2
9657.0 629.5769102902357 195.7095417278376 4.2
9661.2 629.8644676783874 195.96928134970943 4.2
9665.4 633.282651558948 197.2041272626938 4.2
9669.6 631.3006500489431 196.75781904846983 4.2
9673.8 630.9036587510608 196.80494205908272 4.2
9678.0 637.4204890248401 199.01050419716032 4.2
9682.2 639.2241229354584 199.74687794878776 4.2
9686.4 636.262688401768 198.99400829053752 4.2
9690.6 631.678244470081 197.73156330872683 4.2
9694.8 633.7522969147687 198.55279273886643 4.2
9699.0 633.9329650761357 198.78151672808036 4.2
9703.2 633.5768328766021 198.84194380990417 4.2
9707.4 634.7100923078706 199.37008774274636 4.2
9711.6 634.9619219278923 199.6218150186075 4.2
9715.8 632.2780747140131 198.95002589067133 4.2
9720.0 630.3949491872139 198.52902055763087 4.2
9724.2 636.9267510331063 200.75945128520826 4.2
9728.4 639.2200909727628 201.65639543435395 4.2
9732.6 634.6108680628627 200.37521437492862 4.2
9736.8 629.5362690601662 198.9445287742516 4.2
9741.0 626.0804865002647 198.0231661169001 4.2
9745.2 627.7167848630314 198.71195677524494 4.2
9749.4 626.2525057874888 198.41933967518779 4.2
9753.6 628.1615835476784 199.1957187338012 4.2
9757.8 633.5624505649031 201.08144617165502 4.2
9762.0 631.2997946778224 200.53583930228515 4.2
9766.2 631.0416536321451 200.62636289119928 4.2
9770.4 624.4599163430375 198.70463609106682 4.2
9774.6 625.3501618638076 199.15902890576075 4.2
9778.8 631.9898843637966 201.44662699693933 4.2
9783.0 632.2504507944312 201.70283388157588 4.2
9787.2 628.741791813077 200.7557531935101 4.2
9791.4 626.4864310205083 200.20734205777745 4.2
9795.6 626.1280635291349 200.26451352992896 4.2
9799.8 622.9925164356579 199.43253057578616 4.2
9804.0 618.9429913873408 198.30606642150946 4.2
9808.2 622.9922279360215 199.77447590615603 4.2
9812.4 626.652486313232 201.1203425329422 4.2
9816.6 632.2008343547499 203.07478401385922 4.2
9820.8 638.6979485166776 205.3373722715781 4.2
9825.0 643.0727940375132 206.92072909645807 4.2
9829.2 644.2062155717084 207.46268773596842 4.2
9833.4 640.7046020978847 206.51138530208036 4.2
9837.6 636.0260954871142 205.17857063388462 4.2
9841.8 637.9757691405829 205.98329451061983 4.2
9846.0 641.773221489076 207.38626973480694 4.2
9850.2 638.2093428029922 206.4106017748078 4.2
9854.4 631.807651656407 204.51445067291817 4.2
9858.6 630.6360054254827 204.30923610090682 4.2
9862.8 629.1421783672562 203.99898190329566 4.2
9867.0 624.2506429322997 202.5853331755096 4.2
9871.2 626.6966198238988 203.552293452321 4.2
9875.4 637.247093745049 207.15527659994058 4.2
9879.6 642.3009018457642 208.97580169857704 4.2
9883.8 636.1468149387655 207.14955276719581 4.2
9888.0 629.4139138718707 205.13133196083234 4.2
9892.2 628.3874141803283 204.97080180886084 4.2
9896.4 632.2469944619537 206.40489851790622 4.2
9900.6 637.3562154371796 208.24951565428535 4.2
9904.8 640.2031895999053 209.35724758035926 4.2
9909.0 633.195176537772 207.2411530724512 4.2
9913.2 621.0771025982986 203.447332512229 4.2
9917.4 617.9048365758814 202.57973561322527 4.2
9921.6 625.8147957903817 205.34682862476686 4.2
9925.8 634.5972919225965 208.40493558426934 4.2
9930.0 632.5440249667878 207.90646775815873 4.2
9934.2 621.3888503333579 204.41275898773017 4.2
9938.4 615.8235745963917 202.7533319841321 4.2
9942.6 623.1280757410001 205.33169866869392 4.2
9946.8 634.1653125000845 209.14524732514133 4.2
9951.0 632.5338944746259 208.78341648252697 4.2
9955.2 616.7842509645664 203.75674772751813 4.2
9959.4 605.22784985663 200.1077920165267 4.2
9963.6 607.6264728364993 201.07033430732136 4.2
9967.8 616.1218684826495 204.0534772825341 4.2
9972.0 623.6956500079189 206.7359480472569 4.2
9976.2 624.9812098026957 207.3366131291999 4.2
9980.4 621.4316374334679 206.33267090216899 4.2
9984.6 618.5173873793375 205.537940234015 4.2
9988.8 617.934751116864 205.51711747057132 4.2
9993.0 619.4488911910894 206.19398875779288 4.2
9997.2 620.0582549055379 206.5703569651194 4.2
10001.4 614.5364690764708 204.90285044424235 4.2
10005.6 606.3047644956238 202.32800532301107 4.2
10009.8 604.2358019612515 201.80689481371988 4.2
10014.0 604.1796323767738 201.95750651316942 4.2
10018.2 605.5944126603019 202.6002607644393 4.2
10022.4 607.3650414622654 203.36302812094942 4.2
10026.6 608.5746745828361 203.9388659608614 4.2
10030.8 604.290980554442 202.6730485135384 4.2
10035.0 589.4113588029896 197.84815286791866 4.2
10039.2 555.7340950109584 186.6998633160807 4.2
10043.4 517.2109790130513 173.90337076333364 4.2
10047.6 506.0396890609994 170.28955084857301 4.2
10051.8 502.566547302793 169.2622072664912 4.2
10056.0 514.7528091510802 173.5113944205558 4.2
10060.2 534.9781262206061 180.47955022719594 4.2
10064.4 555.5069241356258 187.5616307301538 4.2
10068.6 564.9201674369241 190.89915235042338 4.2
10072.8 567.1485588704555 191.8120999512639 4.2
10077.0 572.3935583248914 193.74745211238928 4.2
10081.2 580.9848306166551 196.81944371736182 4.2
10085.4 597.3969480566931 202.5480190149194 4.2
10089.6 599.4560623112432 203.41548007989087 4.2
10093.8 590.255257500223 200.46012646186836 4.2
10098.0 601.2713657491074 204.37134353991883 4.2
10102.2 606.8555528283614 206.44102180656571 4.2
10106.4 594.2925533411697 202.33545949950548 4.2
10110.6 589.2388819088802 200.7816412659999 4.2
10114.8 591.9358657746218 201.86824157244396 4.2
10119.0 595.3578206330849 203.20388179504405 4.2
10123.2 599.9369632831762 204.9368233102032 4.2
10127.4 596.7787185823266 204.02716735111616 4.2
10131.6 593.3585218078952 203.0261597511645 4.2
10135.8 603.066479866142 206.51899360282798 4.2
10140.0 618.2574306580317 211.8966057242885 4.2
10144.2 608.9836721416714 208.8911303728937 4.2
10148.4 590.7096986509899 202.79068396825411 4.2
10152.6 593.1037951694929 203.78114588513264 4.2
10156.8 611.8084250490564 210.38171931543914 4.2
10161.0 625.0119946363059 215.0997967409082 4.2
10165.2 625.8948803284488 215.58175346554975 4.2
10169.4 612.8675042173851 211.26910864186777 4.2
10173.6 586.688989974824 202.41188064432768 4.2
10177.8 576.9171239264936 199.20489224687967 4.2
10182.0 578.4676402312602 199.90515798560943 4.2
10186.2 566.2560519585924 195.84658359942372 4.2
10190.4 560.385373891169 193.97600024376814 4.2
10194.6 580.6104848264189 201.1425724031129 4.2
10198.8 599.8008876561358 207.9620069657594 4.2
10203.0 599.2795823781463 207.95243018193378 4.2
10207.2 594.9932048412782 206.6350549268714 4.2
10211.4 589.9655837751137 205.05766134684274 4.2
10215.6 588.5691515368202 204.74061335621522 4.2
10219.8 584.9900255042206 203.66293588016788 4.2
10224.0 578.1380763592562 201.44291624711497 4.2
10228.2 578.1211150409906 201.60254022986993 4.2
10232.4 579.0955620044122 202.10823061652877 4.2
10236.6 571.9232974482647 199.76895600965526 4.2
10240.8 581.0125128471059 203.1103244932506 4.2
10245.0 599.213141256614 209.64475428874246 4.2
10249.2 577.140191061754 202.08775531220613 4.2
10253.4 581.5210692547424 203.78865359828995 4.2
10257.6 580.5902463922786 203.6291741895644 4.2
10261.8 625.1470159909818 219.43606158730412 4.2
10266.0 637.7856373095298 224.05570160664388 4.2
10270.2 613.3882502686091 215.66119135074544 4.2
10274.4 638.0699848020605 224.52256755336873 4.2
10278.6 682.969522579077 240.51823046267694 4.2
10282.8 741.5944602792258 261.3773797838735 4.2
