3000.0 221.7434219463033 6.6523026583891 4.2
3004.2 183.07775201715873 5.507721856656021 4.2
3008.4 147.81485942971253 4.459313445330506 4.2
3012.6 183.9239609338175 5.564164998729974 4.2
3016.8 319.33918746389963 9.687774025212429 4.2
3021.0 488.9087435508672 14.873322674670401 4.2
3025.2 610.2574237222389 18.61658424613771 4.2
3029.4 669.8476106222759 20.4912286786499 4.2
3033.6 701.2302189640543 21.510772145625477 4.2
3037.8 744.3940603800465 22.898129121079496 4.2
3042.0 857.2408046752322 26.442346992115652 4.2
3046.2 1035.9348110693336 32.042618566501865 4.2
3050.4 1231.3901354814318 38.19337174756338 4.2
3054.6 1395.7529675127967 43.41062114229664 4.2
3058.8 1517.8158779317484 47.33692033483018 4.2
3063.0 1639.9977835709803 51.288027885105485 4.2
3067.2 1802.1588281963927 56.513993847396804 4.2
3071.4 1956.6470607605158 61.52675352041442 4.2
3075.6 2082.7327696350158 65.67075359527948 4.2
3079.8 2165.5101588309535 68.4674258294623 4.2
3084.0 2210.367650794057 70.0764350243024 4.2
3088.2 2279.4308274181453 72.46294826700957 4.2
3092.4 2405.702533284577 76.68527864958247 4.2
3096.6 2575.6036733327874 82.32429116424233 4.2
3100.8 2746.285879942224 88.01810213944086 4.2
3105.0 2914.9428583128347 93.676789901885 4.2
3109.2 3075.3598249884367 99.09962247003934 4.2
3113.4 3228.9952976732634 104.33163179455471 4.2
3117.6 3385.8247019838586 109.69428456868347 4.2
3121.8 3538.0103753470685 114.93386197822676 4.2
3126.0 3672.783319540958 119.63327724474205 4.2
3130.2 3785.376490008453 123.63231459248121 4.2
3134.4 3887.7328784650426 127.31629739315716 4.2
3138.6 4027.0341627620596 132.23182746598917 4.2
3142.8 4193.607359625828 138.0702146422006 4.2
3147.0 4341.659585170387 143.32699647543237 4.2
3151.2 4440.923777112496 146.99548652361318 4.2
3155.4 4511.7436142778515 149.73799030957838 4.2
3159.6 4591.737415598346 152.79881986563402 4.2
3163.8 4700.1012244864605 156.8209209590032 4.2
3168.0 4803.822023552756 160.70744628169578 4.2
3172.2 4886.705121049207 163.9139816853085 4.2
3176.4 4964.950008826518 166.979824398691 4.2
3180.6 5065.882886321878 170.82522444151132 4.2
3184.8 5170.647429346779 174.81874573655415 4.2
3189.0 5249.6242139382475 177.9573787019876 4.2
3193.2 5303.871743081481 180.27022467308288 4.2
3197.4 5364.13023481956 182.79823579655093 4.2
3201.6 5420.447122293598 185.2029926238779 4.2
3205.8 5480.048543590255 187.731002790451 4.2
3210.0 5542.7231892863265 190.3759133824175 4.2
3214.2 5588.65706819644 192.45624143166825 4.2
3218.4 5592.0779374501135 193.07764810436598 4.2
3222.6 5590.78059619069 193.53699785841 4.2
3226.8 5629.958041363908 195.40154802628263 4.2
3231.0 5703.209678098345 198.45954896120807 4.2
3235.2 5747.553028739379 200.52291069570123 4.2
3239.4 5742.858279273448 200.87967635646706 4.2
3243.6 5719.086579228519 200.5672408173054 4.2
3247.8 5724.884112390824 201.29083434253334 4.2
3252.0 5744.287669020626 202.495790736261 4.2
3256.2 5765.687643971454 203.77551528177852 4.2
3260.4 5786.866796573162 205.0519954725503 4.2
3264.6 5791.369867228378 205.74059903800207 4.2
3268.8 5787.0942593016935 206.11803807651938 4.2
3273.0 5783.639885941127 206.52470001233672 4.2
3277.2 5784.2008153632005 207.07515733187083 4.2
3281.4 5788.4582762511245 207.759073551358 4.2
3285.6 5793.057978104555 208.45676799940628 4.2
3289.8 5793.943584670852 209.02200052278693 4.2
3294.0 5788.020558895064 209.3418221365837 4.2
3298.2 5772.43804029355 209.31097465859108 4.2
3302.4 5750.821708901318 209.05858183512464 4.2
3306.6 5730.518671375631 208.85073115333017 4.2
3310.8 5717.094378574381 208.8911303728937 4.2
3315.0 5704.928282892844 208.97580169857704 4.2
3319.2 5688.351319134097 208.8969023278709 4.2
3323.4 5671.004914665827 208.7872624506097 4.2
3327.6 5668.694122169537 209.23002165385054 4.2
3331.8 5674.4974738009305 209.97326432772962 4.2
3336.0 5681.371270276889 210.75796668099795 4.2
3340.2 5682.354332033279 211.32554613037405 4.2
3344.4 5667.151531366739 211.2905141905946 4.2
3348.6 5644.3600447354 210.96965855923034 4.2
3352.8 5628.620383031725 210.9094309844767 4.2
3357.0 5620.598617422737 211.1368315617202 4.2
3361.2 5585.069026472238 210.32747106796612 4.2
3365.4 5532.938894744689 208.885358577401 4.2
3369.6 5495.112090816913 207.97541520406565 4.2
3373.8 5492.3548319080755 208.3895803068514 4.2
3378.0 5497.357293101805 209.0990212604623 4.2
3382.2 5489.726196860058 209.32832580560844 4.2
3386.4 5467.297970281267 208.99120017197475 4.2
3390.6 5441.117936428699 208.50669287933368 4.2
3394.8 5398.447319797021 207.38435964547025 4.2
3399.0 5357.361169355748 206.31556806387331 4.2
3403.2 5326.897124896832 205.64966197557231 4.2
3407.4 5286.9233810586975 204.61053927165923 4.2
3411.6 5251.810452862453 203.7529944240876 4.2
3415.8 5219.445730346023 202.99624291500183 4.2
3420.0 5179.562078860672 201.94076633061985 4.2
3424.2 5128.980038712808 200.46012646186836 4.2
3428.4 5093.523120644104 199.56298897237608 4.2
3432.6 5068.819874558569 199.0820022623303 4.2
3436.8 5037.890634604416 198.3517333381449 4.2
3441.0 5009.748333514635 197.7260998592057 4.2
3445.2 4980.126537088138 197.03709686299538 4.2
3449.4 4947.230400849501 196.21310031084872 4.2
3453.6 4919.2759290192735 195.5798010434826 4.2
3457.8 4920.5031570322635 196.10469889966691 4.2
3462.0 4906.221232708586 196.01079945413244 4.2
3466.2 4869.025161821223 194.9970314937632 4.2
3470.4 4847.995247062245 194.6256159361229 4.2
3474.6 4845.556078292259 194.99882749106425 4.2
3478.8 4840.278289470175 195.25762387508897 4.2
3483.0 4825.23318312006 195.12099412273122 4.2
3487.2 4815.568253320574 195.20008390127379 4.2
3491.4 4788.528092048693 194.57184631997615 4.2
3495.6 4758.014852313039 193.7974239951701 4.2
3499.8 4740.921901128349 193.56552062599195 4.2
3504.0 4731.829197522176 193.6582486548148 4.2
3508.2 4722.245552798559 193.72960813434656 4.2
3512.4 4704.498319751197 193.46392744922738 4.2
3516.6 4679.929504535664 192.91411280121065 4.2
3520.8 4662.024415227592 192.6353560654605 4.2
3525.0 4654.692674924361 192.79155222952335 4.2
3529.2 4657.755781791806 193.37841665879216 4.2
3533.4 4663.1527878437655 194.06356266536002 4.2
3537.6 4651.9153595802645 194.05641323119505 4.2
3541.8 4637.000978172689 193.89383474139296 4.2
3546.0 4613.301006653763 193.360606668604 4.2
3550.2 4571.256758049298 192.05251553587655 4.2
3554.4 4545.740651454136 191.43264501147064 4.2
3558.6 4537.4819024793505 191.53669971040966 4.2
3562.8 4536.180918960536 191.93403786999014 4.2
3567.0 4533.0972481678955 192.25604324331496 4.2
3571.2 4529.903067025027 192.57326777155316 4.2
3575.4 4518.600885605055 192.54489121698356 4.2
3579.6 4496.310100319557 192.04544019005954 4.2
3583.8 4472.658341600662 191.48378347545153 4.2
3588.0 4467.127888468441 191.6955361713442 4.2
3592.2 4468.978215594579 192.22417250050862 4.2
3596.4 4460.106989457169 192.29146137728253 4.2
3600.6 4437.348109602019 191.75734147240317 4.2
3604.8 4419.477283815283 191.43088185977118 4.2
3609.0 4408.587760599842 191.40443653289813 4.2
3613.2 4396.72448118618 191.33393352046141 4.2
3617.4 4380.020934331556 191.05042142242704 4.2
3621.6 4370.1494757105975 191.06273929537082 4.2
3625.8 4365.495706815931 191.30221563798295 4.2
3630.0 4355.479807560504 191.30573958748005 4.2
3634.2 4336.462614716939 190.91146047037367 4.2
3638.4 4316.22791014524 190.46009648368818 4.2
3642.6 4299.8993328388 190.1778792075747 4.2
3646.8 4284.27522510586 189.9240662939755 4.2
3651.0 4258.273862746303 189.20647731303177 4.2
3655.2 4239.15176197839 188.7904405883515 4.2
3659.4 4230.166749628024 188.82348113937607 4.2
3663.6 4216.0830193349275 188.62706184654797 4.2
3667.8 4197.067582102921 188.20709874359116 4.2
3672.0 4177.379293216914 187.7534819998363 4.2
3676.2 4164.462860251572 187.60136758746359 4.2
3680.4 4161.589227510235 187.90052779724894 4.2
3684.6 4138.667714865237 187.2923332338477 4.2
3688.8 4113.306163288416 186.56922177910067 4.2
3693.0 4100.101796390083 186.39403074838418 4.2
3697.2 4076.5743353793096 185.74622663818823 4.2
3701.4 4056.777730109545 185.26441097922654 4.2
3705.6 4047.5868781018926 185.26441097922654 4.2
3709.8 4043.6379235601607 185.50345382247122 4.2
3714.0 4030.0409203160593 185.2985410883066 4.2
3718.2 4011.0286276403554 184.8417195369656 4.2
3722.4 3996.4204780195414 184.58482748821032 4.2
3726.6 3991.9371539236504 184.7940569388191 4.2
3730.8 3990.6286717772687 185.15012091161827 4.2
3735.0 3969.7215271710375 184.59502830459863 4.2
3739.2 3933.216610913799 183.3090893862559 4.2
3743.4 3903.8109929937063 182.3475783160922 4.2
3747.6 3880.9566717533544 181.68706110250136 4.2
3751.8 3873.5565141690086 181.74731347922025 4.2
3756.0 3876.056397710316 182.27201722909535 4.2
3760.2 3870.466960638884 182.41645013285253 4.2
3764.4 3856.787627144977 182.17802937980088 4.2
3768.6 3836.6233634784 181.6301744211302 4.2
3772.8 3816.152204390391 181.0639539658419 4.2
3777.0 3803.1134858900755 180.8472878198438 4.2
3781.2 3791.4554406557168 180.69411153906202 4.2
3785.4 3781.0611326136095 180.59927394218914 4.2
3789.6 3769.801746302595 180.46126609446196 4.2
3793.8 3749.4916461058965 179.88709151287836 4.2
3798.0 3733.2178519052673 179.50311934344836 4.2
3802.2 3728.784972830003 179.68672779910074 4.2
3806.4 3732.0581789635753 180.24200093053943 4.2
3810.6 3727.061237361893 180.39811697796077 4.2
3814.8 3713.758910243387 180.15071909296802 4.2
3819.0 3692.2741348339205 179.50311934344836 4.2
3823.2 3665.6518903998262 178.6010467972076 4.2
3827.4 3646.1753412867693 178.04262961283246 4.2
3831.6 3633.0964337084856 177.79354935681602 4.2
3835.8 3622.975065471362 177.6871411699428 4.2
3840.0 3616.6193867210254 177.76407609611186 4.2
3844.2 3624.710333931674 178.5517043214816 4.2
3848.4 3646.773940969958 180.03129273605245 4.2
3852.6 3674.289858859323 181.78581851372036 4.2
3856.8 3692.7594463364194 183.0981684370952 4.2
3861.0 3681.4732693280275 182.93634592930786 4.2
3865.2 3637.6198658741 181.15069308904856 4.2
3869.4 3573.8967377331005 178.36432720502552 4.2
3873.6 3510.166446644637 175.56421541459503 4.2
3877.8 3464.6106983581853 173.6616807741229 4.2
3882.0 3420.504708699917 171.82248667249962 4.2
3886.2 3370.411747490538 169.67271140014796 4.2
3890.4 3345.6210008543903 168.78894551627582 4.2
3894.6 3366.2590631184207 170.19703892802303 4.2
3898.8 3417.931384428862 173.1824981374198 4.2
3903.0 3477.251892464058 176.5680009130967 4.2
3907.2 3543.936814680211 180.34163386827638 4.2
3911.4 3605.3280866853456 183.86031506796775 4.2
3915.6 3652.1164350018685 186.64656427748358 4.2
3919.8 3680.1492970026025 188.4829194352302 4.2
3924.0 3688.41056473165 189.3110655725715 4.2
3928.2 3675.107711740458 189.03229193501156 4.2
3932.4 3641.882081128114 187.724086652116 4.2
3936.6 3591.4570610541086 185.5205401088114 4.2
3940.8 3521.1170781791698 182.2753748346598 4.2
3945.0 3429.6297647146594 177.9180458966612 4.2
3949.2 3322.3623611722082 172.72054512126226 4.2
3953.4 3208.5716276495773 167.1598604846974 4.2
3957.6 3087.71679466496 161.20555383877925 4.2
3961.8 2968.329849800239 155.301625001183 4.2
3966.0 2873.821800588699 150.67597139220183 4.2
3970.2 2835.936385180772 149.00471117870916 4.2
3974.4 2865.168094732127 150.8592693549182 4.2
3978.6 2944.9959245893456 155.39033393824488 4.2
3982.8 3049.890574609637 161.26495510105167 4.2
3987.0 3163.069856249201 167.60230997914337 4.2
3991.2 3275.5955531546197 173.93060195217151 4.2
3995.4 3375.5203002825374 179.6139236115992 4.2
3999.6 3457.3562758556377 184.35545808928157 4.2
4003.8 3531.3478912192236 188.69656742688068 4.2
4008.0 3598.9667058598884 192.71343832267476 4.2
4012.2 3652.381274796309 195.9837214319667 4.2
4016.4 3684.472656997643 198.11985433442067 4.2
4020.6 3703.3223661193083 199.55012308574894 4.2
4024.8 3726.6331774780624 201.22595630176713 4.2
4029.0 3748.648501364636 202.83738362513475 4.2
4033.2 3748.3983469753603 203.24693262385463 4.2
4037.4 3729.732606828096 202.65624901997876 4.2
4041.6 3705.2933497686104 201.7474248518671 4.2
4045.8 3678.751350993903 200.7187760229684 4.2
4050.0 3642.2957601825065 199.14252068797856 4.2
4054.2 3596.3579915498453 197.03891165007946 4.2
4058.4 3532.934258692769 193.9652810300363 4.2
4062.6 3452.559138988537 189.9450586375785 4.2
4066.8 3368.058490468255 185.67951796705609 4.2
4071.0 3276.355736276287 180.997259826307 4.2
4075.2 3166.149367680273 175.27016681267008 4.2
4079.4 3030.572455076458 168.1109490815026 4.2
4083.6 2876.9933923129356 159.92044883174998 4.2
4087.8 2719.3053434123594 151.46629419204703 4.2
4092.0 2570.668078179902 143.48153030344187 4.2
4096.2 2448.9670858988147 136.96954087549062 4.2
4100.4 2381.6218443505127 133.47625101413692 4.2
4104.6 2384.6660737045995 133.92078920936197 4.2
4108.8 2455.021221754399 138.15417061965556 4.2
4113.0 2570.9630542267932 144.97462698629712 4.2
4117.2 2700.0345812579076 152.5639765550552 4.2
4121.4 2819.497547758854 159.6393680820134 4.2
4125.6 2924.2265636639167 165.90672865518516 4.2
4129.8 3020.919933260132 171.74179590243932 4.2
4134.0 3110.543721604104 177.19685112763463 4.2
4138.2 3185.7398051615132 181.849453400957 4.2
4142.4 3245.8555498782907 185.65728706769698 4.2
4146.6 3300.2357766738705 189.1507205362453 4.2
4150.8 3355.101310148625 192.68504111332976 4.2
4155.0 3402.257643855848 195.7888700665615 4.2
4159.2 3432.524501002204 197.9301710609358 4.2
4163.4 3446.9023409407505 199.1608632366528 4.2
4167.6 3458.829831557046 200.2534468097124 4.2
4171.8 3474.2918309252095 201.5542684814892 4.2
4176.0 3488.673085380772 202.79628735933744 4.2
4180.2 3491.138937721487 203.34804433131444 4.2
4184.4 3493.0987865483853 203.87125670081636 4.2
4188.6 3494.3586530818607 204.35440327531822 4.2
4192.8 3491.2179460094817 204.5803889699031 4.2
4197.0 3490.658126560915 204.9575872788945 4.2
4201.2 3491.809491066271 205.43573963428213 4.2
4205.4 3488.820567773297 205.67049816827637 4.2
4209.6 3478.7850355854584 205.4887261927533 4.2
4213.8 3472.557271545307 205.53036807594512 4.2
4218.0 3462.6141856309287 205.35061128797707 4.2
4222.2 3446.0030055543193 204.77267328858403 4.2
4226.4 3428.657146316733 204.1474690222635 4.2
4230.6 3416.404809642266 203.82244173055867 4.2
4234.8 3403.732691535492 203.4698195850483 4.2
4239.0 3385.278644717138 202.76827195212752 4.2
4243.2 3360.641993902973 201.6916876790355 4.2
4247.4 3328.0889814996513 200.133596532426 4.2
4251.6 3295.523841976187 198.56742318828938 4.2
4255.8 3269.5112364355423 197.38947866143752 4.2
4260.0 3248.463987339554 196.5060835221443 4.2
4264.2 3225.7456706373005 195.5167637256306 4.2
4268.4 3201.658688393441 194.43927810512267 4.2
4272.6 3175.0954265278306 193.20572894945002 4.2
4276.8 3136.9194853405766 191.25817174591967 4.2
4281.0 3089.3762181683765 188.72959154899775 4.2
4285.2 3036.6522627017325 185.87286795223324 4.2
4289.4 2983.6794273823975 182.98858547306932 4.2
4293.6 2934.7701298130505 180.34163386827638 4.2
4297.8 2878.9150604398064 177.255614428458 4.2
4302.0 2809.004549666097 173.28940079199532 4.2
4306.2 2725.592098168343 168.47210412522415 4.2
4310.4 2632.9226866384142 163.06171285985002 4.2
4314.6 2532.2359867192977 157.1317690545174 4.2
4318.8 2421.6706000697363 150.56360337721864 4.2
4323.0 2299.1895857922245 143.2267047088627 4.2
4327.2 2168.7790922596264 135.36550256888495 4.2
4331.4 2039.6735792247496 127.5545632325388 4.2
4335.6 1933.61870896017 121.1568574120526 4.2
4339.8 1879.7401759476572 118.00923634774617 4.2
4344.0 1893.0654161358848 119.07593490821321 4.2
4348.2 1965.17952815963 123.8511375912376 4.2
4352.4 2071.6655848145697 130.81453446286127 4.2
4356.6 2184.468972141754 138.20380496400384 4.2
4360.8 2285.540474983337 144.87718535447542 4.2
4365.0 2374.568807797831 150.81064590984613 4.2
4369.2 2456.9335160925834 156.34212118920456 4.2
4373.4 2531.3421660895297 161.38679612572696 4.2
4377.6 2596.145946126823 165.83645290101572 4.2
4381.8 2649.6478168607773 169.57897269806364 4.2
4386.0 2692.873794495645 172.6760080440585 4.2
4390.2 2730.9682046393264 175.45429342011877 4.2
4394.4 2764.56039915319 177.95246162583194 4.2
4398.6 2790.257697766706 179.95006174277347 4.2
4402.8 2807.238679133655 181.3911106594422 4.2
4407.0 2826.4620174418765 182.98184404862667 4.2
4411.2 2845.1145535968353 184.5406304640228 4.2
4415.4 2858.2561597446816 185.74622663818823 4.2
4419.6 2863.85697504994 186.4644308910633 4.2
4423.8 2862.2943028660884 186.71705980088223 4.2
4428.0 2861.607268851406 187.02686752035663 4.2
4432.2 2868.128175727213 187.80882690656878 4.2
4436.4 2879.2267030598377 188.89305909658353 4.2
4440.6 2874.841764859175 188.96266269198014 4.2
4444.8 2860.0446063489726 188.34582596149951 4.2
4449.0 2848.1603959647446 187.9178348724272 4.2
4453.2 2844.6762961180034 188.04249288091825 4.2
4457.4 2847.8823056162064 188.60968945215947 4.2
4461.6 2851.280813936972 189.1907940585469 4.2
4465.8 2850.5897288393585 189.50121551410237 4.2
4470.0 2848.2244383634165 189.70029226831866 4.2
4474.2 2846.049621088142 189.9118218316266 4.2
4478.4 2838.386238055204 189.75621104474388 4.2
4482.6 2824.0558489298483 189.15246268678615 4.2
4486.8 2819.991714552167 189.23436186449644 4.2
4491.0 2817.6246923490917 189.42966882529635 4.2
4495.2 2810.9117863748306 189.3319901610883 4.2
4499.4 2801.199542542326 189.03055089128065 4.2
4503.6 2792.065702305884 188.76609861873456 4.2
4507.8 2782.6076596512735 188.47771153165274 4.2
4512.0 2771.654374538865 188.0857962503072 4.2
4516.2 2760.2913336039505 187.66358130925684 4.2
4520.4 2754.022741948267 187.58581737992802 4.2
4524.6 2749.342669807119 187.6151910763317 4.2
4528.8 2742.577892883653 187.5011777484563 4.2
4533.0 2734.2474553202483 187.2785335331466 4.2
4537.2 2724.215175611514 186.93731474952168 4.2
4541.4 2714.1493613343214 186.59156187497507 4.2
4545.6 2705.2214476704344 186.3219410890656 4.2
4549.8 2696.8987499454156 186.09212707632008 4.2
4554.0 2691.158036429769 186.03900153413977 4.2
4558.2 2684.7169278021292 185.93622098447463 4.2
4562.4 2674.130131520823 185.54446355366554 4.2
4566.6 2661.186490400481 184.98648488435055 4.2
4570.8 2648.9442446515523 184.47435476921467 4.2
4575.0 2639.946087727612 184.1857386081458 4.2
4579.2 2633.552803795729 184.07720014689434 4.2
4583.4 2624.688291446224 183.79428370079333 4.2
4587.6 2612.102209801765 183.24831925382315 4.2
4591.8 2599.1977793506885 182.6770543354835 4.2
4596.0 2590.0086509862476 182.36437392217042 4.2
4600.2 2582.1402499232076 182.14279643240184 4.2
4604.4 2576.197558026802 182.05558226726927 4.2
4608.6 2570.912073060382 182.0136672461172 4.2
4612.8 2562.6187806364956 181.75735748445678 4.2
4617.0 2548.5755105162766 181.09063850230567 4.2
4621.2 2532.163389463835 180.25196174683177 4.2
4625.4 2518.480906180961 179.60399805362306 4.2
4629.6 2510.512083290868 179.36099314407815 4.2
4633.8 2508.087503235294 179.51303932650688 4.2
4638.0 2507.331553693583 179.78439791363672 4.2
4642.2 2504.2262304310384 179.88709151287836 4.2
4646.4 2497.10075148645 179.69996809427246 4.2
4650.6 2478.9472200044943 178.71623227485273 4.2
4654.8 2461.5870779428237 177.7853618498145 4.2
4659.0 2454.7984128745675 177.61514716069794 4.2
4663.2 2446.409587621277 177.32746270574665 4.2
4667.4 2442.0087232083883 177.32746270574665 4.2
4671.6 2440.4951852273143 177.53664150939898 4.2
4675.8 2433.9822202618557 177.381368024889 4.2
4680.0 2414.268392041895 176.26090676619467 4.2
4684.2 2392.3372097608453 174.9733875476148 4.2
4688.4 2379.336901421838 174.33476473416937 4.2
4692.6 2377.4214796632236 174.50665745078493 4.2
4696.8 2376.5180653626485 174.75274245333264 4.2
4701.0 2369.1510577337094 174.52273084810466 4.2
4705.2 2355.7276423485264 173.84411761837467 4.2
4709.4 2342.8155385198547 173.2000447935606 4.2
4713.6 2334.4888521650973 172.89243862081966 4.2
4717.8 2326.6882821465633 172.6219427463389 4.2
4722.0 2316.526588208881 172.17417076948155 4.2
4726.2 2306.051824144225 171.70067401603447 4.2
4730.4 2294.7401942826714 171.16225518906788 4.2
4734.6 2285.2549966463234 170.7575834229944 4.2
4738.8 2277.6159482435014 170.4888573316515 4.2
4743.0 2266.6423841331066 169.968327129784 4.2
4747.2 2252.299792261584 169.19206848819402 4.2
4751.4 2239.3298437644776 168.51555691981525 4.2
4755.6 2229.331322364477 168.05986099676196 4.2
4759.8 2214.8883834534545 167.26612659349476 4.2
4764.0 2195.461113050027 166.09172667201685 4.2
4768.2 2179.236317515394 165.15510407825766 4.2
4772.4 2171.9987983866677 164.89671351670984 4.2
4776.6 2163.4332797907714 164.53564574644625 4.2
4780.8 2143.503036745215 163.3066988927878 4.2
4785.0 2114.449759336352 161.37639146986987 4.2
4789.2 2087.2540242740674 159.5805655978239 4.2
4793.4 2066.7783884369614 158.29237673254272 4.2
4797.6 2048.9397268679354 157.20125179207673 4.2
4801.8 2029.649846084713 155.99403793065875 4.2
4806.0 2007.1032851991654 154.53113698644836 4.2
4810.2 1976.3278321761366 152.42773630604174 4.2
4814.4 1936.7649363174833 149.6373470837618 4.2
4818.6 1891.975473434478 146.4320019876721 4.2
4822.8 1847.0163940544485 143.2016427344914 4.2
4827.0 1803.6267054772638 140.08124726708053 4.2
4831.2 1756.593298326853 136.66584785448626 4.2
4835.4 1701.6272916491891 132.61968743216056 4.2
4839.6 1640.4625433935535 128.07489249342007 4.2
4843.8 1571.045810732996 122.86834259636795 4.2
4848.0 1494.1012613982336 117.05339111057955 4.2
4852.2 1413.448104389694 110.92667619714359 4.2
4856.4 1336.251955709354 105.04998627487939 4.2
4860.6 1287.056136545215 101.35752565823968 4.2
4864.8 1285.2134856120642 101.38740325488713 4.2
4869.0 1332.5935461845197 105.30669915652447 4.2
4873.2 1407.9420621741856 111.45306083299833 4.2
4877.4 1488.26581700193 118.01467099905148 4.2
4881.6 1559.4120080396256 123.86939031423718 4.2
4885.8 1617.4016594754512 128.696874539812 4.2
4890.0 1661.236774611888 132.41219959398973 4.2
4894.2 1700.7552856188452 135.79506896893898 4.2
4898.4 1740.2705140601913 139.1887068533908 4.2
4902.6 1775.2206166167718 142.22763875590488 4.2
4906.8 1803.1030230695699 144.70915248280505 4.2
4911.0 1826.9951163222206 146.87774627615042 4.2
4915.2 1849.9963292888344 148.98138247529232 4.2
4919.4 1871.375679779848 150.9607344223491 4.2
4923.6 1885.5746407396264 152.365976722402 4.2
4927.8 1896.1256285087627 153.4800740281902 4.2
4932.0 1906.2292043928687 154.56102884891894 4.2
4936.2 1912.1755435984753 155.30734662988579 4.2
4940.4 1915.9890760317064 155.8820110374469 4.2
4944.6 1922.6442155396442 156.68953798600907 4.2
4948.8 1932.1171231271333 157.72916346749497 4.2
4953.0 1934.0005744974244 158.15102099896959 4.2
4957.2 1929.498177388011 158.05054582239825 4.2
4961.4 1926.410204422645 158.06510348602387 4.2
4965.6 1930.073242586037 158.63389946891226 4.2
4969.8 1932.8200906807506 159.12851136289564 4.2
4974.0 1934.0588860212554 159.49974754657603 4.2
4978.2 1933.4483451793405 159.71878580741992 4.2
4982.4 1930.2611639664437 159.72467017333713 4.2
4986.6 1925.7867279617806 159.6231952392084 4.2
4990.8 1922.1749885819765 159.59232436163634 4.2
4995.0 1918.2900298652035 159.5379473412919 4.2
4999.2 1911.2268209584852 159.21793977526542 4.2
5003.4 1904.3676977514433 158.91320986666736 4.2
5007.6 1900.036715699227 158.8181014299817 4.2
5011.8 1898.1817393717747 158.92931077455208 4.2
5016.0 1896.4185688356072 159.04792225019168 4.2
5020.2 1891.904525182822 158.93516605459973 4.2
5024.4 1885.1800746135982 158.63536054784961 4.2
5028.6 1879.1051060116363 158.3886291447425 4.2
5032.8 1876.3502540003685 158.4207262865953 4.2
5037.0 1874.3097010215747 158.51267681632686 4.2
5041.2 1870.8777048206896 158.48639979184878 4.2
5045.4 1865.3745575880891 158.2836294142344 4.2
5049.6 1858.5202624311437 157.96468289384424 4.2
5053.8 1852.7172818802048 157.7335217455535 4.2
5058.0 1849.2328713227746 157.69865889271904 4.2
5062.2 1847.4243167752252 157.80617744502842 4.2
5066.4 1845.2971231915396 157.88613736930643 4.2
5070.6 1841.121928015778 157.7901903202224 4.2
5074.8 1834.270545766018 157.4635360981927 4.2
5079.0 1825.5462030791637 156.97409937088347 4.2
5083.2 1817.200550694114 156.5150124129013 4.2
5087.4 1812.481086838701 156.3666024963048 4.2
5091.6 1811.0760986636737 156.5034803854606 4.2
5095.8 1809.2080263731941 156.6000873618218 4.2
5100.0 1805.4809170202157 156.53519550565272 4.2
5104.2 1801.4984315349611 156.4472739182121 4.2
5108.4 1798.2060821723899 156.41845791948515 4.2
5112.6 1794.3932353524974 156.3435611599867 4.2
5116.8 1790.5743980728512 156.2672609814891 4.2
5121.0 1787.0129636570855 156.21257811417706 4.2
5125.2 1784.3811212990772 156.2384781393166 4.2
5129.4 1783.7751925975115 156.4415102938096 4.2
5133.6 1779.2673202540395 156.30180739146306 4.2
5137.8 1772.3392928105043 155.94806844337458 4.2
5142.0 1766.221268310229 155.66393331470155 4.2
5146.2 1758.182422231371 155.20867807259856 4.2
5150.4 1750.5210440218939 154.78468938951804 4.2
5154.6 1746.3661945326367 154.6692572596583 4.2
5158.8 1745.7734017740504 154.86882380793762 4.2
5163.0 1742.4366791685234 154.82461188795537 4.2
5167.2 1735.8760517666526 154.49271308627723 4.2
5171.4 1729.1035105435415 154.1402290480959 4.2
5175.6 1725.694227322898 154.08629049666965 4.2
5179.8 1726.1688378857427 154.37892057633354 4.2
5184.0 1722.3891022523908 154.2907890330001 4.2
5188.2 1713.4357973421445 153.73756565960727 4.2
5192.4 1707.2808626113183 153.43343219390624 4.2
5196.6 1702.8432680065496 153.2822970460286 4.2
5200.8 1695.5435482623573 152.87201850827853 4.2
5205.0 1686.6764726578551 152.31827054719477 4.2
5209.2 1684.5782571259206 152.37439701010126 4.2
5213.4 1684.500559268386 152.61316529825737 4.2
5217.6 1679.9319574962628 152.44458417307408 4.2
5221.8 1669.2323272744263 151.7176125623712 4.2
5226.0 1658.8932649767096 151.02053345222353 4.2
5230.2 1652.8165846386823 150.70928172123712 4.2
5234.4 1650.4084560975368 150.7314926982715 4.2
5238.6 1648.4310164914862 150.79258976489157 4.2
5242.8 1644.5181583168423 150.67597139220183 4.2
5247.0 1639.785819166658 150.4831938184988 4.2
5251.2 1634.2110245772753 150.21178259028233 4.2
5255.4 1628.297294475596 149.90772038909827 4.2
5259.6 1626.701328373737 150.00025591331874 4.2
5263.8 1624.6001733362255 150.04585410517714 4.2
5268.0 1617.8331206233313 149.65940008303156 4.2
5272.2 1607.9091297432067 148.97863816208593 4.2
5276.4 1604.108837146773 148.8634226440338 4.2
5280.6 1600.791287625374 148.79214340939498 4.2
5284.8 1594.836410036007 148.47454395510206 4.2
5289.0 1590.237976654765 148.28185144983195 4.2
5293.2 1584.180441271869 147.9517137387451 4.2
5297.4 1579.0784995924716 147.70935441558137 4.2
5301.6 1575.285732398333 147.58832367274047 4.2
5305.8 1569.0020243555575 147.2326062994436 4.2
5310.0 1567.4302086731816 147.31806302256635 4.2
5314.2 1567.117154283222 147.52173110460467 4.2
5318.4 1562.4828500357858 147.31806302256635 4.2
5322.6 1554.8252879602062 146.82770142450008 4.2
5326.8 1549.4318269091139 146.54938491726904 4.2
5331.0 1548.3455478643336 146.67766915536285 4.2
5335.2 1548.459482318917 146.91968887872727 4.2
5339.4 1543.0085779346236 146.63309453822745 4.2
5343.6 1534.4663617584338 146.05082011573245 4.2
5347.8 1526.3247301745855 145.50435764228487 4.2
5352.0 1520.8313108606856 145.20848689495878 4.2
5356.2 1518.5590501515046 145.21918664586127 4.2
5360.4 1518.7100178259284 145.46147933227277 4.2
5364.6 1518.0796697292799 145.62904448897942 4.2
5368.8 1513.5988988379613 145.426650009582 4.2
5373.0 1507.6466727121099 145.0814876031556 4.2
5377.2 1502.0516779893508 144.76914183841885 4.2
5381.4 1497.030697579156 144.5106984253954 4.2
5385.6 1491.7947214925157 144.23013167396235 4.2
5389.8 1488.0446219822497 144.0920433253577 4.2
5394.0 1485.2630280066567 144.04692773976095 4.2
5398.2 1481.3828516562078 143.89443557113086 4.2
5402.4 1474.6867606856513 143.46699438875436 4.2
5406.6 1470.7835863108273 143.30983632729664 4.2
5410.8 1469.2181745063658 143.3798098202931 4.2
5415.0 1466.8183446640417 143.3679251212219 4.2
5419.2 1462.4562946990163 143.16339870193528 4.2
5423.4 1457.9343929400795 142.94204794824242 4.2
5427.6 1452.6787616402307 142.64744589090773 4.2
5431.8 1446.297758786762 142.24073900881766 4.2
5436.0 1441.8708391115044 142.0247390511517 4.2
5440.2 1439.8177475838074 142.04174531969204 4.2
5444.4 1439.1206471937755 142.1922740993063 4.2
5448.6 1437.3396385677258 142.23549876286344 4.2
5452.8 1430.6128354666128 141.7881708839671 4.2
5457.0 1423.7880618529787 141.3292323397417 4.2
5461.2 1420.0155219596206 141.1718155422451 4.2
5465.4 1418.121201005159 141.20042373093494 4.2
5469.6 1415.931100262156 141.19912323296057 4.2
5473.8 1413.9804479552793 141.22123332761728 4.2
5478.0 1411.5660318556588 141.19652227294674 4.2
5482.2 1406.4085700077728 140.89643350406308 4.2
5486.4 1399.7237099163372 140.44167483621032 4.2
5490.6 1393.80379687284 140.0618956643675 4.2
5494.8 1390.4951409411526 139.9432643013222 4.2
5499.0 1389.9712432926917 140.10447271966316 4.2
5503.2 1389.7051336801187 140.29170715036565 4.2
5507.4 1388.289420882168 140.36279254424693 4.2
5511.6 1385.0258266511714 140.2464897358462 4.2
5515.8 1379.3682768299848 139.88656308705578 4.2
5520.0 1371.6872418696398 139.31952978221557 4.2
5524.2 1365.005708608849 138.8519553566418 4.2
5528.4 1361.7655341249808 138.7330710191684 4.2
5532.6 1360.262451152772 138.79058298292446 4.2
5536.8 1357.3491717199652 138.70368521927833 4.2
5541.0 1352.9475308743704 138.46372150057817 4.2
5545.2 1348.9840837264937 138.26746482532553 4.2
5549.4 1345.306359110303 138.09946623484572 4.2
5553.6 1341.7884897899055 137.9469173812813 4.2
5557.8 1338.4785812076404 137.81484468748732 4.2
5562.0 1335.4366338092889 137.7095312513643 4.2
5566.2 1332.010476825547 137.56374803063738 4.2
5570.4 1328.4355537756746 137.4016664457075 4.2
5574.6 1324.9571520544741 137.24862429056026 4.2
5578.8 1321.3311402063025 137.0793385000224 4.2
5583.0 1316.3943178583363 136.77288255958354 4.2
5587.2 1311.6827868051805 136.48848085333952 4.2
5591.4 1308.1457376655785 136.3251549539978 4.2
5595.6 1304.4394712320463 136.1432143154761 4.2
5599.8 1300.2899991509858 135.9139392526281 4.2
5604.0 1297.0866859099444 135.78256235683867 4.2
5608.2 1294.8464444125573 135.75130086569192 4.2
5612.4 1290.2801701423496 135.47526213057472 4.2
5616.6 1282.9870224630383 134.91119837187043 4.2
5620.8 1276.2418737946464 134.40270207467864 4.2
5625.0 1273.0228561632987 134.2641293609729 4.2
5629.2 1271.1941825991155 134.27154927597775 4.2
5633.4 1269.778811511907 134.32226300424912 4.2
5637.6 1268.319698881661 134.36804549393145 4.2
5641.8 1265.5458433447295 134.27402267210104 4.2
5646.0 1257.3943573727745 133.6078575552962 4.2
5650.2 1250.2406436049323 133.04544179780873 4.2
5654.4 1248.0736064270766 133.0123602786164 4.2
5658.6 1248.3928258748754 133.24410376647543 4.2
5662.8 1245.9677687311507 133.18275671582887 4.2
5667.0 1241.683269447179 132.92173457151085 4.2
5671.2 1237.0046381841455 132.6172445097379 4.2
5675.4 1231.3238824406442 132.20381872955187 4.2
5679.6 1225.3093674417182 131.75284442145178 4.2
5683.8 1220.5165685157338 131.43166207856984 4.2
5688.0 1217.368554083152 131.28647868344942 4.2
5692.2 1214.3977468870612 131.15957477555446 4.2
5696.4 1210.9446677728235 130.97970260205508 4.2
5700.6 1207.3803897428916 130.78682593089775 4.2
5704.8 1204.1827672532283 130.63272911150816 4.2
5709.0 1200.9285476726163 130.47160352695627 4.2
5713.2 1197.1219657987358 130.24948056248547 4.2
5717.4 1192.955105198626 129.98702373886067 4.2
5721.6 1188.4318137984444 129.68447851629412 4.2
5725.8 1182.2379776286964 129.19806224007976 4.2
5730.0 1175.9043874675287 128.69450387760875 4.2
5734.2 1172.6261690337474 128.5239309105389 4.2
5738.4 1173.9122080340755 128.8534348373386 4.2
5742.6 1175.2442133507993 129.18854292575926 4.2
5746.8 1171.356491085686 128.9496002077967 4.2
5751.0 1163.8433234080155 128.30985080746674 4.2
5755.2 1159.2695104132658 127.99234617136291 4.2
5759.4 1157.728622835988 128.0088511784818 4.2
5763.6 1156.4146618971822 128.05012300850723 4.2
5767.8 1153.572433515449 127.92163452711658 4.2
5772.0 1150.070887155345 127.71914425111096 4.2
5776.2 1147.1515871355775 127.5804119120315 4.2
5780.4 1143.8299660285143 127.39606096614241 4.2
5784.6 1139.773586404136 127.12881533954553 4.2
5788.8 1136.9049682894095 126.99306351044933 4.2
5793.0 1135.3825044315527 127.00710007820102 4.2
5797.2 1132.8089918788548 126.90303243990316 4.2
5801.4 1128.9836005902084 126.6578174344535 4.2
5805.6 1129.3668466540507 126.88433269581743 4.2
5809.8 1132.7625702715147 127.4500470114649 4.2
5814.0 1135.426954220392 127.934595403408 4.2
5818.2 1134.68669564759 128.0359711679704 4.2
5822.4 1132.2991420195128 127.95109296338752 4.2
5826.6 1129.7616949416686 127.84860686871268 4.2
5830.8 1127.1480512218411 127.73679052190197 4.2
5835.0 1123.4856611254027 127.5052302953678 4.2
5839.2 1118.6714474027951 127.14169588828653 4.2
5843.4 1115.3881399704867 126.95096311426276 4.2
5847.6 1114.237934053617 127.0024210499073 4.2
5851.8 1113.1515760041798 127.06092129534935 4.2
5856.0 1111.6885142017534 127.07613577250993 4.2
5860.2 1108.093426446439 126.8469414737182 4.2
5864.4 1102.3768503218978 126.37349600249019 4.2
5868.6 1097.1556303218301 125.95517046307113 4.2
5872.8 1095.4960919159341 125.94473008586992 4.2
5877.0 1095.2011049610255 126.09097415063799 4.2
5881.2 1092.8922785078034 126.00506421213126 4.2
5885.4 1087.9308320823604 125.61225148123994 4.2
5889.6 1084.5102337936644 125.3960914769773 4.2
5893.8 1082.2870596918676 125.31758009900479 4.2
5898.0 1079.035463202362 125.11921184428166 4.2
5902.2 1074.794440119866 124.80500442081042 4.2
5906.4 1072.3968851898912 124.70388970535355 4.2
5910.6 1070.7057027720746 124.68436562430473 4.2
5914.8 1066.8248573085589 124.40905751102683 4.2
5919.0 1061.0810898253073 123.91503389143737 4.2
5923.2 1056.7894294063067 123.58905172723429 4.2
5927.4 1054.2140090435637 123.46276529973281 4.2
5931.6 1051.2972822485326 123.29571969696805 4.2
5935.8 1048.7373510700288 123.16973300357452 4.2
5940.0 1045.5778268408096 122.9724993704013 4.2
5944.2 1041.2294136224957 122.63431229533217 4.2
5948.4 1036.3940829408707 122.23737077047943 4.2
5952.6 1033.2653235554603 122.04050610385528 4.2
5956.8 1032.1699639078538 122.08322689422117 4.2
5961.0 1031.8748109999253 122.22048422012294 4.2
5965.2 1030.4792149080697 122.22723856031106 4.2
5969.4 1026.4265855866354 121.91804781229715 4.2
5973.6 1021.9201865159661 121.55364878993238 4.2
5977.8 1019.7142615556861 121.46188030900977 4.2
5982.0 1020.0006237209617 121.66677599810994 4.2
5986.2 1016.2927080735597 121.39477653658163 4.2
5990.4 1010.0470609804232 120.8180995326914 4.2
5994.6 1006.1085414762525 120.5158033259417 4.2
5998.8 1005.4685459465692 120.60796784963189 4.2
6003.0 1004.1268220075331 120.61574398334953 4.2
6007.2 1002.4554287338864 120.58353183583979 4.2
6011.4 1001.9868011357943 120.69575617829547 4.2
6015.6 998.6179160477126 120.4580975841928 4.2
6019.8 994.6198662595405 120.14342265446363 4.2
6024.0 991.0312023254822 119.87703701319879 4.2
6028.2 987.5655903258966 119.62446266386202 4.2
6032.4 986.5179508754389 119.66413339300094 4.2
6036.6 988.6725035555653 120.09253159233609 4.2
6040.8 990.6228474284669 120.4969349464751 4.2
6045.0 987.3716295023065 120.26852923188008 4.2
6049.2 981.5973284924348 119.73138327408942 4.2
6053.4 975.6420496029317 119.17029104311354 4.2
6057.6 971.4312499077539 118.82067084119693 4.2
6061.8 969.8533002651351 118.79222039846664 4.2
6066.0 968.5553464181369 118.79769110835029 4.2
6070.2 965.4354772334862 118.5790591035874 4.2
6074.4 960.4316890280869 118.12776850709861 4.2
6078.6 955.8684411911685 117.7291477120284 4.2
6082.8 954.0479005486868 117.66735737832133 4.2
6087.0 949.3419042985288 117.2486902390278 4.2
6091.2 940.2330994351538 116.28401005359312 4.2
6095.4 939.8116695307812 116.39223292920407 4.2
6099.6 940.3348744860311 116.6175733196377 4.2
6103.8 937.2094628710763 116.39008892478697 4.2
6108.0 932.831489183797 116.00587922362911 4.2
6112.2 933.8005849299759 116.28615210394813 4.2
6116.4 937.0645219727451 116.85303588345324 4.2
6120.6 938.7398598038702 117.22277549504943 4.2
6124.8 937.5046515178861 117.22925364401554 4.2
6129.0 934.9965577996498 117.07603343326532 4.2
6133.2 930.7370466276692 116.70245711327972 4.2
6137.4 926.1138875871973 116.28186804269765 4.2
6141.6 924.1409173263999 116.1930093779424 4.2
6145.8 924.239251286031 116.36436395208287 4.2
6150.0 924.2873796707138 116.52953139198523 4.2
6154.2 922.0490886462037 116.40616992062141 4.2
6158.4 916.5865227839772 115.87453383958689 4.2
6162.6 909.5221822877893 115.1383496104418 4.2
6166.8 904.6186294900778 114.67374609016095 4.2
6171.0 904.0119302317623 114.7529872734364 4.2
6175.2 905.8393837986606 115.14153104456452 4.2
6179.4 907.1615568387689 115.46649953293878 4.2
6183.6 906.6475195034573 115.55799554021175 4.2
6187.8 904.4586538714694 115.43566256429219 4.2
6192.0 901.2626207421717 115.18395856719728 4.2
6196.2 899.1712242155894 115.07261964931564 4.2
6200.4 899.1866274778686 115.23064689930472 4.2
6204.6 900.3630790545174 115.53777506855891 4.2
6208.8 900.065082575852 115.65595525688808 4.2
6213.0 896.5252950556805 115.35701244092733 4.2
6217.2 890.8479358573637 114.78152750190023 4.2
6221.4 885.9577366806519 114.30572958738307 4.2
6225.6 883.0124517511728 114.07960269679783 4.2
6229.8 882.5697661832027 114.1763091644583 4.2
6234.0 881.8437857599122 114.23626625367915 4.2
6238.2 876.5539800119708 113.70406727847342 4.2
6242.4 868.6204842587845 112.82672963957782 4.2
6246.6 863.0299372083683 112.25146042165537 4.2
6250.8 861.8308733609701 112.2462911698942 4.2
6255.0 862.1734137051255 112.44185455182794 4.2
6259.2 863.701347531246 112.79244215529148 4.2
6263.4 865.2168302692185 113.14203869931825 4.2
6267.6 864.3919445536081 113.18581438658619 4.2
6271.8 858.4773735320201 112.5620515688967 4.2
6276.0 859.7800919526904 112.88389861042918 4.2
6280.2 857.5240432248142 112.73843453671687 4.2
6284.4 852.2708111183346 112.1977118375929 4.2
6288.6 851.5012934151251 112.2462911698942 4.2
6292.8 852.3724350656289 112.51126302477563 4.2
6297.0 851.5259120016419 112.54961143868239 4.2
6301.2 850.1327089952638 112.51540816924376 4.2
6305.4 847.9611787112135 112.37766396065182 4.2
6309.6 843.7807226286138 111.97266120056749 4.2
6313.8 839.5829551779311 111.56398021812139 4.2
6318.0 835.4221996581365 111.15883845368865 4.2
6322.2 831.9185224331694 110.83986802397366 4.2
6326.4 831.4420009482101 110.92361122215614 4.2
6330.6 832.5752719066496 111.22233284664286 4.2
6334.8 830.7673856527572 111.12812837451224 4.2
6339.0 826.8214810186403 110.74700750958341 4.2
6343.2 827.2417506769132 110.95017715246642 4.2
6347.4 833.5535773292306 111.94481939185557 4.2
6351.6 838.438041120369 112.74985706824343 4.2
6355.8 837.9860894022466 112.83816111706503 4.2
6360.0 833.5948510690886 112.39526095934735 4.2
6364.2 828.4181707301079 111.84485221471394 4.2
6368.4 823.6535741983897 111.34840489662443 4.2
6372.6 819.8831033015405 110.98492681559938 4.2
6376.8 816.9729221765712 110.73680780296145 4.2
6381.0 815.0340737653672 110.61957867330109 4.2
6385.2 815.1250592337691 110.77761226662302 4.2
6389.4 815.7500327231464 111.00844011191292 4.2
6393.6 816.6770104086686 111.2807387224558 4.2
6397.8 817.3572807658911 111.51980465051258 4.2
6402.0 813.7929348642798 111.17931655448389 4.2
6406.2 807.6966256342836 110.49127879349625 4.2
6410.4 803.1986969857824 110.02009104350486 4.2
6414.6 802.494555925476 110.06772751019464 4.2
6418.8 800.0508055604269 109.87629330520622 4.2
6423.0 795.6634539277704 109.41679766561649 4.2
6427.2 791.3664346013479 108.96825594561662 4.2
6431.4 788.2613124894585 108.68259513469216 4.2
6435.6 782.1448115374427 107.98016829114462 4.2
6439.8 776.0907285451958 107.28425753572975 4.2
6444.0 774.3729806914822 107.18647779313058 4.2
6448.2 777.2849452354727 107.72983632044536 4.2
6452.4 778.5288119707295 108.04284212118947 4.2
6456.6 777.7812889985523 108.0796675155352 4.2
6460.8 776.5271776557803 108.04582749648536 4.2
6465.0 773.3715582560268 107.74670552489836 4.2
6469.2 765.8577278930571 106.83855364169425 4.2
6473.4 755.9487752634587 105.59321182503484 4.2
6477.6 747.8749764653388 104.60103938754018 4.2
6481.8 743.912749278593 104.18183438066772 4.2
6486.0 744.2440410247268 104.3633472988675 4.2
6490.2 745.337709712109 104.65211264450973 4.2
6494.4 742.8603639813413 104.43931146604946 4.2
6498.6 732.2538137780058 103.08132682642487 4.2
6502.8 724.5568399057033 102.12968678504718 4.2
6507.0 715.9845340805215 101.05178746915175 4.2
6511.2 708.5380598317356 100.1299501613885 4.2
6515.4 701.4279828676125 99.25308169662381 4.2
6519.6 692.9842314687937 98.18474126185716 4.2
6523.8 683.0428945547834 96.90094223110681 4.2
6528.0 672.1233188834153 95.47463351859955 4.2
6532.2 659.45066130945 93.79506743990689 4.2
6536.4 644.3651027932278 91.76730972547408 4.2
6540.6 627.0729609956209 89.41945117621486 4.2
6544.8 608.42142007267 86.87123586415859 4.2
6549.0 587.5370709808277 83.9970434655406 4.2
6553.2 563.4227895910554 80.65290227739759 4.2
6557.4 539.0212688411195 77.25880741687425 4.2
6561.6 520.2184500816255 74.65931483631996 4.2
6565.8 516.8659890006656 74.27317681976638 4.2
6570.0 531.7585917125856 76.51102145138195 4.2
6574.2 556.8361610074346 80.22172567637791 4.2
6578.4 580.7653538944985 83.77607319941824 4.2
6582.6 599.9766155672658 86.65786797988915 4.2
6586.8 614.7411724220901 88.90373360441768 4.2
6591.0 627.0679893796101 90.80212244248222 4.2
6595.2 639.4952375106802 92.71969620562272 4.2
6599.4 649.573575893618 94.30093525683802 4.2
6603.6 655.7944501435471 95.32526033206602 4.2
6607.8 660.1634493805026 96.08243482702392 4.2
6612.0 665.8916436576154 97.03937707492594 4.2
6616.2 671.3546553933493 97.95982486253122 4.2
6620.4 675.8165060366711 98.73610706500031 4.2
6624.6 680.8350949459374 99.59556507347313 4.2
6628.8 686.2706455154068 100.51803729191492 4.2
6633.0 688.7177248250533 101.00433182638483 4.2
6637.2 687.0549069359105 100.88811320564162 4.2
6641.4 685.9966250181945 100.86024064069304 4.2
6645.6 687.8676095835604 101.26328223137698 4.2
6649.8 691.748279237658 101.96332751944833 4.2
6654.0 694.722975166543 102.53119049049636 4.2
6658.2 694.1472091239126 102.57558441522539 4.2
6662.4 691.6141143918911 102.33024172009048 4.2
6666.6 691.2902932231698 102.41132851650882 4.2
6670.8 694.7001850311266 103.04620448938019 4.2
6675.0 697.1828809610037 103.54473000172706 4.2
6679.2 697.2882687135407 103.69074623697195 4.2
6683.4 695.7838532713657 103.59719581076176 4.2
6687.6 693.7974136075601 103.43130398962886 4.2
6691.8 691.8936575817266 103.27709178892722 4.2
6696.0 690.268992212341 103.1639589557776 4.2
6700.2 689.0674283800539 103.1136119608379 4.2
6704.4 688.7306649819154 103.19246814957062 4.2
6708.6 688.0333014585083 103.21718249025164 4.2
6712.8 686.4957272838876 103.11551140125803 4.2
6717.0 683.745621283196 102.8309859813851 4.2
6721.2 680.3675898615996 102.45095239408225 4.2
6725.4 679.1051369708593 102.38869318170482 4.2
6729.6 679.8024926782398 102.6218879092469 4.2
6733.8 680.2504349158891 102.81772731887742 4.2
6738.0 678.8647232346462 102.73631874578234 4.2
6742.2 678.1690913543952 102.7590309310751 4.2
6746.4 678.4925448604017 102.93616876928407 4.2
6750.6 678.2729611488066 103.03102015835358 4.2
6754.8 676.731302307156 102.92479247216171 4.2
6759.0 673.7400459429591 102.59731610600623 4.2
6763.2 670.3055167652802 102.20120114912964 4.2
6767.4 667.4481914905683 101.89197960528202 4.2
6771.6 665.3507673436708 101.69790348969144 4.2
6775.8 664.0428390280179 101.62393329174297 4.2
6780.0 663.7398104707903 101.70352367881824 4.2
6784.2 663.7858184356882 101.83662551764156 4.2
6788.4 664.242111020073 102.03284586184036 4.2
6792.6 663.4270470539032 102.03378562340693 4.2
6796.8 661.260031193597 101.826308590457 4.2
6801.0 659.0763153018196 101.6155097217352 4.2
6805.2 657.7236648922823 101.53224755682739 4.2
6809.4 655.6794341523268 101.34165676633474 4.2
6813.6 652.9019808877974 101.03689702462383 4.2
6817.8 650.9516626369256 100.8593116878246 4.2
6822.0 648.7745790673287 100.64587965675497 4.2
6826.2 646.3135154043626 100.38758346518706 4.2
6830.4 644.6574111624443 100.25360539605173 4.2
6834.6 644.8089401299833 100.40052875316255 4.2
6838.8 643.9222748707788 100.38573427459366 4.2
6843.0 640.5782294273137 99.98710635478096 4.2
6847.2 636.9527661225914 99.54329217996171 4.2
6851.4 635.0656283230196 99.37016249488919 4.2
6855.6 628.7157130510044 98.49722610555263 4.2
6859.8 634.6734732570733 99.55246087821631 4.2
6864.0 632.5148191691503 99.33538972561885 4.2
6868.2 629.7430573931516 99.02115780183632 4.2
6872.4 628.9156420459515 99.01203803614922 4.2
6876.6 627.3844190535682 98.89173581717367 4.2
6880.8 624.3201979349193 98.52898297811478 4.2
6885.0 622.3423644463257 98.33678376293727 4.2
6889.2 621.7269152824297 98.35942925123392 4.2
6893.4 620.6379032907818 98.30689970143153 4.2
6897.6 619.4428489883117 98.23720553721945 4.2
6901.8 619.3448267352422 98.34131244346075 4.2
6906.0 619.9948851981343 98.56438126864481 4.2
6910.2 620.5603455664005 98.77430896585537 4.2
6914.4 620.2521162660529 98.84529457149998 4.2
6918.6 617.3689875557426 98.5053911807655 4.2
6922.8 612.6009764459172 97.86333238103552 4.2
6927.0 607.0813335393002 97.09927785658324 4.2
6931.2 601.3847257647593 96.30481471044303 4.2
6935.4 597.5444630249866 95.8058437483862 4.2
6939.6 596.9753213847599 95.83055425859582 4.2
6943.8 597.6388862123763 96.05323585099437 4.2
6948.0 598.4634545672403 96.30215374683658 4.2
6952.2 597.3773335435396 96.24363114550958 4.2
6956.4 594.9988987017831 95.9762992590876 4.2
6960.6 593.2310858326745 95.8067261568805 4.2
6964.8 592.9580304365641 95.87822824236845 4.2
6969.0 593.5486556588214 96.08951470328138 4.2
6973.2 594.4304000009053 96.34828752551503 4.2
6977.4 594.5577068007195 96.48504417032609 4.2
6981.6 593.4598313145865 96.42285801209532 4.2
6985.8 591.0564473171104 96.14794359144602 4.2
6990.0 588.5710588759848 95.858802645955 4.2
6994.2 586.9771037271237 95.7141176257206 4.2
6998.4 585.8949193654332 95.65242834201142 4.2
7002.6 584.906726500968 95.60574719120514 4.2
7006.8 583.3078379580026 95.4588064609005 4.2
7011.0 580.9159762021269 95.18138061690821 4.2
7015.2 579.2968147953686 95.02984042632536 4.2
7019.4 579.1049431316396 95.11215022647096 4.2
7023.6 579.7993369894825 95.34018712821569 4.2
7027.8 580.0460415885217 95.49486080002201 4.2
7032.0 578.9213025583022 95.42364461438918 4.2
7036.2 576.5976972879441 95.15420825593739 4.2
7040.4 574.7918295746811 94.96946686733123 4.2
7044.6 574.6144959423194 95.05347530870263 4.2
7048.8 574.4164627207829 95.13405312996728 4.2
7053.0 572.5922782852397 94.94497839391366 4.2
7057.2 569.876047925982 94.60715876933628 4.2
7061.4 567.8473825200074 94.38261371804255 4.2
7065.6 567.8938427345258 94.50265283602076 4.2
7069.8 569.2289750992782 94.83747880222496 4.2
7074.0 569.2606230118993 94.95547268065002 4.2
7078.2 567.4290879218107 94.76238879560381 4.2
7082.4 564.6409247592187 94.40869620123081 4.2
7086.6 562.9183615613705 94.23234526030598 4.2
7090.8 562.0497806587592 94.19850277185411 4.2
7095.0 559.8458395514714 93.94031237775836 4.2
7099.2 557.5071376954082 93.65867295648626 4.2
7103.4 556.7557523636048 93.64314693489976 4.2
7107.6 556.5898693365993 93.72598213529213 4.2
7111.8 554.9453096794875 93.55952322539258 4.2
7116.0 552.8780852484482 93.32113238377516 4.2
7120.2 552.0327826566853 93.28847636185793 4.2
7124.4 551.7732788926887 93.35465966130165 4.2
7128.6 551.163897047919 93.36153854025311 4.2
7132.8 550.1297876111344 93.29620964995249 4.2
7137.0 548.0874543040709 93.0593468389484 4.2
7141.2 545.7262723585256 92.76753141859218 4.2
7145.4 544.1318699966334 92.6053334777496 4.2
7149.6 543.0224250069806 92.5251930701064 4.2
7153.8 541.0328886078725 92.29453795845943 4.2
7158.0 537.504205545195 91.80027876455918 4.2
7162.2 537.7400289450424 91.94836264139529 4.2
7166.4 541.6355539752682 92.72311218839175 4.2
7170.6 544.5656721016876 93.33402606531618 4.2
7174.8 544.2690713457989 93.39249976862442 4.2
7179.0 543.7776431488458 93.41744822496194 4.2
7183.2 542.6968960160816 93.34090342387131 4.2
7187.4 540.5870330116124 93.08677834549907 4.2
7191.6 537.9057753762897 92.73336089182952 4.2
7195.8 535.7313812967019 92.46641074260589 4.2
7200.0 534.6483881501532 92.38724147234649 4.2
7204.2 533.4254505228921 92.28348778659766 4.2
7208.4 530.5905352762636 91.90010339445563 4.2
7212.6 526.4844634037321 91.29521169520955 4.2
7216.8 523.1423935528475 90.82135980445692 4.2
7221.0 524.7863916515413 91.21284459616683 4.2
7225.2 526.4844010472837 91.61445449465755 4.2
7229.4 527.7894990350258 91.94836264139529 4.2
7233.6 526.681756571111 91.8620218812722 4.2
7237.8 526.7057970190505 91.97292531737335 4.2
7242.0 526.0078357823069 91.95767874619416 4.2
7246.2 524.1029706889168 91.73097297066042 4.2
7250.4 522.1764973380843 91.49976949521952 4.2
7254.6 520.856767843063 91.37428675831782 4.2
7258.8 518.6132324301227 91.0860774649171 4.2
7263.0 516.1657294306816 90.76115208402054 4.2
7267.2 515.1468275547505 90.68678381058731 4.2
7271.4 514.0497863748776 90.59828986427263 4.2
7275.6 513.6456638066848 90.63167365688714 4.2
7279.8 514.311646261041 90.85398899419903 4.2
7284.0 515.0215249872738 91.08439961281731 4.2
7288.2 512.9094385002907 90.81550452375289 4.2
7292.4 510.3925069830287 90.4740434160732 4.2
7296.6 509.03093590556125 90.33665387715544 4.2
7300.8 510.69352537749666 90.7360773152902 4.2
7305.0 510.6799582192189 90.83809125817044 4.2
7309.2 505.90103000114516 90.09153778191319 4.2
7313.4 501.9663445252185 89.49360442822876 4.2
7317.6 499.5971158700225 89.17353844936692 4.2
7321.8 497.1569687752037 88.83988751643408 4.2
7326.0 493.150441266586 88.22506764099819 4.2
7330.2 489.73101177789215 87.7138148987632 4.2
7334.4 487.2996186242587 87.37838229273763 4.2
7338.6 487.47777657098175 87.51046670539979 4.2
7342.8 488.249555107198 87.74936856240998 4.2
7347.0 488.17234732443586 87.83588875456151 4.2
7351.2 487.04913646755136 87.73401407645446 4.2
7355.4 486.0720665309933 87.65808929557758 4.2
7359.6 485.18217076610085 87.59755814179685 4.2
7363.8 484.06678683754456 87.49595988662668 4.2
7368.0 483.17229096294153 87.43393008185525 4.2
7372.2 482.56413072047764 87.42346185724169 4.2
7376.4 481.95704881299264 87.41299488595992 4.2
7380.6 481.8300889083929 87.48951318356161 4.2
7384.8 481.8987267179592 87.601592251316 4.2
7389.0 481.2535228182615 87.58384355896484 4.2
7393.2 479.86198373284736 87.42990369328658 4.2
7397.4 477.9110242839192 87.17340301417165 4.2
7401.6 475.7447808211019 86.87683684026675 4.2
7405.8 474.85530690216257 86.81284719879811 4.2
7410.0 475.0122817784811 86.94007289707005 4.2
7414.2 473.56179777867624 86.7728776092746 4.2
7418.4 472.21606857170724 86.6243522275077 4.2
7422.6 472.49926813204075 86.77447603947184 4.2
7426.8 474.121661037562 87.17099435730887 4.2
7431.0 474.3760255173211 87.31643584398792 4.2
7435.2 472.63724751511893 87.09475463616182 4.2
7439.4 469.151850796226 86.55018489801577 4.2
7443.6 466.13015604519666 86.0898596896975 4.2
7447.8 465.68177663908244 86.10413337724081 4.2
7452.0 466.11337198904596 86.28116490586929 4.2
7456.2 465.6741786978762 86.29705994774137 4.2
7460.4 464.23836486065215 86.12792811572898 4.2
7464.6 462.7262888812182 85.94408653416257 4.2
7468.8 461.76349302558486 85.86180222335943 4.2
7473.0 461.0364794129431 85.82306096136433 4.2
7477.2 459.5568671203836 85.64381407669403 4.2
7481.4 456.9613871196994 85.25581296279393 4.2
7485.6 454.84981434532637 84.95716271561173 4.2
7489.8 454.82969677239 85.04876273440804 4.2
7494.0 456.6693635630505 85.4885596593267 4.2
7498.2 458.3309808134631 85.8958140642257 4.2
7502.4 458.67896507390884 86.0573562338029 4.2
7506.6 457.6639512547686 85.9630864169889 4.2
7510.8 456.0252178842316 85.75115927355563 4.2
7515.0 453.77366197893167 85.42323219778037 4.2
7519.2 451.01395683914984 84.99864451185636 4.2
7523.4 448.06079920363766 84.53644878632102 4.2
7527.6 445.78370309376817 84.20075777432984 4.2
7531.8 444.13571306074545 83.98311907531794 4.2
7536.0 443.2201283296955 83.90348500376575 4.2
7540.2 443.6939672320521 84.08683382080886 4.2
7544.4 444.04587696479115 84.24730169202687 4.2
7548.6 443.1721181402827 84.17516958110444 4.2
7552.8 445.3129095794735 84.67593483124726 4.2
7557.0 444.2325838494621 84.56448337462821 4.2
7561.2 442.98783834258217 84.42129308912659 4.2
7565.4 442.2842401591355 84.38087023002709 4.2
7569.6 441.4356396159223 84.31250640340885 4.2
7573.8 439.5067905937672 84.03728245150423 4.2
7578.0 436.61238705469253 83.57646538147762 4.2
7582.2 440.7768561597885 84.467180937753 4.2
7586.4 443.5410084998989 85.0910729700733 4.2
7590.6 440.8441098055493 84.66735642981685 4.2
7594.8 435.183650874128 83.67274175363485 4.2
7599.0 429.8811140553851 82.74466461595506 4.2
7603.2 427.64207234455466 82.4047032935838 4.2
7607.4 430.68599561218684 83.08296750570496 4.2
7611.6 435.05617760952975 84.01870821707271 4.2
7615.8 434.99292547922636 84.09922622765706 4.2
7620.0 431.9040853628691 83.59417191381259 4.2
7624.2 426.3602361762706 82.61216428141728 4.2
7628.4 420.1751267605564 81.50345138953324 4.2
7632.6 418.93654691620895 81.3527053887092 4.2
7636.8 422.23518528241 82.08352527642961 4.2
7641.0 425.30927655658945 82.77210499984187 4.2
7645.2 427.0350796320847 83.19936276802909 4.2
7649.4 427.6716987646556 83.41497039573902 4.2
7653.6 426.7973682786034 83.33587505141082 4.2
7657.8 425.3762276346823 83.1495685354877 4.2
7662.0 425.1801290623814 83.20242800229218 4.2
7666.2 424.8200095509402 83.223121287585 4.2
7670.4 422.3040340298991 82.82091037554328 4.2
7674.6 419.9076202856471 82.44114216528463 4.2
7678.8 420.02442145106664 82.55435716831457 4.2
7683.0 421.27684408834193 82.89111852407802 4.2
7687.2 416.8548837871587 82.11074640850892 4.2
7691.4 415.2201862150066 81.87814596303465 4.2
7695.6 414.3318153360634 81.7922207631066 4.2
7699.8 414.65066423346065 81.94453591647357 4.2
7704.0 413.7258972461233 81.85100194202455 4.2
7708.2 412.69699412452616 81.73649302602361 4.2
7712.4 412.34635775476255 81.75606871377563 4.2
7716.6 412.71787377818885 81.91887887366258 4.2
7720.8 413.2383792021539 82.11150267991373 4.2
7725.0 413.3826819235143 82.22956635987308 4.2
7729.2 412.9677754897475 82.23638290304484 4.2
7733.4 411.9915479937147 82.13116818154889 4.2
7737.6 410.7491799310436 81.97246594673156 4.2
7741.8 409.7560356663019 81.86306484023302 4.2
7746.0 408.6450752450448 81.72971791853837 4.2
7750.2 407.0646926028943 81.50195005430331 4.2
7754.4 406.2495147711348 81.42691854279758 4.2
7758.6 406.4232370262647 81.55000650149411 4.2
7762.8 406.01722661953954 81.55676671153272 4.2
7767.0 405.0705264565775 81.45467214800547 4.2
7771.2 404.651432771663 81.45842336065573 4.2
7775.4 404.10644245281594 81.43666873176113 4.2
7779.6 403.0572332753596 81.31300291617842 4.2
7783.8 402.46666757386544 81.28155434105648 4.2
7788.0 402.2289905249055 81.32124145827876 4.2
7792.2 401.1742717243976 81.1955073792387 4.2
7796.4 399.0368735269492 80.84999548693398 4.2
7800.6 396.52377980313895 80.42739456183497 4.2
7804.8 394.57148601263617 80.11761270936148 4.2
7809.0 394.51762414563103 80.19291494459264 4.2
7813.2 396.88379971726187 80.7606861328975 4.2
7817.4 399.03279096644536 81.2852975811542 4.2
7821.6 397.845133765975 81.1304715107377 4.2
7825.8 394.50432190983673 80.53561880777858 4.2
7830.0 392.28502573827745 80.1685447149516 4.2
7834.2 391.7346120675871 80.14196745631318 4.2
7838.4 391.5600817387679 80.19217634395187 4.2
7842.6 391.2488955932213 80.21433732264262 4.2
7846.8 391.0102011069778 80.25128589718528 4.2
7851.0 390.2467545678224 80.18035965883034 4.2
7855.2 388.0420235634838 79.81269946833606 4.2
7859.4 385.15759806048237 79.30416559109736 4.2
7863.6 383.60338136733435 79.06859104526512 4.2
7867.8 384.20820171442864 79.27787488908375 4.2
7872.0 385.7083882687547 79.67241838753095 4.2
7876.2 385.6095521059973 79.73701985212016 4.2
7880.4 383.2310861574827 79.32973435460435 4.2
7884.6 380.38021831892485 78.82355173845106 4.2
7888.8 378.4629438114594 78.50982331709326 4.2
7893.0 377.9941243659075 78.49608557744506 4.2
7897.2 378.2709420558252 78.63719250957229 4.2
7901.4 377.73320068525936 78.60895084507756 4.2
7905.6 377.0158265672163 78.54309306536987 4.2
7909.8 377.26824326732026 78.67921169981018 4.2
7914.0 376.91651145572905 78.68935762640767 4.2
7918.2 374.7592149894556 78.32204167532221 4.2
7922.4 372.36060103474455 77.90332603383932 4.2
7926.6 371.7640312759609 77.8610040811845 4.2
7930.8 373.1429656544791 78.23264252548357 4.2
7935.0 374.5410231528025 78.60895084507756 4.2
7939.2 374.1655247517964 78.6132950562728 4.2
7943.4 372.4812273103878 78.34224271457697 4.2
7947.6 371.1805855384792 78.15126281450586 4.2
7951.8 370.92863215294403 78.1807801763581 4.2
7956.0 370.70095581446185 78.21535125427545 4.2
7960.2 369.06706886556503 77.95285038314111 4.2
7964.4 366.7373371969525 77.54253593856416 4.2
7968.6 365.67999349470267 77.40054166925208 4.2
7972.8 365.93800414042 77.53682260385985 4.2
7977.0 366.4561972858838 77.72844867007908 4.2
7981.2 366.30670394389807 77.7785782110153 4.2
7985.4 364.2939039143721 77.43262815817991 4.2
7989.6 361.6256114543552 76.94634581586288 4.2
7993.8 360.93973751330554 76.8811728447125 4.2
7998.0 360.78664661834864 76.92933884676373 4.2
8002.2 358.8809877968877 76.60339188918412 4.2
8006.4 357.3178296062099 76.34981692095802 4.2
8010.6 357.61124131063605 76.49270163868691 4.2
8014.8 358.201892214089 76.69940590106822 4.2
8019.0 358.02456666771127 76.7418032728969 4.2
8023.2 357.2514647616705 76.65632591831613 4.2
8027.4 356.28328380013653 76.52864079354953 4.2
8031.6 355.5536264953823 76.45185016963268 4.2
8035.8 355.44385978094795 76.50820273310548 4.2
8040.0 356.05833546018135 76.72060165827621 4.2
8044.2 356.32273664717627 76.85780903709129 4.2
8048.4 355.37113547917124 76.7326151872972 4.2
8052.6 354.13512231184046 76.54555917928815 4.2
8056.8 353.49891797308555 76.48777013093512 4.2
8061.0 353.5732596798946 76.58363922353367 4.2
8065.2 353.47196306141365 76.64150070416663 4.2
8069.4 352.21412345571554 76.4483295128889 4.2
8073.6 350.49255477857974 76.15387380828629 4.2
8077.8 349.3711684614976 75.98922233273342 4.2
8082.0 348.5230953603597 75.88361291156338 4.2
8086.2 347.94635974558736 75.83680012542672 4.2
8090.4 347.9439314197408 75.91507055582504 4.2
8094.6 347.1926073930282 75.8298156196609 4.2
8098.8 345.1277708162438 75.45708085457694 4.2
8103.0 343.1954938256832 75.11246246554147 4.2
8107.2 342.2437145092755 74.98182385909362 4.2
8111.4 341.9303240532539 74.99080230215017 4.2
8115.6 341.5104424676302 74.97629919767638 4.2
8119.8 339.73679882055114 74.66412845540216 4.2
8124.0 335.9273973954572 73.90332869801398 4.2
8128.2 333.350025238672 73.41215958237792 4.2
8132.4 334.83881119135947 73.81625365957883 4.2
8136.6 336.52964084587086 74.26565230731204 4.2
8140.8 337.3176640370447 74.5164231105623 4.2
8145.0 337.8804605125641 74.71778692625176 4.2
8149.2 338.72503918785156 74.98182385909362 4.2
8153.4 338.3262979940265 74.97077494331685 4.2
8157.6 336.0751817177817 74.54868720954352 4.2
8161.8 333.49502364551154 74.0525469226302 4.2
8166.0 332.64002417151573 73.93873226560875 4.2
8170.2 332.21855049563175 73.92102836229878 4.2
8174.4 331.5075959854633 73.83869287260706 4.2
8178.6 330.2108342138268 73.6254564050522 4.2
8182.8 330.20632040172796 73.70008691063701 4.2
8187.0 330.7498637388979 73.89720287860445 4.2
8191.2 331.03216526614153 74.0361795517834 4.2
8195.4 331.36370991685254 74.1863492939638 4.2
8199.6 331.7660340102954 74.35257264917242 4.2
8203.8 329.7183564553953 73.96938365722714 4.2
8208.0 325.92566415608064 73.19341321411548 4.2
8212.2 323.9740458211632 72.82961262799964 4.2
8216.4 325.76326333526305 73.30675577085682 4.2
8220.6 325.7783514554708 73.38511852474267 4.2
8224.8 323.42572655517904 72.92962828277874 4.2
8229.0 322.3941331883309 72.77127766264583 4.2
8233.2 323.0010424507483 72.98271242216978 4.2
8237.4 323.86270872101153 73.25208657208128 4.2
8241.6 322.66078766177435 73.05467280668258 4.2
8245.8 319.0447929175889 72.30960680584782 4.2
8250.0 318.6760002403722 72.29961755453445 4.2
8254.2 319.1855922018446 72.48898187070495 4.2
8258.4 318.43839481105397 72.39290425787104 4.2
8262.6 316.556909535856 72.03839031117221 4.2
8266.8 316.07809058081835 72.00257032248744 4.2
8271.0 316.0888766745828 72.07821119875383 4.2
8275.2 316.2920361108415 72.19780598167883 4.2
8279.4 316.06726954967075 72.21975320696039 4.2
8283.6 316.92391767604454 72.48898187070495 4.2
8287.8 318.5068157935141 72.92492648745048 4.2
8292.0 316.92366374572515 72.63601338670685 4.2
8296.2 315.03211454654735 72.27564898129927 4.2
8300.4 312.1901606913074 71.6961772088053 4.2
8304.6 310.84781333355653 71.46016259038197 4.2
8308.8 309.76806594236365 71.28398990093773 4.2
8313.0 308.3625963717937 71.03232008542896 4.2
8317.2 308.184622511159 71.06307563850619 4.2
8321.4 310.00768331235855 71.55566134642304 4.2
8325.6 309.6122757587989 71.53655139077053 4.2
8329.8 308.6967851395971 71.39700596344258 4.2
8334.0 306.7285930105831 71.01334989549252 4.2
8338.2 306.24474059368276 70.97280992993115 4.2
8342.4 306.25503378250016 71.04671464434482 4.2
8346.6 304.8302433039127 70.78740633793292 4.2
8350.8 304.05005732825845 70.67730808475812 4.2
8355.0 303.72766141730216 70.67340242029243 4.2
8359.2 304.2676795182451 70.87025574902808 4.2
8363.4 305.21615556415543 71.16263160742288 4.2
8367.6 305.26107705639373 71.24460779501352 4.2
8371.8 304.1862405834202 71.06503921097762 4.2
8376.0 303.67701186545065 71.01727434666962 4.2
8380.2 304.3157903690543 71.23804622631522 4.2
8384.4 305.0684363945449 71.48583592547828 4.2
8388.6 305.6710315139084 71.69881864224362 4.2
8392.8 306.02401354314884 71.85351198403752 4.2
8397.0 305.85314342660877 71.88528518143701 4.2
8401.2 304.78852157667296 71.70674352646836 4.2
8405.4 302.35174773717677 71.20459162488957 4.2
8409.6 300.0064391916952 70.7228901215743 4.2
8413.8 299.701478811518 70.7215873697933 4.2
8418.0 299.7308269466166 70.7991428806995 4.2
8422.2 298.05345063813985 70.47320128213255 4.2
8426.4 297.2193721019263 70.34609593813381 4.2
8430.6 299.0310504111313 70.84545600039714 4.2
8434.8 300.14538908349743 71.18033047359114 4.2
8439.0 298.05422396916646 70.75481503761212 4.2
8443.2 294.9138040332685 70.07901678313416 4.2
8447.4 293.82391160011736 69.8895107053377 4.2
8451.6 294.8243745183626 70.19723402461588 4.2
8455.8 295.01754867156257 70.31306021177454 4.2
8460.0 293.23278736498605 69.95713254723945 4.2
8464.2 292.1792845257444 69.77502487693627 4.2
8468.4 293.21253166341097 70.09128143659157 4.2
8472.6 293.4349554260264 70.21404608840037 4.2
8476.8 291.29791859635736 69.77181169228038 4.2
8481.0 289.9740460001835 69.52355962428601 4.2
8485.2 291.0429529505255 69.84896897920511 4.2
8489.4 291.2938132340861 69.9783986359693 4.2
8493.6 289.3114660409486 69.57096061383642 4.2
8497.8 287.641962824779 69.23791798955911 4.2
8502.0 287.4584327651898 69.2621550127757 4.2
8506.2 288.19475674155973 69.508193267149 4.2
8510.4 289.19934750727464 69.81938193947101 4.2
8514.6 288.6720616239973 69.76088797121848 4.2
8518.8 286.2255577170966 69.23791798955911 4.2
8523.0 284.4777326191754 68.88299154636692 4.2
8527.2 284.7294284361598 69.01190248813921 4.2
8531.4 285.2151860942368 69.19775424136864 4.2
8535.6 284.33161067491415 69.05132237517705 4.2
8539.8 282.78857225484325 68.74419013936681 4.2
8544.0 282.0582294144427 68.63410898509213 4.2
8548.2 281.947277485867 68.67457809572919 4.2
8552.4 281.774212717987 68.69988340642017 4.2
8556.6 281.77262259437845 68.76698758468997 4.2
8560.8 281.72964798115714 68.8240142795928 4.2
8565.0 280.83971272489595 68.67394558240335 4.2
8569.2 279.41434348906336 68.39242455155721 4.2
8573.4 278.91963068632424 68.33827309500938 4.2
8577.6 279.7471527228846 68.60819599438274 4.2
8581.8 279.9989976693635 68.73722576087899 4.2
8586.0 278.4783816559948 68.43086031579138 4.2
8590.2 276.35969456979734 67.9766878728353 4.2
8594.4 275.35320082413205 67.79536449241934 4.2
8598.6 276.05127791533664 68.033685803022 4.2
8602.8 277.12620967520206 68.36534346168462 4.2
8607.0 276.7538357280908 68.34016137736403 4.2
8611.2 275.35305707801564 68.06063551564343 4.2
8615.4 274.53793514527354 67.92536800340802 4.2
8619.6 274.3866830809989 67.95415242553041 4.2
8623.8 273.79398496286205 67.87346173800837 4.2
8628.0 272.6195407508936 67.64816179493889 4.2
8632.2 271.94574420390745 67.54667878838772 4.2
8636.4 272.19726505660924 67.67495879260589 4.2
8640.6 272.5871965870607 67.83783824177017 4.2
8644.8 272.4277567668467 67.8640853204506 4.2
8649.0 272.15571625447154 67.86221019238235 4.2
8653.2 272.25744934945305 67.95352654753907 4.2
8657.4 271.56030459407293 67.8453363710881 4.2
8661.6 268.82707530517695 67.22766077621701 4.2
8665.8 265.99160588277897 66.58309826286906 4.2
8670.0 265.6899088208283 66.5720606238732 4.2
8674.2 266.8249224719062 66.92124315681296 4.2
8678.4 267.14923057157216 67.06748178763098 4.2
8682.6 266.89329715252376 67.06809950481092 4.2
8686.8 266.87605510172796 67.12866339599287 4.2
8691.0 267.0384231620806 67.23447220727658 4.2
8695.2 266.45145936265163 67.15154357438254 4.2
8699.4 264.3569023083171 66.68804714941636 4.2
8703.6 262.56413768248825 66.29976667201065 4.2
8707.8 262.6542082262873 66.38653476556728 4.2
8712.0 262.91388413151066 66.51628722840006 4.2
8716.2 262.15061499704814 66.38714621096447 4.2
8720.4 261.5413988579754 66.29671352522445 4.2
8724.6 261.6532931244264 66.3889805809456 4.2
8728.8 261.8714597983673 66.50832341578732 4.2
8733.0 261.64132174058074 66.5138367229579 4.2
8737.2 260.4957850063745 66.28633387779513 4.2
8741.4 258.4135411071182 65.8197153844754 4.2
8745.6 257.0076405982903 65.52454290216154 4.2
8749.8 257.6564402654803 65.75306473530387 4.2
8754.0 258.76895391104716 66.10038666963862 4.2
8758.2 258.3280334840813 66.05109168802305 4.2
8762.4 257.0035399977123 65.77547605372887 4.2
8766.6 256.23996860420726 65.64293638874963 4.2
8770.8 256.0653640606145 65.66107670842655 4.2
8775.0 255.5165320438669 65.58310888403426 4.2
8779.2 253.64094875517264 65.16403976100115 4.2
8783.4 251.31356587145237 64.62789340548825 4.2
8787.6 251.26308883428194 64.67672192344048 4.2
8791.8 252.60948574844133 65.085463202793 4.2
8796.0 251.28282931060207 64.80552003718276 4.2
8800.2 248.27224421503556 64.09025506747628 4.2
8804.4 248.069701732932 64.09911007509959 4.2
8808.6 250.9409146558192 64.90288469126331 4.2
8812.8 253.2499837923317 65.56257464568081 4.2
8817.0 252.37339681563273 65.39792968547172 4.2
8821.2 249.3480160746371 64.6755305451667 4.2
8825.4 247.00654328740404 64.12922625343079 4.2
8829.6 246.6466354970249 64.09674862011433 4.2
8833.8 247.55182351585088 64.39319884981951 4.2
8838.0 248.1082812849522 64.59932796529417 4.2
8842.2 247.491670427551 64.50004238145289 4.2
8846.4 246.32478337459543 64.25693407676437 4.2
8850.6 244.93329668514554 63.954631364696986 4.2
8854.8 243.26730389957592 63.57992334897507 4.2
8859.0 242.44422926032175 63.424930499817634 4.2
8863.2 243.3011468065706 63.70947114496445 4.2
8867.4 244.55956637779167 64.09970045243979 4.2
8871.6 244.15934445111216 64.0554372377551 4.2
8875.8 241.83003540256024 63.50442674509573 4.2
8880.0 239.64883558295415 62.99121713530833 4.2
8884.2 239.80630708399926 63.09224774521927 4.2
8888.4 242.1821181841131 63.77757468542254 4.2
8892.6 243.76297377446863 64.25456680743511 4.2
8896.8 241.89650815207455 63.822821542139074 4.2
8901.0 238.57209958752756 63.00514276757606 4.2
8905.2 237.85369334481825 62.874710730876416 4.2
8909.4 240.0669304168649 63.519635898103964 4.2
8913.6 241.7280076128943 64.01945903037526 4.2
8917.8 239.50015475155197 63.489221233769804 4.2
8922.0 234.42979992740223 62.20366875308088 4.2
8926.2 231.4174095915082 61.46218563682368 4.2
8930.4 232.85385445589375 61.90190294464215 4.2
8934.6 235.23558874256187 62.59389831110172 4.2
8938.8 233.74310782365228 62.255252656410214 4.2
8943.0 229.17265345443911 61.09532789772129 4.2
8947.2 225.65604073816976 60.21434963870269 4.2
8951.4 224.9030401256171 60.06977427552583 4.2
8955.6 222.43743548345472 59.466995933280906 4.2
8959.8 220.77232115769527 59.07721313028495 4.2
8964.0 221.283768529005 59.26960050868874 4.2
8968.2 222.01927743952783 59.52234050989831 4.2
8972.4 222.91741658771795 59.81911726871878 4.2
8976.6 224.25880730481825 60.23542792402006 4.2
8980.8 224.61523247026727 60.38763202636407 4.2
8985.0 225.38296703771417 60.65072546707416 4.2
8989.2 225.733059812304 60.801738891577365 4.2
8993.4 225.33125458788325 60.75024028000983 4.2
8997.6 225.9664123735879 60.97839651604206 4.2
9001.8 225.46053614450832 60.89869693189464 4.2
9006.0 223.879005716555 60.5279548510085 4.2
9010.2 222.56885542653774 60.2298802915653 4.2
9014.4 221.88687009580022 60.101318549833444 4.2
9018.6 221.88043280421726 60.155591292663274 4.2
9022.8 222.0130959060785 60.24763451413328 4.2
9027.0 223.9970866233913 60.84263298156604 4.2
9031.2 226.10925271212545 61.47350843265418 4.2
9035.4 223.66111589933223 60.86449178020322 4.2
9039.6 220.0446570128763 59.93603371597033 4.2
9043.8 219.11461983245144 59.738181769852474 4.2
9048.0 217.33019560557824 59.306732872752434 4.2
9052.2 216.92268595678192 59.25049732611978 4.2
9056.4 215.1880066826096 58.831239700390995 4.2
9060.6 215.56157039181147 58.988044608029206 4.2
9064.8 213.87144398243035 58.579815565287 4.2
9069.0 211.56433192934597 58.00160348105862 4.2
9073.2 211.49703654275504 58.03687235730993 4.2
9077.4 212.0695467586137 58.24786345916584 4.2
9081.6 211.86173075900948 58.24464465221521 4.2
9085.8 212.15580003592868 58.37945011703161 4.2
9090.0 210.0900518619218 57.864472714173544 4.2
9094.2 208.4108153855592 57.455022624486304 4.2
9098.4 208.50823039226432 57.53498444298484 4.2
9102.6 208.9788511067327 57.71809650693314 4.2
9106.8 208.16785010564183 57.54717382019554 4.2
9111.0 206.7479259236649 57.20737232335882 4.2
9115.2 206.25707305814097 57.124182767565394 4.2
9119.4 206.4052425878042 57.217911281420214 4.2
9123.6 206.02730499781356 57.165762412931315 4.2
9127.8 203.86422635109503 56.617670941758234 4.2
9132.0 201.6310673428295 56.04901696831044 4.2
9136.2 200.2470184694867 55.71549585603172 4.2
9140.4 202.57919985889063 56.41622205351273 4.2
9144.6 203.20941602439518 56.64375034732489 4.2
9148.8 202.88829259763835 56.60619980753156 4.2
9153.0 201.72063657128254 56.33210757924231 4.2
9157.2 201.7770905130448 56.399596900162564 4.2
9161.4 203.51928290997418 56.93875935198999 4.2
9165.6 203.86536756369742 57.08789111219865 4.2
9169.8 202.86051688682505 56.85857878061007 4.2
9174.0 201.66929641477 56.576489951952276 4.2
9178.2 201.11396142932918 56.47236813522975 4.2
9182.4 200.5565452388337 56.36739960600064 4.2
9186.6 201.09980106092328 56.571800347757474 4.2
9190.8 200.44102898695982 56.43805000466019 4.2
9195.0 200.12704720238813 56.401155300145646 4.2
9199.2 201.65692142351773 56.88424522821207 4.2
9203.4 205.0730823170677 57.900724766637325 4.2
9207.6 206.01003041049947 58.21836438578879 4.2
9211.8 206.77225025873213 58.48708814614463 4.2
9216.0 207.02382221356132 58.61165707837996 4.2
9220.2 205.21096914400346 58.151376585479156 4.2
9224.4 199.31363077013685 56.53169406472719 4.2
9228.6 198.02025235309114 56.2160076980318 4.2
9232.8 198.48989348683673 56.400635828700146 4.2
9237.0 208.13032743790905 59.193769905608704 4.2
9241.2 204.61832058083345 58.24786345916584 4.2
9245.4 207.7618690604204 59.19649594222109 4.2
9249.6 203.44328072664524 58.018700864823764 4.2
9253.8 201.0245213813451 57.38098512446178 4.2
9258.0 199.30165349996065 56.940857092047345 4.2
9262.2 197.57543447324053 56.49890098268307 4.2
9266.4 196.59441144054307 56.26936316448475 4.2
9270.6 197.29022536230684 56.51971978175997 4.2
9274.8 198.58760950478043 56.94295490938972 4.2
9279.0 195.72346931033042 56.1725319586261 4.2
9283.2 192.76218499908967 55.37273819400615 4.2
9287.4 193.12075626774677 55.52595029669924 4.2
9291.6 194.0332884464783 55.83879015912622 4.2
9295.8 193.6385010845054 55.77556778292436 4.2
9300.0 191.35656110457285 55.16809656644836 4.2
9304.2 189.61957994839042 54.71671298737083 4.2
9308.4 190.02869230466538 54.88428362913573 4.2
9312.6 189.8275996337358 54.87569075200563 4.2
9316.8 187.61333745657745 54.28451974765392 4.2
9321.0 186.37524989489776 53.974919091679524 4.2
9325.2 186.11310071916924 53.94758401011173 4.2
9329.4 184.76079693429645 53.60385206961763 4.2
9333.6 184.4585901829165 53.56436983937045 4.2
9337.8 188.10663697313865 54.67288606805668 4.2
9342.0 193.26870150655677 56.223774763028246 4.2
9346.2 194.10964447233854 56.51919921830026 4.2
9350.4 190.99098779876536 55.66112757994953 4.2
9354.6 189.34193488871458 55.230121675077065 4.2
9358.8 189.54525718109403 55.33908830606876 4.2
9363.0 186.76143746554774 54.57528344987551 4.2
9367.2 180.77970307144025 52.87471019108748 4.2
9371.4 177.39456267861866 51.93115717159397 4.2
9375.6 179.10970310953272 52.48026266166917 4.2
9379.8 182.7452503316629 53.59348516803908 4.2
9384.0 186.47871012536012 54.73737923073636 4.2
9388.2 189.46307812637448 55.66317824944631 4.2
9392.4 190.4408428870233 56.000512299095895 4.2
9396.6 189.6652530642866 55.82233516771607 4.2
9400.8 187.37844398924275 55.19859200869763 4.2
9405.0 184.57958064025078 54.42268946814087 4.2
9409.2 182.58111499160057 53.881540013241164 4.2
9413.4 184.40989813409854 54.46982751102732 4.2
9417.6 187.54469065154052 55.44520582352094 4.2
9421.8 187.35163719252557 55.437546314368674 4.2
9426.0 181.9157845988098 53.877073792443746 4.2
9430.2 178.63536743525341 52.95268668464849 4.2
9434.4 179.61420635588183 53.29027973802476 4.2
9438.6 177.93529055556476 52.83917157201861 4.2
9442.8 173.73194108777065 51.63688077570412 4.2
9447.0 173.5854917177067 51.63925879669845 4.2
9451.2 176.23466920923065 52.47397934377636 4.2
9455.4 174.66321219136665 52.05230909111679 4.2
9459.6 173.41382176387626 51.72589334569071 4.2
9463.8 175.64271731237864 52.43726115239063 4.2
9468.0 179.51335189985159 53.64039904226281 4.2
9472.2 178.44465174091283 53.368377545774955 4.2
9476.4 175.17111187215878 52.435812277337746 4.2
9480.6 174.85481973639318 52.38753934338203 4.2
9484.8 175.4077991450159 52.59978875554172 4.2
9489.0 173.9483691767475 52.2083538559873 4.2
9493.2 171.3894138886911 51.48586338742151 4.2
9497.4 171.13380073406495 51.4545755445253 4.2
9501.6 174.3780303170314 52.4763959154716 4.2
9505.8 176.6444144790489 53.20543521175952 4.2
9510.0 174.074926648382 52.47784591190777 4.2
9514.2 168.50030897697664 50.842160816454786 4.2
9518.4 165.99283852528742 50.12980323930347 4.2
9522.6 170.68138985919822 51.59124400274954 4.2
9526.8 177.92753362220884 53.828961347321744 4.2
9531.0 181.9584864335281 55.09700603746908 4.2
9535.2 183.40773230546023 55.58479393816772 4.2
9539.4 181.16368053755667 54.953075103386745 4.2
9543.6 178.57670186729496 54.216065835058075 4.2
9547.8 176.0883517792153 53.50766507623248 4.2
9552.0 172.81149493377444 52.55814152350005 4.2
9556.2 169.6972458353085 51.65638378102891 4.2
9560.4 169.87330184425414 51.7554393920842 4.2
9564.6 172.59317990797496 52.630318715561515 4.2
9568.8 175.2533385536147 53.488448399279505 4.2
9573.0 172.78464175859025 52.78128995395955 4.2
9577.2 171.92385513955006 52.56443491910634 4.2
9581.4 170.05887908417216 52.03984567689525 4.2
9585.6 165.6741115198791 50.74251631167603 4.2
9589.8 162.5047856028568 49.8154433698157 4.2
9594.0 164.20479179020214 50.38067710247767 4.2
9598.2 167.34843848344298 51.39016356936353 4.2
9602.4 169.18492708398634 51.999599653351304 4.2
9606.6 168.51006220169833 51.83749422629676 4.2
9610.8 166.40799015375313 51.23562047745381 4.2
9615.0 165.5155027660951 51.00538146902694 4.2
9619.2 166.41150395372114 51.32630495709754 4.2
9623.4 168.0924391489935 51.890039345760265 4.2
9627.6 171.1611430847754 52.88347681116248 4.2
9631.8 173.22012296673685 53.566343260033946 4.2
9636.0 169.65070630050914 52.508305093884005 4.2
9640.2 164.12742904044148 50.84309737229363 4.2
9644.4 163.02222863435378 50.544743853029665 4.2
9648.6 166.88013794697758 51.78595623908388 4.2
9652.8 170.10874431496669 52.83381850888607 4.2
9657.0 169.10357610685486 52.56733981739285 4.2
9661.2 164.53530831364085 51.19175279997057 4.2
9665.4 162.17712266325623 50.501932838444866 4.2
9669.6 165.70065933787095 51.64401516723503 4.2
9673.8 169.70515939370205 52.93805733782136 4.2
9678.0 170.27152243704901 53.16086023914222 4.2
9682.2 169.4482765270156 52.94976049189509 4.2
9686.4 168.8217726741083 52.79976626559862 4.2
9690.6 167.41097266804192 52.403947152646225 4.2
9694.8 169.62253380167726 53.14225756927738 4.2
9699.0 170.49487783880969 53.46185208572803 4.2
9703.2 166.90420890330017 52.38126712699777 4.2
9707.4 162.8168708808483 51.14274095671507 4.2
9711.6 163.03005754375047 51.254027785885576 4.2
9715.8 165.7189306398713 52.14443906866355 4.2
9720.0 166.58838766419512 52.463347750309644 4.2
9724.2 166.39546653595 52.44788745945952 4.2
9728.4 164.08558003035174 51.76449720364915 4.2
9732.6 161.7452387648353 51.07025190185913 4.2
9736.8 161.71591258579969 51.10507147222867 4.2
9741.0 161.84160175819352 51.1889239173315 4.2
9745.2 161.62321506201604 51.163942242339914 4.2
9749.4 160.55412815667606 50.86932794131357 4.2
9753.6 161.76008734251855 51.29558652513448 4.2
9757.8 164.46043322496212 52.19681457038078 4.2
9762.0 163.57903735217442 51.961777628042896 4.2
9766.2 161.616622665357 51.382590992973135 4.2
9770.4 158.45303663490338 50.4201345163153 4.2
9774.6 158.29065150205554 50.41177625036785 4.2
9778.8 161.87736521552054 51.59837208889087 4.2
9783.0 164.77721096307246 52.56782398271517 4.2
9787.2 161.9303775314946 51.70398298560899 4.2
9791.4 156.36936376397801 49.971225470048445 4.2
9795.6 155.32993826040183 49.68164874613674 4.2
9799.8 156.46558557684756 50.087804999878664 4.2
9804.0 157.27172474062755 50.38903021219044 4.2
9808.2 160.57230020564265 51.490605629068135 4.2
9812.4 162.29710276549494 52.08827797418925 4.2
9816.6 161.43253427754928 51.85516255239175 4.2
9820.8 159.88345376459966 51.40152452653446 4.2
9825.0 159.54828365675317 51.3376517968789 4.2
9829.2 160.860313498925 51.80408412998722 4.2
9833.4 163.4322815086309 52.67735981123894 4.2
9837.6 166.96711174830168 53.86268515468276 4.2
9841.8 169.30749501332977 54.66432628807433 4.2
9846.0 167.13738070949188 54.009729228282865 4.2
9850.2 163.78689792462893 52.972198769405374 4.2
9854.4 163.68801464793148 52.985373490961926 4.2
9858.6 165.01626866434563 53.46086729108941 4.2
9862.8 164.70273149089115 53.40476397247751 4.2
9867.0 162.66982457273645 52.79052730145677 4.2
9871.2 161.98147610155905 52.61190169899063 4.2
9875.4 165.7798962419759 53.89146627392176 4.2
9879.6 170.31877773641776 55.41406375035184 4.2
9883.8 168.2601830678736 54.79084521454629 4.2
9888.0 163.24516952531278 53.202985067337 4.2
9892.2 162.7734161103264 53.09431229907883 4.2
9896.4 162.29710514895353 52.98390947121466 4.2
9900.6 156.96767492745352 51.28755550708741 4.2
9904.8 154.80387711772232 50.62348041156853 4.2
9909.0 163.24714619615003 53.42985554385219 4.2
9913.2 166.76677039737322 54.62808795733228 4.2
9917.4 159.72378552442953 52.36534871937173 4.2
9921.6 154.82098518605682 50.80096943436217 4.2
9925.8 153.48368387108286 50.40481208717621 4.2
9930.0 152.5101533383408 50.12749472970587 4.2
9934.2 152.31527410977233 50.105799935173906 4.2
9938.4 154.38187466898327 50.82858269530828 4.2
9942.6 155.69595128390566 51.30456385703031 4.2
9946.8 152.25882829046765 50.21436788257295 4.2
9951.0 147.7269741006338 48.760932226365256 4.2
9955.2 147.14627616180198 48.61026627067112 4.2
9959.4 150.25983378163636 49.680733584775204 4.2
9963.6 151.79472747141136 50.23055769161354 4.2
9967.8 148.19263621409723 49.07993738580258 4.2
9972.0 141.31644871002354 46.842061506068426 4.2
9976.2 138.86441226784464 46.06806808300887 4.2
9980.4 146.26666514255942 48.564620571073796 4.2
9984.6 155.1514764461842 51.557992618657174 4.2
9988.8 157.62555166429573 52.424222718019905 4.2
9993.0 154.37375919322406 51.385903857831856 4.2
9997.2 151.5627559469923 50.49263089539403 4.2
10001.4 151.68116679304296 50.574546830898626 4.2
10005.6 149.87975725642497 50.015889862281355 4.2
10009.8 144.5700909901999 48.284529071218685 4.2
10014.0 141.9992598173851 47.46571202114101 4.2
10018.2 146.09449771366707 48.87558853625303 4.2
10022.4 149.17697328088607 49.948678210521855 4.2
10026.6 149.91941384131127 50.23934863091721 4.2
10030.8 150.1751630552456 50.367222227110915 4.2
10035.0 150.04395427439178 50.3653666642508 4.2
10039.2 146.4600041595969 49.203500385072026 4.2
10043.4 143.69833471241847 48.31611430069185 4.2
10047.6 147.04307635452247 49.48208602820811 4.2
10051.8 141.02417799005767 47.49632416372938 4.2
10056.0 130.73104278230443 44.06644339565597 4.2
10060.2 128.0300824822763 43.19206817892137 4.2
10064.4 134.8768692490868 45.53989238477984 4.2
10068.6 139.97906205911784 47.30205404974595 4.2
10072.8 141.58356155585614 47.88417397144605 4.2
10077.0 145.49589406983205 49.24838576335562 4.2
10081.2 145.3144468963785 49.22797824494772 4.2
10085.4 135.1210463230823 45.812922796127516 4.2
10089.6 129.30560677645 43.87771470362833 4.2
10093.8 135.86007941026222 46.14025602252319 4.2
10098.0 148.09436094134216 50.33707779940577 4.2
10102.2 154.87357739823838 52.6851232058733 4.2
10106.4 153.46886754814872 52.250686399560294 4.2
10110.6 144.67430234324462 49.29739833085576 4.2
10114.8 137.70276316060358 46.960855501669684 4.2
10119.0 134.48630542027516 45.902041364996094 4.2
10123.2 130.4156230403741 44.54961959611717 4.2
10127.4 136.3896225781434 46.62898907791334 4.2
10131.6 155.23054565143082 53.11436576938782 4.2
10135.8 163.37484547930285 55.94741176112485 4.2
10140.0 159.10995200107837 54.532072069233585 4.2
10144.2 150.46713391142754 51.612631215859 4.2
10148.4 161.7417364803981 55.52595029669924 4.2
10152.6 151.76188179582115 52.14299828447163 4.2
10156.8 154.70040591698282 53.196615219873024 4.2
10161.0 163.59587615542503 56.30202301822932 4.2
10165.2 153.13180410474826 52.74435672476003 4.2
10169.4 135.3762858010186 46.66722747676173 4.2
10173.6 132.9927413599592 45.883443103081184 4.2
10177.8 141.78210822135503 48.95623378024234 4.2
10182.0 145.9053004770003 50.421527695364375 4.2
10186.2 136.6887766515434 47.275485764780875 4.2
10190.4 125.1326931301888 43.314369796237415 4.2
10194.6 132.09575887208916 45.76231645389046 4.2
10198.8 159.3100244009722 55.235717528954154 4.2
10203.0 169.9798655606455 58.983698368402194 4.2
10207.2 144.70782162375767 50.25554649409774 4.2
10211.4 107.66304963980738 37.42105265079908 4.2
10215.6 100.52671612868428 34.96938544116914 4.2
