3063.0 172215.1130561485 5385.722840080934 4.2
3067.2 162112.70918141413 5083.70100677101 4.2
3071.4 161595.2143033837 5081.360414922443 4.2
3075.6 173540.78205659636 5471.92328431458 4.2
3079.8 188703.61734445498 5966.285067560048 4.2
3084.0 201146.51659152412 6377.052611689717 4.2
3088.2 212574.13349112557 6757.716993552843 4.2
3092.4 224159.9006833913 7145.423928410175 4.2
3096.6 237171.7924442291 7580.74695236746 4.2
3100.8 251541.5565247071 8061.873884364646 4.2
3105.0 264130.19117005536 8488.285921084276 4.2
3109.2 274195.2560614424 8835.599053475595 4.2
3113.4 284555.78064333426 9194.243470247544 4.2
3117.6 296598.17138707935 9609.2169791372 4.2
3121.8 309889.67188735073 10066.905689524678 4.2
3126.0 324153.9419816704 10558.64041985359 4.2
3130.2 339163.478279262 11077.251088651486 4.2
3134.4 354177.05090519227 11598.664865236387 4.2
3138.6 368041.94223305787 12085.03743415717 4.2
3142.8 380206.7000372484 12517.915050404126 4.2
3147.0 390725.5119584637 12898.64232253816 4.2
3151.2 400369.8073958262 13252.322620538402 4.2
3155.4 410574.91564356524 13626.364438226703 4.2
3159.6 421794.62816746347 14036.020698987186 4.2
3163.8 433629.89091577544 14468.24985268142 4.2
3168.0 445597.6675473176 14907.060017941365 4.2
3172.2 457176.7470164098 15335.007756986799 4.2
3176.4 467548.7282336291 15724.469410465443 4.2
3180.6 475732.8548415593 16042.054963792292 4.2
3184.8 482272.9743404189 16305.570555500153 4.2
3189.0 488643.6014105548 16564.563649268493 4.2
3193.2 495496.98190503265 16841.15992611823 4.2
3197.4 503082.61937584524 17143.99376153583 4.2
3201.6 510809.67229892884 17453.076810193776 4.2
3205.8 517569.17803117767 17730.45987318309 4.2
3210.0 523334.28797519003 17974.962789083853 4.2
3214.2 528556.5525907937 18201.86965390814 4.2
3218.4 533370.7748739253 18415.690183892297 4.2
3222.6 537774.802196748 18616.24131914135 4.2
3226.8 542222.0294698825 18819.149832722393 4.2
3231.0 547378.00031697 19047.588495889882 4.2
3235.2 552238.8892987198 19266.729498245008 4.2
3239.4 555172.6961472441 19419.408611649535 4.2
3243.6 558144.5278893275 19574.018750235624 4.2
3247.8 563833.2714912295 19824.762810989407 4.2
3252.0 570437.6484251734 20108.885442236715 4.2
3256.2 575343.3672846756 20334.242569483322 4.2
3260.4 578462.8670951801 20497.2689668406 4.2
3264.6 580071.1979405781 20607.248109694898 4.2
3268.8 581632.35328555 20715.90925763021 4.2
3273.0 584807.9179851303 20882.57260281777 4.2
3277.2 588869.9086206183 21081.620930542 4.2
3281.4 592770.9434951989 21275.706962249522 4.2
3285.6 595958.3032815539 21444.89874502004 4.2
3289.8 597951.9165002743 21571.681528621943 4.2
3294.0 598205.0363105898 21635.95153788577 4.2
3298.2 596330.853742823 21623.20172942948 4.2
3302.4 594491.8477088547 21611.45465563393 4.2
3306.6 594661.6504758684 21672.64912879477 4.2
3310.8 595666.7542828474 21764.465196519035 4.2
3315.0 596351.3259780986 21844.79633407223 4.2
3319.2 595489.9153423691 21868.550605176588 4.2
3323.4 592204.9370455713 21802.987208796392 4.2
3327.6 588435.7138993577 21719.00873599111 4.2
3331.8 585959.2399502456 21682.232645869135 4.2
3336.0 585125.69608673 21706.010062256082 4.2
3340.2 585992.8423606867 21792.948873719946 4.2
3344.4 587539.1697155033 21905.440959042917 4.2
3348.6 588668.3805027361 22002.70114857622 4.2
3352.8 588531.8340456826 22052.813262913158 4.2
3357.0 586687.1447324752 22038.802855060825 4.2
3361.2 583768.3496041103 21984.06502762731 4.2
3365.4 580614.4952288476 21919.972249523813 4.2
3369.6 578400.3614845966 21890.919301713035 4.2
3373.8 577897.1955889136 21926.433694642205 4.2
3378.0 579041.8645882324 22024.598493200094 4.2
3382.2 581169.326075514 22160.522706313448 4.2
3386.4 582141.7455573163 22252.765943168986 4.2
3390.6 581160.5677356621 22270.399102941188 4.2
3394.8 580214.8871175157 22289.27795226852 4.2
3399.0 580287.1125746203 22347.245497614054 4.2
3403.2 580580.318915541 22413.82619848574 4.2
3407.4 580485.0196956898 22465.4954041098 4.2
3411.6 579355.3786473719 22477.08562497025 4.2
3415.8 577378.205424344 22455.56568597137 4.2
3420.0 576178.4920176697 22464.047046784908 4.2
3424.2 575730.1971235422 22501.7347020648 4.2
3428.4 573585.6556375574 22472.945574110996 4.2
3432.6 569910.7623953096 22383.706364864713 4.2
3436.8 567953.4413271167 22361.451987225166 4.2
3441.0 568020.3688016058 22418.781281361356 4.2
3445.2 567210.65134025 22441.50609779448 4.2
3449.4 564674.4488767859 22395.666929401326 4.2
3453.6 561204.5499789778 22312.28250119076 4.2
3457.8 558271.5736486632 22249.69182229842 4.2
3462.0 558175.9595527169 22299.95568455118 4.2
3466.2 560193.440058205 22434.892867296337 4.2
3470.4 561102.4763134277 22525.788390976646 4.2
3474.6 559978.8496919916 22535.126484021093 4.2
3478.8 557532.6839850239 22490.960353342187 4.2
3483.0 554700.1787175622 22430.760587914658 4.2
3487.2 552804.4656681004 22408.046652646746 4.2
3491.4 551912.2576061744 22425.802857327726 4.2
3495.6 551276.8982576368 22453.911159701554 4.2
3499.8 551004.0627756654 22496.761284513934 4.2
3504.0 551611.1798699581 22575.63630740741 4.2
3508.2 553167.3853634952 22693.631578658908 4.2
3512.4 555634.6458492915 22849.463110988952 4.2
3516.6 558294.4508159219 23013.782270995733 4.2
3520.8 560168.3196190879 23146.215912973887 4.2
3525.0 561082.8729428499 23239.35124370166 4.2
3529.2 561157.4248910676 23297.858326100235 4.2
3533.4 560809.8659979237 23338.879407329976 4.2
3537.6 560670.6267806342 23388.587802455826 4.2
3541.8 560161.4111753794 23422.86417410792 4.2
3546.0 558392.7773662818 23404.318520552675 4.2
3550.2 556077.874372164 23362.536881999735 4.2
3554.4 554289.503187775 23342.533996827675 4.2
3558.6 553037.9141536773 23344.899036146904 4.2
3562.8 552166.8979795628 23363.18242166796 4.2
3567.0 551532.4072483007 23391.38838922425 4.2
3571.2 550991.5123308764 23423.51138070405 4.2
3575.4 550523.6531622462 23458.703168095206 4.2
3579.6 550083.0409943192 23495.029789278236 4.2
3583.8 550181.1724296669 23554.3975076106 4.2
3588.0 551396.9835920212 23661.81203045294 4.2
3592.2 552545.7434495661 23766.651610124263 4.2
3596.4 552348.624372801 23813.76151321977 4.2
3600.6 552102.2288744272 23858.76722199372 4.2
3604.8 553093.9474286146 23957.417429275094 4.2
3609.0 554114.4690308544 24057.583398350213 4.2
3613.2 554106.5087724191 24113.263946007897 4.2
3617.4 554197.0200451162 24173.30323715249 4.2
3621.6 555280.3328794971 24276.8312769327 4.2
3625.8 556792.7420074106 24399.447932307095 4.2
3630.0 558207.9335824883 24518.167066743634 4.2
3634.2 558994.5923942315 24609.568560984804 4.2
3638.4 558810.256594088 24658.349281514926 4.2
3642.6 558704.6529268294 24710.640359777906 4.2
3646.8 559388.2792738699 24797.962561860913 4.2
3651.0 560125.8149832881 24887.88549563349 4.2
3655.2 560375.2745144238 24956.288642288004 4.2
3659.4 560156.6385121094 25003.91420184286 4.2
3663.6 559563.2114644154 25034.79272393485 4.2
3667.8 558750.5483783821 25055.7842051701 4.2
3672.0 558151.2602361302 25086.264673665737 4.2
3676.2 558659.2490949535 25166.568333681225 4.2
3680.4 561026.2869623596 25330.98046570694 4.2
3684.6 565817.7393262773 25605.66150379391 4.2
3688.8 572852.7948696617 25983.161935938202 4.2
3693.0 580292.074914272 26380.55936802498 4.2
3697.2 587477.6730394243 26768.00470783099 4.2
3701.4 596058.9500597381 27220.744551053253 4.2
3705.6 607150.2515646153 27790.2209685877 4.2
3709.8 621029.5436596455 28489.97052961373 4.2
3714.0 637490.1164348419 29311.362060394855 4.2
3718.2 655794.4873669862 30221.220529928745 4.2
3722.4 674359.0274729562 31146.984016281047 4.2
3726.6 689946.9441692871 31938.903336758794 4.2
3730.8 703774.1623383599 32652.46705937889 4.2
3735.0 723589.1438259331 33647.43787976375 4.2
3739.2 748548.3624537942 34886.3874677624 4.2
3743.4 766649.3692328137 35810.30335435315 4.2
3747.6 780115.2974580819 36521.11262871382 4.2
3751.8 807536.0079658666 37889.59821514734 4.2
3756.0 844535.8455538938 39714.39948147332 4.2
3760.2 863820.217830842 40712.14643921912 4.2
3764.4 870509.9213882897 41119.13783323353 4.2
3768.6 896357.3152417914 42434.588982802336 4.2
3772.8 943855.8847184759 44782.87796394513 4.2
3777.0 996458.6581517997 47384.03058965739 4.2
3781.2 1031539.7221357424 49161.372598469185 4.2
3785.4 1019937.8273219592 48716.49111718906 4.2
3789.6 982513.4657672391 47033.14283333716 4.2
3793.8 970671.7500711344 46569.331102619675 4.2
3798.0 1003772.5938859114 48264.07642458624 4.2
3802.2 1083755.5628632277 52225.18655377668 4.2
3806.4 1176468.7760956434 56818.269187504826 4.2
3810.6 1228735.846880305 59473.568831786804 4.2
3814.8 1225410.8089830915 59443.449011646204 4.2
3819.0 1172146.6157137784 56984.92749048102 4.2
3823.2 1091719.8822646432 53191.71585617259 4.2
3827.4 1014484.8122789398 49537.262137448415 4.2
3831.6 980882.3627325261 48001.63165327883 4.2
3835.8 1031006.3617743298 50565.23151308795 4.2
3840.0 1143370.0344185464 56198.92393174039 4.2
3844.2 1274257.8155269087 62769.40327546362 4.2
3848.4 1390646.8063526098 68652.4435952104 4.2
3852.6 1461562.5758244793 72310.93881029787 4.2
3856.8 1485220.783003679 73641.73297626371 4.2
3861.0 1471165.9053898177 73103.80798633881 4.2
3865.2 1420068.5620813936 70718.33059532681 4.2
3869.4 1336417.0264595703 66697.26108007196 4.2
3873.6 1230143.3140479233 61526.753520414415 4.2
3877.8 1113008.400231892 55788.92589334298 4.2
3882.0 1022591.5333373918 51367.92230145987 4.2
3886.2 994651.5410684462 50072.58356403313 4.2
3890.4 1036403.1913022624 52287.27394553603 4.2
3894.6 1146915.8000954406 57987.7155667212 4.2
3898.8 1283805.8192695908 65048.90645767498 4.2
3903.0 1401122.6448188727 71146.24769229208 4.2
3907.2 1485559.2237194837 75596.20603389197 4.2
3911.4 1527878.402331542 77916.96003358414 4.2
3915.6 1539233.8835994487 78664.71978820636 4.2
3919.8 1534819.9568348874 78607.50282802699 4.2
3924.0 1516083.9750892327 77814.40481871193 4.2
3928.2 1485929.0460334623 76430.02471116348 4.2
3932.4 1462210.4382217529 75370.9518577663 4.2
3936.6 1455441.2464419133 75182.36792097273 4.2
3940.8 1441386.55171344 74615.31899162721 4.2
3945.0 1399417.3036924594 72597.22160932781 4.2
3949.2 1325973.968333985 68933.76511358154 4.2
3953.4 1223431.727228724 63738.23014383431 4.2
3957.6 1106963.9050698935 57793.101266495214 4.2
3961.8 999337.4421283766 52284.86608302883 4.2
3966.0 943877.937736043 49488.011092028355 4.2
3970.2 967797.4749392947 50849.65374624278 4.2
3974.4 1057708.7726172528 55691.38261755084 4.2
3978.6 1189445.9122686307 62760.153915892275 4.2
3982.8 1317444.284819818 69660.72658747701 4.2
3987.0 1409550.9655165074 74688.20120654526 4.2
3991.2 1469786.563603095 78044.08621281116 4.2
3995.4 1504681.9947401239 80065.23819168852 4.2
3999.6 1523533.9462860841 81238.89358571553 4.2
4003.8 1535226.6625135245 82034.39886476604 4.2
4008.0 1542985.4436634462 82622.05639359332 4.2
4012.2 1548503.2013699187 83091.38537862962 4.2
4016.4 1550155.7583532876 83354.29833013775 4.2
4020.6 1548215.8813997207 83424.19026847213 4.2
4024.8 1546637.8922619002 83513.36826061473 4.2
4029.0 1546844.7225110233 83698.94810736855 4.2
4033.2 1547382.7022176285 83902.71222766915 4.2
4037.4 1546513.4355427779 84030.31663243982 4.2
4041.6 1541865.8762407515 83952.18424958577 4.2
4045.8 1533346.9532852268 83661.95328716811 4.2
4050.0 1523586.8242451572 83302.10961560396 4.2
4054.2 1512888.4806205526 82888.82818947373 4.2
4058.4 1498979.0257973005 82296.99923838512 4.2
4062.6 1480325.1796713232 81441.16921273884 4.2
4066.8 1456155.0642450182 80277.16002542236 4.2
4071.0 1421893.437988824 78550.32748473244 4.2
4075.2 1370854.618275576 75887.10756154779 4.2
4079.4 1299441.3174188538 72082.19449796667 4.2
4083.6 1207944.1765382073 67144.74054470709 4.2
4087.8 1103615.9692717628 61471.80988031085 4.2
4092.0 997098.3661958352 55652.92565741659 4.2
4096.2 917104.7614821995 51293.22433046915 4.2
4100.4 900958.5375146896 50493.56101259447 4.2
4104.6 951891.7725236476 53457.42065270672 4.2
4108.8 1053462.9122030367 59282.70339348513 4.2
4113.0 1173275.0508557763 66160.07669596808 4.2
4117.2 1270074.8801015846 71764.88611516566 4.2
4121.4 1336102.3295295143 75649.83759199934 4.2
4125.6 1380203.1616722355 78306.1730845085 4.2
4129.8 1409195.393476679 80113.92324190053 4.2
4134.0 1431450.4194351148 81544.74894775887 4.2
4138.2 1448099.1611923652 82660.8753503851 4.2
4142.4 1457367.8631494583 83358.90478617285 4.2
4146.6 1460350.0437682795 83698.94810736855 4.2
4150.8 1458739.1492687627 83776.07319941821 4.2
4155.0 1452644.0128788296 83594.94184813481 4.2
4159.2 1441881.752988363 83143.44207457281 4.2
4163.4 1430029.4419726892 82626.6223833248 4.2
4167.6 1421258.8958211783 82285.63027312458 4.2
4171.8 1415801.2622344415 82134.95054871078 4.2
4176.0 1412954.8182538492 82134.95054871078 4.2
4180.2 1411923.3901642077 82240.17011563464 4.2
4184.4 1411662.4668068592 82390.28402333515 4.2
4188.6 1410598.695693856 82493.55127448826 4.2
4192.8 1407229.5991326834 82461.64611109137 4.2
4197.0 1402294.7764698595 82337.18216404757 4.2
4201.2 1396646.6406381594 82169.75650055308 4.2
4205.4 1391690.4081303987 82041.95486008441 4.2
4209.6 1388914.7601689906 82041.95486008441 4.2
4213.8 1384399.4469270762 81938.49824237362 4.2
4218.0 1374637.2362096047 81522.97126438952 4.2
4222.2 1364594.611150577 81088.6369019723 4.2
4226.4 1358613.918178195 80893.94212904987 4.2
4230.6 1354320.10171295 80798.63054777059 4.2
4234.8 1349694.3998174423 80682.62137880092 4.2
4239.0 1344988.0371893574 80560.84261269354 4.2
4243.2 1340313.0617570498 80439.98853031042 4.2
4247.4 1336579.9109085072 80374.81753344675 4.2
4251.6 1334309.13081856 80397.02898473585 4.2
4255.8 1331811.7257406502 80405.17472138656 4.2
4260.0 1327804.2564909547 80321.53508365083 4.2
4264.2 1322312.5598814175 80147.1345664679 4.2
4268.4 1315609.595107401 79898.01688362249 4.2
4272.6 1309136.0503440956 79661.41199646801 4.2
4276.8 1303344.9450487972 79465.02054299781 4.2
4281.0 1295504.121703362 79142.17837932255 4.2
4285.2 1283994.20081834 78593.02412446897 4.2
4289.4 1269802.4474810124 77876.78245938182 4.2
4293.6 1254140.2037202818 77066.91953185997 4.2
4297.8 1239392.4654181402 76309.74459598411 4.2
4302.0 1225316.9539514054 75590.63610479087 4.2
4306.2 1206648.733761219 74584.39993768805 4.2
4310.4 1178968.2420556105 73015.65744127582 4.2
4314.6 1140281.7575375023 70757.42178934757 4.2
4318.8 1087714.8789294888 67626.98098326125 4.2
4323.0 1016667.1325771835 63332.69952363007 4.2
4327.2 930832.027586881 58098.37694913947 4.2
4331.4 842784.753452778 52705.022127399214 4.2
4335.6 773369.1421357375 48457.83423920681 4.2
4339.8 753879.3089046832 47328.20135493322 4.2
4344.0 792847.4277824063 49870.991196632465 4.2
4348.2 872606.0732677473 54994.087458484166 4.2
4352.4 970187.4478022722 61262.11694409435 4.2
4356.6 1057279.6676202265 66890.43188053605 4.2
4360.8 1119636.1615358246 70972.15624920475 4.2
4365.0 1158790.0531398747 73595.62536745329 4.2
4369.2 1179150.948722178 75032.94627958567 4.2
4373.4 1188455.304766529 75770.47328658563 4.2
4377.6 1191914.5004964992 76137.04199431375 4.2
4381.8 1191604.549510422 76263.37133654387 4.2
4386.0 1190276.8857976699 76324.50563660744 4.2
4390.2 1190519.8580146402 76486.36118711805 4.2
4394.4 1192576.0482096176 76765.13181622433 4.2
4398.6 1195221.274823924 77082.5369903968 4.2
4402.8 1196959.1778914668 77342.10714093999 4.2
4407.0 1195977.8975994943 77426.20979645106 4.2
4411.2 1193811.4974069637 77433.34134232494 4.2
4415.4 1193859.303395111 77583.97020732616 4.2
4419.6 1195196.533642281 77818.70512045852 4.2
4423.8 1194830.4614738987 77942.79941917458 4.2
4428.0 1192553.9364974932 77942.08154276886 4.2
4432.2 1189264.7757276176 77874.63067408971 4.2
4436.4 1184894.9853396392 77735.60805446394 4.2
4440.6 1179250.1645916144 77511.8317136675 4.2
4444.8 1172813.0954914214 77234.61748758546 4.2
4449.0 1166155.441774343 76941.38506153358 4.2
4453.2 1160531.2889866366 76714.94888369537 4.2
4457.4 1157460.1221730707 76656.32591831613 4.2
4461.6 1154686.243312788 76616.79838513999 4.2
4465.8 1149091.7747714208 76389.20671516693 4.2
4470.0 1142421.0808691222 76088.67124912614 4.2
4474.2 1137392.7817884034 75896.19440471724 4.2
4478.4 1134089.925499223 75817.94343612618 4.2
4482.6 1132080.4253547196 75825.62522497369 4.2
4486.8 1132431.2158067771 75991.3220215481 4.2
4491.0 1136190.4761743261 76386.39248462851 4.2
4495.2 1140006.2085665062 76786.34573668242 4.2
4499.4 1140239.4082689383 76945.63711709176 4.2
4503.6 1138082.2076498168 76943.5110599402 4.2
4507.8 1135125.7516767883 76886.83786757803 4.2
4512.0 1131001.2183701545 76750.2855591835 4.2
4516.2 1125607.3541164396 76526.52625827365 4.2
4520.4 1120457.8463063424 76318.17912674196 4.2
4524.6 1116783.2005893034 76209.30481688514 4.2
4528.8 1114599.826113025 76201.58415799009 4.2
4533.0 1113632.2943447097 76276.71832489764 4.2
4537.2 1111776.2899059716 76290.77030985823 4.2
4541.4 1107372.5235745818 76129.32865626558 4.2
4545.6 1101130.575351529 75840.292619553 4.2
4549.8 1094179.6717902205 75500.87764000526 4.2
4554.0 1089851.1885598698 75341.107506811 4.2
4558.2 1090401.6528637423 75518.26436118483 4.2
4562.4 1093972.8340505117 75905.28233595978 4.2
4566.6 1098174.3863389 76337.16022971779 4.2
4570.8 1098420.9747064165 76494.81523934173 4.2
4575.0 1092433.6217291392 76217.72824601489 4.2
4579.2 1085370.5428163705 75864.04584544234 4.2
4583.4 1081079.7533890463 75702.80994703829 4.2
4587.6 1079170.7523442411 75707.6908449053 4.2
4591.8 1079382.3874429986 75861.25096218962 4.2
4596.0 1081775.6827072736 76168.60469791069 4.2
4600.2 1085125.1454450465 76544.14917096602 4.2
4604.4 1085863.3228370554 76736.14893618155 4.2
4608.6 1082418.5433567883 76632.32462751835 4.2
4612.8 1076921.3938480322 76382.17133321692 4.2
4617.0 1071315.789115477 76123.01832454737 4.2
4621.2 1067037.6052238706 75957.03436813751 4.2
4625.4 1064884.8847953114 75941.64494426675 4.2
4629.6 1064481.9851283599 76050.83732014113 4.2
4633.8 1064855.514467043 76215.62230145084 4.2
4638.0 1064191.4518415723 76306.23048329314 4.2
4642.2 1062227.5478456912 76303.4193096558 4.2
4646.4 1061001.6648136906 76353.33304092544 4.2
4650.6 1060218.2610321653 76434.95249581043 4.2
4654.8 1056796.1037354374 76325.91159890826 4.2
4659.0 1050673.6334636337 76020.7237575088 4.2
4663.2 1044607.5732834401 75718.1509714701 4.2
4667.4 1040397.2868571825 75548.87471570406 4.2
4671.6 1039082.3195923407 75589.24368664043 4.2
4675.8 1039703.2498616097 75770.47328658563 4.2
4680.0 1039397.2143968475 75884.31182868505 4.2
4684.2 1037457.6924913818 75878.72067194719 4.2
4688.4 1034922.7650717808 75829.11720446493 4.2
4692.6 1031958.380235675 75747.44701505925 4.2
4696.8 1028331.4540653859 75616.4004676006 4.2
4701.0 1024265.9895661277 75452.21611361226 4.2
4705.2 1020105.4739523724 75280.06752942236 4.2
4709.4 1016796.6244578736 75169.90476053752 4.2
4713.6 1015668.081302735 75220.46260486494 4.2
4717.8 1015365.0317533867 75332.0871226732 4.2
4722.0 1013083.6099565423 75296.70988982084 4.2
4726.2 1009162.4048344933 75138.75589765921 4.2
4730.4 1005267.2235477489 74981.82385909364 4.2
4734.6 1001932.9683448696 74865.89141145014 4.2
4738.8 999282.990753103 74800.4137290304 4.2
4743.0 997082.2967812596 74768.04068474588 4.2
4747.2 994842.1943650832 74732.24002518294 4.2
4751.4 992005.4725695435 74651.06363988742 4.2
4755.6 988122.1119936068 74490.34745241082 4.2
4759.8 983068.6470165901 74240.34817753974 4.2
4764.0 976854.2022477204 73901.28670178927 4.2
4768.2 971557.0956054631 73630.2033666693 4.2
4772.4 969660.22327961 73615.96339991243 4.2
4776.6 969999.4904206508 73771.39568894893 4.2
4780.8 970715.8102386964 73955.75924810886 4.2
4785.0 970718.6430185424 74085.97487415743 4.2
4789.2 969007.8761979957 74085.2925202543 4.2
4793.4 965912.7786118252 73978.24086908081 4.2
4797.6 962048.9790819844 73811.49470324333 4.2
4801.8 957628.6268492119 73601.04829331517 4.2
4806.0 952835.0445366129 73360.79008916824 4.2
4810.2 947831.1702689991 73103.13467848477 4.2
4814.4 942629.2544243202 72828.94184556715 4.2
4818.6 936137.1971146667 72453.60515154478 4.2
4822.8 926997.8998625176 71871.38267914193 4.2
4827.0 914986.4382415279 71063.73015663495 4.2
4831.2 899379.9913464743 69973.24262696545 4.2
4835.4 876702.8985287587 68327.57381380977 4.2
4839.6 844085.2643216936 65899.78534934818 4.2
4843.8 796615.6772364442 62301.71474290632 4.2
4848.0 733114.87654275 57434.917291104706 4.2
4852.2 663247.8757999673 52051.35026098007 4.2
4856.4 599366.345831161 47119.426942027356 4.2
4860.6 565188.725162224 44509.426656515854 4.2
4864.8 576600.844210886 45486.654912648 4.2
4869.0 624306.2829248832 49335.09854203919 4.2
4873.2 694219.460352547 54954.593533942876 4.2
4877.4 761532.6128353802 60387.075838280114 4.2
4881.6 808181.4428573684 64196.595943795575 4.2
4885.8 840020.4991890183 66840.54771531548 4.2
4890.0 862437.3103170325 68742.2906934397 4.2
4894.2 876802.6007548167 70007.40826645245 4.2
4898.4 885696.160199209 70838.93119324416 4.2
4902.6 890931.5384075063 71379.9106515335 4.2
4906.8 893751.0016113188 71728.5414749382 4.2
4911.0 894255.0193168572 71891.90636579147 4.2
4915.2 892710.9599130079 71890.5820801338 4.2
4919.4 889702.8487185205 71770.8351729806 4.2
4923.6 886526.513581862 71636.77067656242 4.2
4927.8 886068.113913793 71721.93533635334 4.2
4932.0 888626.210567715 72051.66149534831 4.2
4936.2 890659.6123447845 72339.58284152037 4.2
4940.4 890440.753811464 72444.93048014342 4.2
4944.6 888650.3692312196 72422.24778797876 4.2
4948.8 886130.0194290256 72339.58284152037 4.2
4953.0 884187.9639471449 72303.61308945275 4.2
4957.2 882926.13572166 72322.9279545503 4.2
4961.4 880896.2680657279 72278.97747457797 4.2
4965.6 877828.7288381152 72149.27975212377 4.2
4969.8 874611.9990010153 72006.54944151548 4.2
4974.0 871560.8080404928 71876.67855342675 4.2
4978.2 868489.503111844 71744.39869023058 4.2
4982.4 865470.1086643956 71615.66021835273 4.2
4986.6 862748.4532061076 71510.85984178443 4.2
4990.8 860163.3258016683 71416.73641097284 4.2
4995.0 857381.818306235 71305.65933762006 4.2
4999.2 853760.8410650373 71123.97162101448 4.2
5003.4 848380.7511481408 70794.57843841345 4.2
5007.6 842391.5333078669 70412.8624858768 4.2
5011.8 838219.5603607574 70181.71876944363 4.2
5016.0 836053.7497907203 70117.75458164823 4.2
5020.2 834839.9357487474 70133.25569609104 4.2
5024.4 833851.7428870253 70167.49946471238 4.2
5028.6 832421.0857689498 70164.26820634994 4.2
5032.8 830320.7865915657 70104.19391702075 4.2
5037.0 827555.9261220737 69987.4225659329 4.2
5041.2 824869.7923513354 69876.63776737488 4.2
5045.4 823322.6230187061 69861.83681991934 4.2
5049.6 822688.2609297448 69924.27948472262 4.2
5053.8 822275.1252677055 70005.47391700083 4.2
5058.0 821553.0356334529 70060.30118638532 4.2
5062.2 819986.4119834133 70042.88081356384 4.2
5066.4 817821.0875830745 69973.88710731444 4.2
5070.6 815572.4568268675 69897.2356064079 4.2
5074.8 813413.5305970105 69827.74222350685 4.2
5079.0 811395.9377164157 69769.88385251217 4.2
5083.2 810152.6553017122 69778.23820956821 4.2
5087.4 810373.9715067459 69912.68797014709 4.2
5091.6 810700.9820257644 70056.42961803821 4.2
5095.8 809491.896910543 70067.39961738879 4.2
5100.0 807653.1709795033 70023.52992392294 4.2
5104.2 806272.5761584466 70019.01548564021 4.2
5108.4 805088.2017416528 70031.26963816374 4.2
5112.6 803877.0374786434 70040.94548398248 4.2
5116.8 801959.3784706888 69988.71179377445 4.2
5121.0 798670.6095859684 69816.16671214394 4.2
5125.2 795235.2448691169 69629.93664192264 4.2
5129.4 792830.0815567945 69533.16532252922 4.2
5133.6 791103.3109751686 69495.39056398501 4.2
5137.8 789694.0501869048 69485.1500993271 4.2
5142.0 788397.2669805418 69484.51012039103 4.2
5146.2 786871.7139423726 69463.39412193473 4.2
5150.4 784540.4424384465 69370.68772241003 4.2
5154.6 780993.3138859698 69169.71718857026 4.2
5158.8 775739.4401175312 68816.4079887724 4.2
5163.0 768955.1406175877 68325.6858792581 4.2
5167.2 763833.5176341551 67981.07063314601 4.2
5171.4 762487.9637669027 67971.67934989688 4.2
5175.6 763033.9231103316 68130.88024150452 4.2
5179.8 763750.0859593722 68305.55115622719 4.2
5184.0 763384.3793199477 68383.60627497884 4.2
5188.2 761433.2473519396 68319.39314082258 4.2
5192.4 760117.9216727338 68311.84261970954 4.2
5196.6 760618.1365903426 68467.4258294623 4.2
5200.8 761126.6852487226 68623.99543422602 4.2
5205.0 760641.0981149075 68691.02548718842 4.2
5209.2 759827.8206490512 68728.36302685595 4.2
5213.4 758806.7045486728 68746.7228155796 4.2
5217.6 756651.1418469789 68661.92893601228 4.2
5221.8 753238.9805371168 68462.38114894707 4.2
5226.0 749656.7295460234 68246.43971514299 4.2
5230.2 746841.8773666597 68099.5120350121 4.2
5234.4 745520.2427538715 68088.22301648922 4.2
5238.6 745683.9191227076 68212.50521594258 4.2
5242.8 746281.4955775229 68376.67842674181 4.2
5247.0 746247.9074273509 68483.19285204522 4.2
5251.2 744444.1748300701 68427.07879118758 4.2
5255.4 740849.0038581118 68205.59470171639 4.2
5259.6 736722.3093519963 67934.12718875038 4.2
5263.8 732977.2498809189 67696.77813846014 4.2
5268.0 730206.5464008485 67548.54519788061 4.2
5272.2 728399.268785098 67488.84566579566 4.2
5276.4 726731.2429636364 67441.62095780614 4.2
5280.6 725716.0230726216 67454.66658535911 4.2
5284.8 727177.0133362913 67698.0251706828 4.2
5289.0 730267.7481158527 68093.86729180506 4.2
5293.2 732117.2623634189 68374.78913539831 4.2
5297.4 731731.447968492 68447.24933744504 4.2
5301.6 729402.6545907147 68337.64367915278 4.2
5305.8 725757.4521773864 68103.90271434448 4.2
5310.0 721732.4174161887 67833.46471569531 4.2
5314.2 718008.2999796156 67590.24178311313 4.2
5318.4 715034.9320559178 67416.7791227517 4.2
5322.6 712868.7803355778 67318.7432983394 4.2
5326.8 711292.8982065027 67275.97492051458 4.2
5331.0 710166.0221500971 67275.35528874013 4.2
5335.2 709244.2864796339 67293.9467247497 4.2
5339.4 709029.5579957467 67379.53352608839 4.2
5343.6 710430.1306044272 67618.88419033191 4.2
5347.8 712076.9714182215 67882.21422987801 4.2
5352.0 711818.1298618569 67964.16725740855 4.2
5356.2 710231.0981862916 67919.11213391408 4.2
5360.4 708805.1390907705 67889.09197955813 4.2
5364.6 707395.9420821478 67860.33511612455 4.2
5368.8 705483.406216287 67782.87727491745 4.2
5373.0 703453.7896006407 67693.66065839918 4.2
5377.2 701805.6735072006 67640.68545695623 4.2
5381.4 700446.0748275485 67615.14753594669 4.2
5385.6 699160.7927588498 67596.46736113398 4.2
5389.8 697775.882352802 67567.8344493684 4.2
5394.0 696131.6353237733 67513.71405603706 4.2
5398.2 694172.3531345569 67428.57785325723 4.2
5402.4 691830.6225226824 67305.72395813862 4.2
5406.6 689630.9985649446 67196.08952019265 4.2
5410.8 688218.4196573186 67162.6772915757 4.2
5415.0 686455.4111404055 67094.6667264216 4.2
5419.2 683154.4413283549 66875.64750713976 4.2
5423.4 680258.506363346 66695.41819210353 4.2
5427.6 679500.1972406869 66724.29595467394 4.2
5431.8 680220.4952389941 66898.44144742518 4.2
5436.0 681707.9498089247 67148.45120272302 4.2
5440.2 682118.0195941704 67292.70713585799 4.2
5444.4 679937.828767889 67181.2375892018 4.2
5448.6 677540.7220237287 67047.7178415718 4.2
5452.8 676871.3268668797 67084.78001943558 4.2
5457.0 676427.6428713639 67144.1221216409 4.2
5461.2 675058.0050179719 67111.3538485835 4.2
5465.4 673065.5306037245 67016.23108981835 4.2
5469.6 670733.6900812025 66886.73548080084 4.2
5473.8 668897.240387949 66806.08164959116 4.2
5478.0 668038.0488170482 66822.69699772536 4.2
5482.2 667057.8573349951 66827.00535509642 4.2
5486.4 665319.6021966243 66755.03070490962 4.2
5490.6 663831.1738641845 66707.7050737885 4.2
5494.8 663042.6659026393 66730.44177246297 4.2
5499.0 661969.249129698 66724.29595467394 4.2
5503.2 660125.7316343376 66640.1552245991 4.2
5507.4 658203.2376710221 66547.53908768044 4.2
5511.6 656510.7953096213 66477.70225230056 4.2
5515.8 654485.8080869815 66373.69571304614 4.2
5520.0 652083.3319675935 66230.79986128453 4.2
5524.2 650157.3366130042 66135.70691230791 4.2
5528.4 649026.3633291287 66121.0893510459 4.2
5532.6 648148.7829929572 66132.05221906281 4.2
5536.8 647100.2718243315 66125.3524726421 4.2
5541.0 645619.9686536539 66074.21314934378 4.2
5545.2 643698.9868726465 65977.5219731626 4.2
5549.4 641630.7881558009 65865.19774035673 4.2
5553.6 640011.9191477663 65798.50103464231 4.2
5557.8 640005.0868775432 65897.35755625623 4.2
5562.0 641001.8540180987 66099.77786538225 4.2
5566.2 640223.5434484725 66119.26238307073 4.2
5570.4 637435.8579614642 65930.74755280481 4.2
5574.6 634976.7648138815 65775.47605372887 4.2
5578.8 633565.718802746 65728.2394905275 4.2
5583.0 632589.5291186465 65725.8180173016 4.2
5587.2 631388.720801927 65699.79281354093 4.2
5591.4 629077.4685455472 65557.74399462542 4.2
5595.6 626307.9605128728 65367.21770237245 4.2
5599.8 625034.8346961368 65332.30787680841 4.2
5604.0 625087.7694061667 65435.88794017033 4.2
5608.2 624830.5688664645 65507.04364234825 4.2
5612.4 623688.911448094 65485.326924803856 4.2
5616.6 621530.2396622521 65356.38162279692 4.2
5620.8 619242.834396474 65213.27335531432 4.2
5625.0 618472.2257153685 65229.49255591778 4.2
5629.2 618226.8982535059 65301.025263391 4.2
5633.4 616123.9284296765 65176.04452637075 4.2
5637.6 612887.4630932619 64930.38828947451 4.2
5641.8 610517.1690386971 64775.68286309709 4.2
5646.0 609266.7912808696 64739.300113221085 4.2
5650.2 608849.0224918111 64791.19647879876 4.2
5654.4 608084.8719208618 64806.1169208291 4.2
5658.6 605317.5480903983 64607.06319175009 4.2
5662.8 601864.6108854716 64333.917826025965 4.2
5667.0 599988.3661446049 64228.53260008448 4.2
5671.2 598912.4319058174 64208.42248301402 4.2
5675.4 597118.1923778487 64110.91865510386 4.2
5679.6 595138.0993720425 63992.930682930455 4.2
5683.8 593859.4604107995 63949.919186916675 4.2
5688.0 593053.7812610416 63957.57665213079 4.2
5692.2 592348.0359333559 63975.84046191348 4.2
5696.4 591572.9387813283 63986.44764794352 4.2
5700.6 590598.198316904 63975.25122536018 4.2
5704.8 589191.4118099477 63916.94366243191 4.2
5709.0 587128.5089008845 63786.973988707294 4.2
5713.2 585100.4062808938 63660.20019032726 4.2
5717.4 583816.1438552564 63613.89680109373 4.2
5721.6 583077.4813704811 63626.78803123102 4.2
5725.8 582651.5502334061 63673.68725738637 4.2
5730.0 581781.638959964 63671.92791269535 4.2
5734.2 579743.0913101622 63541.87121272166 4.2
5738.4 577706.9856366754 63411.49612326877 4.2
5742.6 576724.1285719007 63396.3128632676 4.2
5746.8 575833.7141501801 63391.057966489454 4.2
5751.0 574283.7393109101 63312.869894175936 4.2
5755.2 572459.0345152024 63203.917860717265 4.2
5759.4 570714.3211524667 63103.28963179142 4.2
5763.6 569788.3815127098 63092.82884897199 4.2
5767.8 570086.6477591352 63217.89051528726 4.2
5772.0 569676.9005255201 63264.48834359273 4.2
5776.2 567420.2232892582 63105.61448572076 4.2
5780.4 566006.5669299989 63039.97031850237 4.2
5784.6 566936.721894173 63235.360677445904 4.2
5788.8 567309.6412942176 63368.875426206454 4.2
5793.0 565481.2348741407 63256.33124491607 4.2
5797.2 563358.287622331 63110.26445054071 4.2
5801.4 562226.9164465239 63074.817121163025 4.2
5805.6 561941.407053452 63134.10089854281 4.2
5809.8 562396.8638851943 63276.725963930716 4.2
5814.0 563678.149185203 63512.61583645049 4.2
5818.2 565082.6364399958 63762.89104673056 4.2
5822.4 564148.1628968905 63749.38508493579 4.2
5826.6 560571.2827335716 63436.61487991477 4.2
5830.8 558132.0531812375 63251.670517894505 4.2
5835.0 558377.016603839 63370.62639713214 4.2
5839.2 559266.1748638689 63562.94342743197 4.2
5843.4 559404.5858555292 63670.16861661614 4.2
5847.6 558087.0432055193 63611.55322169681 4.2
5851.8 555441.4749771017 63400.9842483242 4.2
5856.0 552859.9353365948 63196.93269158306 4.2
5860.2 551148.1811280014 63091.66664681869 4.2
5864.4 550521.2465325656 63110.26445054071 4.2
5868.6 550159.0179926262 63159.10977254023 4.2
5872.8 547982.6807155197 62999.34004670429 4.2
5877.0 543958.6324873789 62626.19126048391 4.2
5881.2 540238.2844571118 62286.79720915785 4.2
5885.4 537389.6340595615 62046.8874181065 4.2
5889.6 534522.0858999103 61803.916912343506 4.2
5893.8 531998.5711464019 61599.89898722085 4.2
5898.0 531162.8815626269 61590.821959472305 4.2
5902.2 531620.1224904432 61731.666317711904 4.2
5906.4 531657.0092455399 61823.84335282188 4.2
5910.6 531273.4535570398 61867.13431925571 4.2
5914.8 531644.25635311 61998.33122646392 4.2
5919.0 532305.0357992548 62163.57749105392 4.2
5923.2 531883.429768537 62202.52292971149 4.2
5927.4 530333.1601300236 62109.2092479422 4.2
5931.6 528310.8642969718 61960.084304510994 4.2
5935.8 526141.7146580373 61793.10239151199 4.2
5940.0 523981.99582850595 61626.57049338224 4.2
5944.2 522350.9969956802 61521.65359071488 4.2
5948.4 521998.1031011121 61567.00112489739 4.2
5952.6 521636.3587525071 61611.24715312407 4.2
5956.8 519009.39206388564 61387.507471806035 4.2
5961.0 516210.7103605805 61142.61372340868 4.2
5965.2 516815.1502338766 61300.49761833809 4.2
5969.4 518627.919038449 61602.16845317172 4.2
5973.6 517855.9590176215 61597.062272355965 4.2
5977.8 515644.6228932756 61420.309423050334 4.2
5982.0 514262.00336158683 61341.72716393371 4.2
5986.2 513450.7700342398 61330.99351759869 4.2
5990.4 512579.94397200755 61312.92004271444 4.2
5994.6 511612.1338090309 61282.997564880374 4.2
5998.8 510552.59639264585 61241.80749314312 4.2
6003.0 509326.8461094117 61180.35603446792 4.2
6007.2 507833.1792636463 61086.325220838866 4.2
6011.4 506642.9464695468 61028.40223766013 4.2
6015.6 506439.2458493708 61089.138414850735 4.2
6019.8 505947.1215607792 61115.025879268105 4.2
6024.0 503801.3516510236 60940.77879430299 4.2
6028.2 501637.44760209706 60763.67049369291 4.2
6032.4 501049.9142805098 60777.10367642875 4.2
6036.6 501169.29570915556 60876.265155156085 4.2
6040.8 501196.8585291238 60964.35733774301 4.2
6045.0 500694.2965306696 60987.94500393714 4.2
6049.2 499276.77893551596 60899.818737680886 4.2
6053.4 498001.3383282262 60828.6250603773 4.2
6057.6 497737.1653791792 60880.7508493945 4.2
6061.8 497478.1927840199 60933.482522021186 4.2
6066.0 496451.060516268 60891.9665311138 4.2
6070.2 494870.14488186094 60782.14188554751 4.2
6074.4 493017.66556382366 60638.437207927615 4.2
6078.6 491842.57919568906 60577.59118507585 4.2
6082.8 491860.7641619695 60663.574946012035 4.2
6087.0 491621.2550993793 60717.796183937506 4.2
6091.2 490247.6671842796 60631.73557052496 4.2
6095.4 488941.4243026728 60553.60450523708 4.2
6099.6 488335.7770032461 60561.9708727758 4.2
6103.8 487493.3154101987 60540.77831973128 4.2
6108.0 485976.42058708763 60435.48337061917 4.2
6112.2 484487.01483883266 60333.14993496287 4.2
6116.4 483487.7728130334 60291.48766276259 4.2
6120.6 483211.4969590094 60339.81856963777 4.2
6124.8 483349.6753171034 60439.93658565889 4.2
6129.0 482363.0271846015 60399.31315954266 4.2
6133.2 479900.2771163112 60173.32361674192 4.2
6137.4 477868.4922659944 60000.65618733673 4.2
6141.6 476802.1439192861 59948.731780122456 4.2
6145.8 474959.31385368167 59798.73542786496 4.2
6150.0 472070.67526628 59516.31038419626 4.2
6154.2 469965.5705739222 59331.86501533561 4.2
6158.4 469216.7069414234 59318.20492128005 4.2
6162.6 468793.191410404 59345.528255106205 4.2
6166.8 468603.4991746704 59402.40111085011 4.2
6171.0 469662.7988870234 59617.80744383757 4.2
6175.2 471492.94516193296 59931.61762849833 4.2
6179.4 472102.8668110085 60090.80195163172 4.2
6183.6 471027.7325527318 60035.48175751346 4.2
6187.8 469155.39893400954 59878.098451207225 4.2
6192.0 467398.5485080149 59734.88060714401 4.2
6196.2 466838.2150922318 59744.23437531356 4.2
6200.4 467013.93507889425 59847.773760909724 4.2
6204.6 466102.763335413 59811.95528989468 4.2
6208.8 464166.62897843786 59644.17008516342 4.2
6213.0 462618.0221241562 59525.629926882386 4.2
6217.2 461516.8673096036 59464.25743996993 4.2
6221.4 460138.9583362946 59366.849192228816 4.2
6225.6 458347.4587487699 59215.58171399497 4.2
6229.8 456277.492220608 59027.718841832415 4.2
6234.0 454292.59604092373 58850.207708483285 4.2
6238.2 452967.10690092295 58757.59345396459 4.2
6242.4 452032.922884082 58715.396773023625 4.2
6246.6 450673.3330062469 58617.59554562496 4.2
6250.8 449637.0064624101 58561.474075900675 4.2
6255.0 450333.885352519 58731.08174254813 4.2
6259.2 451223.38289253565 58926.1409160648 4.2
6263.4 449838.8484875827 58824.19599743834 4.2
6267.6 446234.05492159614 58431.091626394846 4.2
6271.8 441205.43448423577 57850.084813026995 4.2
6276.0 442216.949993068 58060.396855033876 4.2
6280.2 443561.97201212944 58314.96240806445 4.2
6284.4 442626.70718901715 58269.86340134159 4.2
6288.6 441575.84836545284 58209.24951320956 4.2
6292.8 440130.4304829919 58096.23656526017 4.2
6297.0 437064.8373403471 57768.62092256816 4.2
6301.2 434376.9044733052 57489.95914281288 4.2
6305.4 434318.14112479915 57558.835640941346 4.2
6309.6 434471.8058775909 57655.932419473895 4.2
6313.8 434337.7859171068 57714.9069751773 4.2
6318.0 434320.18294456654 57789.375327669826 4.2
6322.2 434867.3419392005 57939.13404824967 4.2
6326.4 435122.91919351224 58050.23737966931 4.2
6330.6 434257.68004124804 58011.754444917075 4.2
6334.8 432728.43956314464 57884.19527963437 4.2
6339.0 431038.190796675 57734.578562552386 4.2
6343.2 429536.8669224375 57609.75124812431 4.2
6347.4 428550.0199833837 57553.534520394234 4.2
6351.6 428247.63637207844 57589.06135299388 4.2
6355.8 428655.90362608514 57720.22295936171 4.2
6360.0 428772.5987343844 57812.26703255451 4.2
6364.2 427816.584567593 57759.57646341267 4.2
6368.4 426678.3307396776 57681.958799311826 4.2
6372.6 426092.5455000393 57678.771264544324 4.2
6376.8 425868.6416519057 57724.4760992493 4.2
6381.0 425841.2867651654 57796.827445548035 4.2
6385.2 425853.52334145317 57874.59967853289 4.2
6389.4 425709.2627997548 57931.130013980175 4.2
6393.6 425173.63910891773 57934.33149499242 4.2
6397.8 424134.8273651469 57868.73648316793 4.2
6402.0 422795.0705133986 57761.70444404746 4.2
6406.2 421390.04205906414 57645.31278236763 4.2
6410.4 420229.9438986594 57562.01654763869 4.2
6414.6 419424.78913271026 57527.03624018995 4.2
6418.8 418459.63011349353 57469.84158403625 4.2
6423.0 417231.8088533971 57376.228835961556 4.2
6427.2 416625.287099798 57367.77418538933 4.2
6431.4 416817.75689489057 57469.31226967165 4.2
6435.6 416692.00586049625 57527.03624018995 4.2
6439.8 415669.8217584818 57460.84390282838 4.2
6444.0 414058.964061743 57312.849315609965 4.2
6448.2 412158.4956467763 57124.18276756539 4.2
6452.4 410278.4344630219 56937.71051094209 4.2
6456.6 408697.0388973955 56792.10943154545 4.2
6460.8 407624.85768946353 56716.83660854202 4.2
6465.0 406331.22388542787 56610.37086013572 4.2
6469.2 405960.79934135353 56632.27392922866 4.2
6473.4 405247.5218551579 56606.199807531564 4.2
6477.6 404066.64548065903 56514.51436291306 4.2
6481.8 402641.0053451942 56388.16994925465 4.2
6486.0 401608.9346420346 56316.544592907674 4.2
6490.2 401067.1524312489 56313.432511632825 4.2
6494.4 400382.59199139354 56290.09738312496 4.2
6498.6 399456.63782420836 56232.57873399805 4.2
6502.8 398852.6304614108 56220.14999916009 4.2
6507.0 398172.8477606256 56196.853525007304 4.2
6511.2 396324.7403527314 56008.24959024562 4.2
6515.4 393723.2738902127 55712.4169890198 4.2
6519.6 391719.645276573 55500.3855385687 4.2
6523.8 389999.4350295122 55327.87622158334 4.2
6528.0 387140.81788578496 54993.07443928688 4.2
6532.2 382685.76527181175 54430.2087599523 4.2
6536.4 376589.3310385909 53632.00091209327 4.2
6540.6 367825.70383336855 52451.26900873415 4.2
6544.8 355441.7966078683 50750.46198310108 4.2
6549.0 339828.0894570434 48583.41066595668 4.2
6553.2 322218.4539797594 46124.95972991476 4.2
6557.4 305549.72840920597 43794.94648550357 4.2
6561.6 294047.6756743847 42200.3448582367 4.2
6565.8 292395.0091981965 42016.89931539856 4.2
6570.0 302768.378953708 43563.222668996365 4.2
6574.2 320231.04358312977 46134.731776234374 4.2
6578.4 338021.79232095735 48760.03402507257 4.2
6582.6 352739.68588798796 50948.10087231101 4.2
6586.8 363051.5548500941 52504.4362815198 4.2
6591.0 369666.9560793823 53529.35371819702 4.2
6595.2 373839.60963257065 54202.58510397688 4.2
6599.4 376603.498267812 54672.88606805623 4.2
6603.6 378976.0256572158 55087.365099656156 4.2
6607.8 380721.5636789296 55411.511897168304 4.2
6612.0 381255.01486940787 55559.713809296205 4.2
6616.2 381234.3326605989 55627.30243843364 4.2
6620.4 381445.762543743 55728.83957937254 4.2
6624.6 381587.3194371258 55820.27863477019 4.2
6628.8 381128.4975276219 55823.87761714767 4.2
6633.0 380474.24168140744 55798.68961255907 4.2
6637.2 380262.45323098137 55838.27586723123 4.2
6641.4 380278.6811522572 55911.35275705584 4.2
6645.6 380043.1068645286 55947.411761124844 4.2
6649.8 379510.7546104826 55939.68287445079 4.2
6654.0 378777.0537607869 55902.084198764445 4.2
6658.2 378100.7874824052 55872.74389940149 4.2
6662.4 377700.75045599096 55884.06640024216 4.2
6666.6 377165.93298769736 55875.316993593224 4.2
6670.8 376060.23625287047 55781.732667167234 4.2
6675.0 374889.0147736341 55678.04786291166 4.2
6679.2 374372.86121841765 55671.38168296884 4.2
6683.4 374426.29977129394 55749.374625078075 4.2
6687.6 374593.8789519919 55844.44768261027 4.2
6691.8 374340.9598145298 55876.86090698654 4.2
6696.0 373444.7554823477 55813.08136608275 4.2
6700.2 372595.59973479406 55756.05014402005 4.2
6704.4 372197.472743897 55766.32173403195 4.2
6708.6 371663.112006563 55756.05014402005 4.2
6712.8 370818.8805971633 55699.077197906954 4.2
6717.0 370205.2370359694 55676.50944284986 4.2
6721.2 369804.01096266124 55685.74060087608 4.2
6725.4 369301.4523678264 55679.58632548216 4.2
6729.6 368718.35088040424 55661.127579949534 4.2
6733.8 368150.0197546563 55644.72494347456 4.2
6738.0 367518.53056306875 55618.593231656676 4.2
6742.2 366601.29286686244 55548.968647100664 4.2
6746.4 365518.26204421633 55453.8878799031 4.2
6750.6 364653.5992773462 55391.61147501177 4.2
6754.8 364079.532890262 55373.248198120964 4.2
6759.0 363664.0423176067 55378.85855341657 4.2
6763.2 363353.0363793014 55400.28513915923 4.2
6767.4 363059.2955423128 55424.27233833944 4.2
6771.6 362465.48831420246 55402.32619868833 4.2
6775.8 361273.49263215536 55288.651812079996 4.2
6780.0 359866.87035957543 55141.68081145702 4.2
6784.2 359087.2372452916 55090.40942406973 4.2
6788.4 358871.03329055826 55125.43124943243 4.2
6792.6 358658.5374439391 55160.98338780299 4.2
6796.8 358129.6458597647 55147.775632050936 4.2
6801.0 357019.308947763 55044.76221788521 4.2
6805.2 355702.9508663613 54909.56459651201 4.2
6809.4 355002.6229988688 54869.120636078784 4.2
6813.6 354800.30642855726 54905.518859327305 4.2
6817.8 354513.46953134856 54928.78591960465 4.2
6822.0 354021.65219926153 54920.18607503846 4.2
6826.2 353315.9453052569 54878.217929145816 4.2
6830.4 352469.0433596806 54814.06368009789 4.2
6834.6 351605.00639727945 54746.95891689988 4.2
6838.8 350824.123367414 54692.52827532008 4.2
6843.0 349974.31706056645 54627.08168003286 4.2
6847.2 348702.6340462328 54495.41948940333 4.2
6851.4 346525.0286012793 54221.558945937184 4.2
6855.6 341509.12668250763 53502.244288950875 4.2
6859.8 344069.63517706876 53969.45096754216 4.2
6864.0 344685.2546433584 54132.24017051164 4.2
6868.2 345089.2163695748 54262.02535887664 4.2
6872.4 343425.38706270896 54066.46808117992 4.2
6876.6 341795.0185770348 53875.585134447014 4.2
6880.8 340985.0869110757 53813.59426650265 4.2
6885.0 340368.5037668135 53781.882556572025 4.2
6889.2 340429.8777880147 53857.22840080933 4.2
6893.4 340021.4343611651 53858.220496757116 4.2
6897.6 338913.7927905969 53748.20934028847 4.2
6901.8 338277.0342422755 53712.57832607636 4.2
6906.0 337837.6960668703 53708.1261104503 4.2
6910.2 337082.35566235444 53653.245785053376 4.2
6914.4 336297.9769310569 53593.485168039515 4.2
6918.6 334753.25582753005 53412.14262296969 4.2
6922.8 332801.8139063378 53165.26708834392 4.2
6927.0 330712.7049295856 52895.65508372076 4.2
6931.2 328228.57970678934 52562.01429315808 4.2
6935.4 326863.34927700483 52406.84318180593 4.2
6939.6 326880.02162331453 52473.01274625808 4.2
6943.8 326794.58203835564 52522.81567937114 4.2
6948.0 326625.15976791293 52559.10968916235 4.2
6952.2 326332.8095552413 52575.571234363466 4.2
6956.4 326287.29376635107 52631.7729651006 4.2
6960.6 327024.2063613327 52814.35739591126 4.2
6964.8 328125.4792691393 53056.1826953261 4.2
6969.0 328697.4430337351 53212.78632206378 4.2
6973.2 328483.0857238361 53242.20092131958 4.2
6977.4 327652.89753933 53171.633182132246 4.2
6981.6 326190.5152796224 52998.0633567544 4.2
6985.8 324289.55370755267 52752.61586046209 4.2
6990.0 322694.00950270187 52556.205245676545 4.2
6994.2 321692.6668222518 52456.10017161896 4.2
6998.4 320798.05907284695 52373.066130964326 4.2
7002.6 319817.7884805288 52275.717216716184 4.2
7006.8 319152.17768895894 52229.51583890559 4.2
7011.0 318996.06109088386 52266.56995128233 4.2
7015.2 319060.57283396926 52339.79291506103 4.2
7019.4 319031.2841662517 52397.67297179998 4.2
7023.6 318649.8470784985 52397.67297179998 4.2
7027.8 317952.6634607843 52345.578042446 4.2
7032.0 317584.6699845903 52347.506560333626 4.2
7036.2 317802.2031785998 52445.955243471464 4.2
7040.4 317823.9246150572 52512.17419132291 4.2
7044.6 317220.0124610084 52474.94595910018 4.2
7048.8 316229.8617972102 52373.54850695077 4.2
7053.0 315150.1274032443 52256.94298000019 4.2
7057.2 314604.11858885083 52228.55374453001 4.2
7061.4 314713.6850598072 52308.94969870697 4.2
7065.6 314739.43434697465 52375.478055327374 4.2
7069.8 314365.5870053484 52375.478055327374 4.2
7074.0 313917.22295404173 52362.9372614711 4.2
7078.2 313443.73599465453 52346.06016525706 4.2
7082.4 312654.26133771514 52276.19869608229 4.2
7086.6 311628.6762967961 52166.53607880286 4.2
7090.8 310835.621430536 52095.47473285543 4.2
7095.0 310359.0795122365 52077.244875144876 4.2
7099.2 309991.96137333487 52077.244875144876 4.2
7103.4 309519.99723326194 52059.5008801544 4.2
7107.6 308687.68042205 51980.92458115704 4.2
7111.8 307667.8985160273 51870.448123154914 4.2
7116.0 306908.82456024404 51803.60699893693 4.2
7120.2 306473.4584397509 51791.20313398894 4.2
7124.4 306030.46682876773 51777.371557612474 4.2
7128.6 305354.80769722554 51723.987728458815 4.2
7132.8 304610.7045413528 51658.762700190506 4.2
7137.0 304075.8022368365 51628.79632342476 4.2
7141.2 303796.56714633974 51642.11256645073 4.2
7145.4 303336.14519148844 51624.516831713336 4.2
7149.6 302255.1886312205 51501.040098271435 4.2
7153.8 300593.5559429883 51278.108860321045 4.2
7158.0 298341.6357907543 50953.73217570663 4.2
7162.2 297879.3285440525 50934.49445836793 4.2
7166.4 298592.6853138259 51116.36940334833 4.2
7170.6 298603.06496205647 51178.08131531968 4.2
7174.8 297570.34999214567 51060.84528020915 4.2
7179.0 296866.60649823246 50999.744457455905 4.2
7183.2 296072.00013958773 50922.76770774592 4.2
7187.4 295209.02072524256 50833.732590201056 4.2
7191.6 294714.9773982586 50807.988332494795 4.2
7195.8 294731.8611722941 50870.26499759354 4.2
7200.0 294754.3762670605 50933.556218948055 4.2
7204.2 294616.95236445626 50969.221469651515 4.2
7208.4 294764.7176686788 51054.2616759733 4.2
7212.6 294096.2992736239 50997.86559204448 4.2
7216.8 291887.78110291314 50673.86148928926 4.2
7221.0 291473.15687622735 50660.79491588394 4.2
7225.2 291786.7106713087 50774.3064633393 4.2
7229.4 292736.4118033079 50998.805016098115 4.2
7233.6 292035.92202132876 50935.90184990336 4.2
7237.8 290991.36269977724 50812.66813666625 4.2
7242.0 289870.6295672378 50675.728417728096 4.2
7246.2 288911.3617991177 50566.62870137019 4.2
7250.4 288308.41646665405 50519.611251577866 4.2
7254.6 288133.86948464345 50547.53713597959 4.2
7258.8 288368.3507542767 50647.26523107666 4.2
7263.0 288544.7430639711 50736.908351430386 4.2
7267.2 288014.94891261106 50702.339622734704 4.2
7271.4 287089.4167653481 50597.842634067325 4.2
7275.6 286243.49514062854 50507.04963754156 4.2
7279.8 285739.55152248853 50476.356617550024 4.2
7284.0 285731.0127242268 50533.10683546974 4.2
7288.2 285720.0325813886 50589.45490902137 4.2
7292.4 285356.8418966398 50583.39797235423 4.2
7296.6 284252.4240807763 50445.68224963741 4.2
7300.8 283384.6693115868 50349.59713972736 4.2
7305.0 283071.93535835587 50351.915877754436 4.2
7309.2 281792.5866766596 50182.00391722044 4.2
7313.4 281178.8172998527 50130.26495398042 4.2
7317.6 280117.29416637326 49998.38771722689 4.2
7321.8 279445.7644462495 49935.79863017896 4.2
7326.0 278611.7486662505 49843.898159200995 4.2
7330.2 277859.72797201417 49766.374113574515 4.2
7334.4 277018.0523295307 49672.4978910836 4.2
7338.6 276785.1728453641 49687.5977059144 4.2
7342.8 276458.44202256 49685.76718088573 4.2
7347.0 276203.49838050484 49696.75134271242 4.2
7351.2 275931.17968629894 49704.5332598455 4.2
7355.4 275337.05561279 49654.201237150104 4.2
7359.6 274597.6607579294 49577.428857006045 4.2
7363.8 274132.9789596585 49550.03892614807 4.2
7368.0 273944.1435082686 49572.40623650074 4.2
7372.2 274068.4460648626 49651.45732040269 4.2
7376.4 274473.4469411195 49781.50246559706 4.2
7380.6 274585.7005390795 49858.59086085157 4.2
7384.8 274010.8619209515 49810.85540921035 4.2
7389.0 273137.87204856233 49708.653591640956 4.2
7393.2 272611.6083585303 49669.295490028955 4.2
7397.4 272590.7087241284 49721.932539915855 4.2
7401.6 272642.7995548812 49787.9219436144 4.2
7405.8 272230.82291137235 49769.12438103449 4.2
7410.0 271494.3767148811 49690.801286994545 4.2
7414.2 271022.0716274812 49660.60429928209 4.2
7418.4 270904.8380909115 49695.37818969738 4.2
7422.6 270695.5648031655 49713.23213867795 4.2
7426.8 270202.7702077182 49678.90331262503 4.2
7431.0 269656.39991132694 49634.53985074632 4.2
7435.2 269289.82522224175 49623.11239127593 4.2
7439.4 268970.9853357601 49620.37019251336 4.2
7443.6 268358.4039689152 49563.27550280824 4.2
7447.8 267663.5558527185 49490.74597615422 4.2
7452.0 267344.6898189251 49487.55529270084 4.2
7456.2 267154.29291899 49508.0704190904 4.2
7460.4 266676.67273227224 49475.25029759485 4.2
7464.6 266136.3361821398 49430.61342381233 4.2
7468.8 265633.9587733795 49392.84022339162 4.2
7473.0 264917.89174328424 49315.10929848929 4.2
7477.2 264401.1015112469 49274.247431864664 4.2
7481.4 264632.697700873 49372.827584478866 4.2
7485.6 264967.1422575516 49490.74597615422 4.2
7489.8 264601.8113942236 49477.984476514066 4.2
7494.0 263891.7889137928 49400.574551676684 4.2
7498.2 263317.19148741587 49348.27770048227 4.2
7502.4 262809.3571529189 49308.29663497029 4.2
7506.6 263430.89402227633 49480.26307436997 4.2
7510.8 262952.23076462105 49445.639708806666 4.2
7515.0 262300.6005161455 49378.28477261478 4.2
7519.2 261576.05254417492 49296.944287128565 4.2
7523.4 260971.4203220364 49237.95419719497 4.2
7527.6 260692.29029611376 49240.22174099349 4.2
7531.8 260607.97179070037 49279.23984325484 4.2
7536.0 260226.47277880218 49261.99547538966 4.2
7540.2 259544.31688831522 49187.64160683084 4.2
7544.4 259066.84843681986 49151.86486550791 4.2
7548.6 258821.54733062247 49160.014238311574 4.2
7552.8 258390.9421490691 49132.8549155712 4.2
7557.0 257709.48928824547 49057.79227978652 4.2
7561.2 257138.91282813178 49003.60155642767 4.2
7565.4 256959.96503429394 49023.91605920574 4.2
7569.6 256526.00238695974 48995.47811252732 4.2
7573.8 254827.08688849054 48725.01707700756 4.2
7578.0 251241.89061339461 48092.793048945365 4.2
7582.2 250928.95788455568 48086.14924299235 4.2
7586.4 251333.1530442493 48216.97939006173 4.2
7590.6 252211.59142010545 48439.09271219803 4.2
7594.8 255324.54772052623 49091.23976020512 4.2
7599.0 260615.574452084 50163.981614120916 4.2
7603.2 263167.603389286 50711.213129434254 4.2
7607.4 257537.6629140842 49681.19116334833 4.2
7611.6 248641.34123890114 48017.99256141684 4.2
7615.8 244794.8032041304 47327.32954527583 4.2
7620.0 247470.4294839008 47897.40668575002 4.2
7624.2 251455.24227269363 48722.32450745485 4.2
7628.4 252581.9662660221 48994.57559077954 4.2
7632.6 251378.56846752937 48814.85459339651 4.2
7636.8 249773.5351711203 48556.56989809832 4.2
7641.0 248686.8694629785 48398.510932861784 4.2
7645.2 247846.93493733724 48288.086937873006 4.2
7649.4 247009.98636817053 48177.914881599994 4.2
7653.6 246698.0591707242 48169.928313748926 4.2
7657.8 246988.7746186287 48279.63743259577 4.2
7662.0 247075.08840232994 48349.50142022917 4.2
7666.2 246631.7385571832 48315.66929488335 4.2
7670.4 246044.2556032611 48253.40891792715 4.2
7674.6 245530.67404709113 48205.434307871474 4.2
7678.8 245201.17234800317 48193.44810993278 4.2
7683.0 245296.63374875556 48264.965489918155 4.2
7687.2 242668.2140896137 47800.01137924015 4.2
7691.4 241591.94981166872 47640.02711547129 4.2
7695.6 240981.82152725116 47571.62645177367 4.2
7699.8 241747.70809653893 47774.92346590922 4.2
7704.0 242232.6645838947 47923.00030346705 4.2
7708.2 242173.88323958774 47963.625130075205 4.2
7712.4 241825.53809073727 47946.84113749453 4.2
7716.6 242030.04273850837 48039.66829296804 4.2
7720.8 242757.49617920857 48236.523520815164 4.2
7725.0 242831.08398381562 48303.65568720563 4.2
7729.2 242087.38781790584 48208.098312226466 4.2
7733.4 241475.07330198516 48138.43864903694 4.2
7737.6 241219.66224577505 48139.768781628314 4.2
7741.8 240849.28390516038 48118.04788425066 4.2
7746.0 240306.91572349938 48061.79647259492 4.2
7750.2 239849.84094223738 48022.415385646826 4.2
7754.4 239475.37128224567 47999.42114734839 4.2
7758.6 238824.3093724528 47920.79341856072 4.2
7762.8 237196.60045196305 47645.7316082224 4.2
7767.0 234333.6431077051 47121.596921794255 4.2
7771.2 231443.550180649 46590.78201101262 4.2
7775.4 230084.7180036795 46367.32056676905 4.2
7779.6 230691.03601203192 46539.74506684367 4.2
7783.8 232497.30214129074 46954.800535569855 4.2
7788.0 234425.7796341632 47395.3789476908 4.2
7792.2 235683.44241225053 47701.05671356412 4.2
7796.4 235887.55510518717 47793.848215358645 4.2
7800.6 235414.51535650622 47749.408929676014 4.2
7804.8 234929.57739432665 47702.37476067863 4.2
7809.0 234631.54970339665 47693.14919562846 4.2
7813.2 234562.9267731657 47730.50177668297 4.2
7817.4 234602.47299156638 47789.886601068174 4.2
7821.6 234195.23274250267 47758.20550602188 4.2
7825.8 233408.01510021754 47648.803541086476 4.2
7830.0 232895.8396755077 47595.29248360579 4.2
7834.2 232751.20909304795 47616.77740473521 4.2
7838.4 232574.66843935396 47631.691008450995 4.2
7842.6 232041.21169477658 47573.37908754475 4.2
7846.8 231323.677476642 47477.079941674674 4.2
7851.0 230842.25069711817 47429.00349253787 4.2
7855.2 230663.43792216296 47442.98434523271 4.2
7859.4 230321.49437409866 47423.32494804956 4.2
7863.6 229622.4924526521 47329.9450224275 4.2
7867.8 228885.68484984763 47228.48342762754 4.2
7872.0 228147.16886462583 47126.371229053264 4.2
7876.2 227293.90155064178 47000.231817980144 4.2
7880.4 226556.6060370999 46897.74922334537 4.2
7884.6 226002.85391534603 46833.00232426299 4.2
7888.8 225303.2015797295 46737.771393576586 4.2
7893.0 224481.75504855678 46616.96550026019 4.2
7897.2 223974.70901029752 46561.1823472259 4.2
7901.4 223934.57797033832 46602.369609684305 4.2
7905.6 224119.46734553864 46690.44358630766 4.2
7909.8 224403.8221727515 46799.36927123244 4.2
7914.0 224678.31742274514 46906.3889037255 4.2
7918.2 224421.4275296912 46902.50085060707 4.2
7922.4 223532.0096524308 46766.19110228519 4.2
7926.6 222859.61136185165 46674.964897009784 4.2
7930.8 222898.55798979301 46732.606029637296 4.2
7935.0 223147.1746971428 46834.296385817346 4.2
7939.2 222868.02759549365 46825.23870577409 4.2
7943.4 222056.9598309233 46704.20673050147 4.2
7947.6 221271.3841321509 46588.20738038985 4.2
7951.8 220754.90295500655 46528.601581940864 4.2
7956.0 220400.0586836448 46502.8960298453 4.2
7960.2 219985.11490724917 46464.364327041425 4.2
7964.4 219532.65379051902 46417.74089966082 4.2
7968.6 219517.52654290237 46463.50842970357 4.2
7972.8 219949.77146436155 46604.086536055904 4.2
7977.0 219999.69088944854 46663.78903504623 4.2
7981.2 219446.60529178072 46595.50253670124 4.2
7985.4 219018.0479187749 46553.46378898287 4.2
7989.6 218745.52691594796 46544.46042152683 4.2
7993.8 218093.48794269457 46454.52245947404 4.2
7998.0 217293.35983549978 46332.74170376896 4.2
8002.2 216835.5328753909 46283.69254755404 4.2
8006.4 216630.0437209587 46288.38195928324 4.2
8010.6 216359.09797104145 46279.00361090263 4.2
8014.8 215951.32630667693 46240.231532250866 4.2
8019.0 215433.29690526993 46177.6683187222 4.2
8023.2 214938.40318897596 46119.86209268114 4.2
8027.4 214701.68185687496 46117.313485335726 4.2
8031.6 214601.6775878822 46144.08088821356 4.2
8035.8 214298.44330831218 46127.08391171955 4.2
8040.0 213903.13870001907 46090.137101970504 4.2
8044.2 213668.0247449013 46087.590137243795 4.2
8048.4 213616.1826719033 46124.53490529271 4.2
8052.6 213590.042042866 46167.036741704746 4.2
8056.8 213369.37682590517 46167.46195778535 4.2
8061.0 213054.84384123722 46147.481035007215 4.2
8065.2 212727.17455260048 46124.53490529271 4.2
8069.4 212204.58672370188 46059.15859032743 4.2
8073.6 211622.96604875082 45980.74461693743 4.2
8077.8 211369.8612738106 45973.54570929543 4.2
8082.0 211303.92417206647 46007.0090103738 4.2
8086.2 210870.72792239336 45960.42119091774 4.2
8090.4 210130.58338698192 45846.69144442035 4.2
8094.6 209535.9133077295 45764.42393497068 4.2
8098.8 209112.45771071682 45719.34501781391 4.2
8103.0 208590.04457157003 45652.44059272429 4.2
8107.2 207896.64500357868 45547.862402400315 4.2
8111.4 207064.48562108172 45412.56160301408 4.2
8115.6 206123.72760426364 45253.06506275413 4.2
8119.8 205117.4412868618 45078.76402513287 4.2
8124.0 203838.12942491 44843.964490171005 4.2
8128.2 203297.71266217274 44771.330417635865 4.2
8132.4 204211.31002122487 45019.01618587104 4.2
8136.6 204606.45082763553 45152.728594143875 4.2
8140.8 204583.72607262607 45194.33495154577 4.2
8145.0 204175.241256944 45150.64928202651 4.2
8149.2 203634.4733219044 45077.518470060466 4.2
8153.4 203181.31027306215 45023.5774620125 4.2
8157.6 202908.59427042975 45009.48046528749 4.2
8161.8 202496.42384631862 44964.31690232251 4.2
8166.0 201808.05815855274 44857.59649155704 4.2
8170.2 200835.2212365698 44687.28812111361 4.2
8174.4 200630.74418077568 44687.69970814335 4.2
8178.6 200398.89308814795 44681.93783468644 4.2
8182.8 200137.91991380678 44669.59346452437 4.2
8187.0 199812.9694369679 44642.85902749865 4.2
8191.2 199512.53865123153 44621.48299860551 4.2
8195.4 199135.61694289028 44582.867686691425 4.2
8199.6 198589.33484141986 44506.14720158269 4.2
8203.8 197067.55408594478 44210.354774550135 4.2
8208.0 195467.50033594036 43896.30856184242 4.2
8212.2 195132.77441926365 43865.9965367308 4.2
8216.4 196548.66886648515 44229.496960969234 4.2
8220.6 197228.74956833167 44427.92192573651 4.2
8224.8 197016.4831605314 44425.46681587662 4.2
8229.0 196588.96222044626 44374.3495381736 4.2
8233.2 195477.11644778692 44168.433843365056 4.2
8237.4 194486.26853194844 43989.39611122646 4.2
8241.6 193900.16991272202 43901.5647757691 4.2
8245.8 192986.82488961218 43739.31728790656 4.2
8250.0 193505.5196728114 43901.5647757691 4.2
8254.2 193720.36532957296 43995.06867929549 4.2
8258.4 193261.5356266088 43935.54317985954 4.2
8262.6 192544.801381999 43817.13725560764 4.2
8266.8 192664.80760245366 43889.031766082335 4.2
8271.0 192989.29208772426 44007.631969023125 4.2
8275.2 193774.33582593148 44231.53385147703 4.2
8279.4 194235.0155350316 44381.70679955719 4.2
8283.6 194030.95259283864 44380.07174717264 4.2
8287.8 193431.2909702746 44287.78906736087 4.2
8292.0 191928.1459021654 43988.18065608568 4.2
8296.2 191603.23098405733 43958.210058106306 4.2
8300.4 190974.42507540667 43858.3208139439 4.2
8304.6 190804.15011509127 43863.572479157476 4.2
8308.8 190558.63981960848 43851.454200462475 4.2
8313.0 189937.0522845778 43752.61349043137 4.2
8317.2 189056.2176460059 43593.726984290224 4.2
8321.4 188587.3064547739 43529.532206190765 4.2
8325.6 187547.02160957878 43333.1240393439 4.2
8329.8 187496.0430073776 43365.06483106388 4.2
8334.0 187017.50659307188 43298.01634051824 4.2
8338.2 186984.08303547645 43333.922272339194 4.2
8342.4 187376.54885189087 43468.63472871713 4.2
8346.6 187329.44770916135 43501.47672463164 4.2
8350.8 187553.46396326734 43597.340751638905 4.2
8355.0 187523.778949944 43634.29867158089 4.2
8359.2 187604.74663660803 43697.03806503303 4.2
8363.4 187704.86016299407 43764.30136868773 4.2
8367.6 187563.11302922378 43775.18599303833 4.2
8371.8 187188.67297717973 43731.663731601424 4.2
8376.0 186913.17615626662 43711.12659649811 4.2
8380.2 186837.68934840124 43737.30306428691 4.2
8384.4 186690.09474826898 43746.56926102563 4.2
8388.6 186475.71564163492 43740.123003326924 4.2
8392.8 186388.66884014956 43763.495207888795 4.2
8397.0 186397.87131258062 43809.470082274594 4.2
8401.2 186431.2052877267 43861.14855553845 4.2
8405.4 186299.840629406 43874.07769618713 4.2
8409.6 185586.58327703117 43749.79274612585 4.2
8413.8 184670.22821214798 43577.268056520414 4.2
8418.0 184547.17941070453 43591.71946519745 4.2
8422.2 185120.34634110384 43770.751189703864 4.2
8426.4 185353.63709025475 43869.63287427183 4.2
8430.6 184608.7520085678 43736.900230693805 4.2
8434.8 183114.89656389254 43426.21718046568 4.2
8439.0 181571.33258370106 43103.04978070549 4.2
8443.2 180480.8389351435 42886.8352983005 4.2
8447.4 180123.81474975543 42844.59086628765 4.2
8451.6 180633.95287218562 43008.668748216056 4.2
8455.8 181304.19383828103 43211.16745563657 4.2
8460.0 181267.74356105705 43245.4081168485 4.2
8464.2 180737.97881109986 43161.84492073565 4.2
8468.4 180414.12142483503 43127.27320413333 4.2
8472.6 180798.92666304403 43262.140159891555 4.2
8476.8 182029.3345740607 43599.75009629638 4.2
8481.0 183497.912620326 43995.06867929549 4.2
8485.2 184008.1623463373 44161.11193674805 4.2
8489.4 182818.12934262914 43918.955198474745 4.2
8493.6 180275.8890554283 43351.08783875294 4.2
8497.8 177373.29901012412 42695.293168617514 4.2
8502.0 175326.29422355487 42244.28850986872 4.2
8506.2 175196.76199608156 42254.79509164937 4.2
8510.4 177150.0620410101 42768.10424660847 4.2
8514.6 180273.85832398938 43565.22887573296 4.2
8518.8 183120.26589634322 44296.76390006014 4.2
8523.0 184493.16353074132 44672.88496306695 4.2
8527.2 183813.05634086128 44552.081567102825 4.2
8531.4 181145.95702764663 43948.89903258873 4.2
8535.6 177001.58086859595 42985.699664070875 4.2
8539.8 172411.35111201747 41912.155814940896 4.2
8544.0 168965.7869444651 41114.972110451956 4.2
8548.2 168121.75130354599 40949.82027292275 4.2
8552.4 170286.9022038769 41517.95941225971 4.2
8556.6 174506.1729369008 42588.46625095449 4.2
8560.8 179220.85820232378 43782.04066383026 4.2
8565.0 183089.1127612503 44770.9180603431 4.2
8569.2 185244.23300591193 45342.34739443078 4.2
8573.4 185477.43506798332 45443.942326499 4.2
8577.6 184016.88507480887 45130.27708987833 4.2
8581.8 181139.21306334334 44468.04126486818 4.2
8586.0 176925.929718069 43476.24225184832 4.2
8590.2 171583.17666766647 42204.620549766 4.2
8594.4 166178.2301449951 40915.13608581856 4.2
8598.6 162721.80833730125 40103.28974138928 4.2
8602.8 162705.2632386895 40138.39476740104 4.2
8607.0 166188.76053277793 41037.793330072236 4.2
8611.2 171794.75584396915 42463.520779733044 4.2
8615.4 177539.2426562902 43926.236955536035 4.2
8619.6 182115.54999717497 45102.43611171932 4.2
8623.8 184979.62845401934 45856.40453674649 4.2
8628.0 186246.86956202527 46215.53660911399 4.2
8632.2 186515.21565756327 46327.19441169789 4.2
8636.4 186128.01992886318 46276.019989456894 4.2
8640.6 184682.3759662285 45961.26782096082 4.2
8644.8 181603.1403899053 45238.896212877095 4.2
8649.0 176949.5491779038 44122.48864370827 4.2
8653.2 170947.90055251386 42667.38238457186 4.2
8657.4 163816.7430283371 40927.19681761697 4.2
8661.6 157033.75192320658 39270.641890239116 4.2
8665.8 153125.64514015103 38330.45724542536 4.2
8670.0 153676.35807231689 38505.60930767393 4.2
8674.2 158039.7710707764 39637.29418637064 4.2
8678.4 164147.36959046777 41208.99280504127 4.2
8682.6 170227.47878003676 42776.77111819005 4.2
8686.8 175524.44535455253 44150.537992188016 4.2
8691.0 179771.87780834193 45262.65238923573 4.2
8695.2 182730.1047697682 46051.94740591666 4.2
8699.4 184540.05862188654 46553.035017710004 4.2
8703.6 185561.30054510842 46855.86934333285 4.2
8707.8 185842.21088114963 46972.10251031703 4.2
8712.0 185548.53136912207 46943.125305557456 4.2
8716.2 184829.3264586057 46806.26638934151 4.2
8720.4 183300.83453847776 46463.936376401536 4.2
8724.6 180610.17152240692 45826.00519466943 4.2
8728.8 176821.94735720142 44908.02957640743 4.2
8733.0 172062.54186338995 43741.33160428678 4.2
8737.2 166226.66836432632 42298.405858358245 4.2
8741.4 159257.27022140997 40563.9277027536 4.2
8745.6 152073.67272383714 38771.4461308845 4.2
8749.8 146833.44975193936 37471.40695144021 4.2
8754.0 145633.125485805 37200.77606306987 4.2
8758.2 149042.98430599886 38108.33725275405 4.2
8762.4 155591.94342387692 39820.98514643592 4.2
8766.6 162899.17035133988 41731.11609168969 4.2
8770.8 169252.40123048928 43400.22689538699 4.2
8775.0 174019.93593838264 44665.479432384745 4.2
8779.2 177749.08304703818 45666.318360680234 4.2
8783.4 180948.8937640412 46532.887221874706 4.2
8787.6 183037.76086943314 47115.08728227624 4.2
8791.8 183673.14175886847 47323.84246723394 4.2
8796.0 183712.54490633443 47379.230179286176 4.2
8800.2 183906.11496966067 47474.456333771544 4.2
8804.4 183991.4849371499 47541.84152067189 4.2
8808.6 183680.679200422 47506.82429969164 4.2
8812.8 183277.61563889 47447.791215104386 4.2
8817.0 182737.45540951067 47353.05468231882 4.2
8821.2 181674.4763701528 47122.46494168176 4.2
8825.4 180305.28555351993 46811.871046254855 4.2
8829.6 178766.93561915396 46456.6618185525 4.2
8833.8 176513.5826423697 45914.72632014918 4.2
8838.0 173203.73790007082 45096.62076362193 4.2
8842.2 168919.8110314369 44023.03702493341 4.2
8846.4 163547.57519529408 42663.45275439517 4.2
8850.6 156790.52991656933 40939.638170876024 4.2
8854.8 148997.7608790329 38941.79803040249 4.2
8859.0 141688.90739953035 37066.70656516653 4.2
8863.2 137086.96323387025 35896.82187335747 4.2
8867.4 136991.1954924252 35905.74977599192 4.2
8871.6 141379.14477915078 37090.953678169295 4.2
8875.8 148238.91904308097 38927.453984253305 4.2
8880.0 155354.31599442885 40834.571250503635 4.2
8884.2 161550.6096162523 42503.432079163525 4.2
8888.4 166581.23338439848 43868.42072826586 4.2
8892.6 170371.02623670266 44908.856820502384 4.2
8896.8 172813.47340450663 45595.711808452725 4.2
8901.0 174127.61542185192 45985.82687749006 4.2
8905.2 174896.8144840089 46232.56617878949 4.2
8909.4 175451.19859905954 46422.871461496696 4.2
8913.6 175685.1171154109 46528.601581940864 4.2
8917.8 175605.37238531263 46551.3199721112 4.2
8922.0 175280.18256959747 46508.89272146812 4.2
8926.2 174718.95678158943 46403.63477811686 4.2
8930.4 174312.05835107353 46339.14325078437 4.2
8934.6 174332.76835848636 46388.25117089766 4.2
8938.8 174040.6970740259 46354.083633625996 4.2
8943.0 172785.30072967988 46062.97673332496 4.2
8947.2 170980.6500670831 45624.69770768486 4.2
8951.4 170749.45495232852 45605.79177109643 4.2
8955.6 169899.41338850776 45421.34602065538 4.2
8959.8 168435.10970661876 45072.12146242366 4.2
8964.0 166949.66771187788 44716.520222513886 4.2
8968.2 165527.70164594724 44377.210550442 4.2
8972.4 164093.73540174478 44033.98599945873 4.2
8976.6 162738.19999827052 43711.12659649811 4.2
8980.8 161512.89624783982 43422.61759748613 4.2
8985.0 161229.7170535668 43387.03778140262 4.2
8989.2 159131.1379662585 42862.35214367411 4.2
8993.4 154755.26552510602 41722.66107709524 4.2
8997.6 151141.5565197786 40786.45877811926 4.2
9001.8 146346.5657245446 39529.37975526819 4.2
9006.0 139512.57977130607 37718.63780847988 4.2
9010.2 132616.14289512474 35887.565652413854 4.2
9014.4 127508.63721010103 34537.58764324684 4.2
9018.6 126429.08776639121 34277.09435689694 4.2
9022.8 130305.45378013841 35360.956174698906 4.2
9027.0 137979.4373957509 37478.31007546673 4.2
9031.2 145337.71725053038 39513.727456161134 4.2
9035.4 148824.51892432995 40499.345057544815 4.2
9039.6 151442.171323656 41250.00447497007 4.2
9043.8 155576.27026979497 42415.44229024678 4.2
9048.0 157582.53074504336 43002.33122354356 4.2
9052.2 158384.60771145282 43261.34324915946 4.2
9056.4 156577.75527028865 42807.51327206728 4.2
9060.6 156630.14097691642 42861.56259724124 4.2
9064.8 156548.46068966616 42878.93597886586 4.2
9069.0 156181.80976224344 42818.15993354234 4.2
9073.2 156613.17227701715 42976.198803982705 4.2
9077.4 156804.42281235158 43068.5251577555 4.2
9081.6 155768.81492309496 42823.6814671001 4.2
9085.8 155351.30622960493 42748.41334109664 4.2
9090.0 154555.8643588004 42568.85805275132 4.2
9094.2 154639.43445534795 42631.24343538944 4.2
9098.4 155523.20675131318 42914.49437811685 4.2
9102.6 156364.5636504033 43186.49914688761 4.2
9106.8 156371.51973082483 43228.284396035204 4.2
9111.0 156248.96939066504 43234.25701679426 4.2
9115.2 156773.57087288974 43419.418218653635 4.2
9119.4 156965.6865572498 43512.696746737616 4.2
9123.6 156847.2041434322 43519.91114620042 4.2
9127.8 156626.4207265193 43498.67217118948 4.2
9132.0 156283.61526571304 43443.41930702161 4.2
9136.2 154836.75410455535 43080.82386249507 4.2
9140.4 155417.11805078152 43282.06769982996 4.2
9144.6 155646.66793288165 43385.838969807985 4.2
9148.8 156224.4438805586 43586.901796552156 4.2
9153.0 155617.46270386415 43457.42606827957 4.2
9157.2 154209.75795895685 43103.84377553765 4.2
9161.4 153711.2179467777 43003.91551715679 4.2
9165.6 153597.25508526087 43011.44170895164 4.2
9169.8 153484.8548147934 43019.365439092035 4.2
9174.0 153055.09213467003 42938.21635814509 4.2
9178.2 152608.32322008561 42852.08917439179 4.2
9182.4 151532.1690824703 42588.858507031044 4.2
9186.6 150673.07130232506 42386.15285808392 4.2
9190.8 149082.48511764006 41977.05825205959 4.2
9195.0 147798.4187062385 41653.5479991184 4.2
9199.2 146634.82755817065 41363.37811236067 4.2
9203.4 146200.43306452583 41278.5088125033 4.2
9207.6 144476.21858874772 40828.930135684815 4.2
9211.8 141369.67321868942 39987.47669664136 4.2
9216.0 135318.23439350096 38310.69229579791 4.2
9220.2 127271.91283896282 36065.50353095038 4.2
9224.4 117895.43806062972 33438.90134517134 4.2
9228.6 112936.31411548614 32061.512033541247 4.2
9232.8 111967.09194532933 31815.298334199055 4.2
9237.0 120392.48187643492 34240.492283302054 4.2
9241.2 124434.4165594664 35422.23826684894 4.2
9245.4 133405.53339586852 38010.53654384366 4.2
9249.6 136416.64068757504 38903.797858387385 4.2
9253.8 138415.59909125627 39509.72437527659 4.2
9258.0 139760.00317020837 39929.69565453449 4.2
9262.2 141196.82971581112 40376.809609206946 4.2
9266.4 142201.16946310404 40700.89881142827 4.2
9270.6 143067.69128357645 40986.043816015524 4.2
9274.8 145295.49471914856 41661.98900808454 4.2
9279.0 146248.32652184772 41973.19220015724 4.2
9283.2 146221.03056173513 42003.356850260694 4.2
9287.4 146215.345047844 42039.73792690264 4.2
9291.6 146143.74902185964 42057.16555152132 4.2
9295.8 145910.89191604705 42028.12352270186 4.2
9300.0 145217.63433455056 41866.24397865092 4.2
9304.2 144954.3257528009 41828.08674427289 4.2
9308.4 145263.05709017435 41955.02652510085 4.2
9312.6 145363.49496095124 42021.93048586728 4.2
9316.8 144815.72044854742 41901.34850236522 4.2
9321.0 143850.7858524727 41659.686745103 4.2
9325.2 142963.42520156282 41440.02416612395 4.2
9329.4 142846.5733458447 41443.45939904895 4.2
9333.6 143413.78073184617 41645.492267751484 4.2
9337.8 143432.6819434919 41688.47417888903 4.2
9342.0 141830.4656718178 41259.88374893263 4.2
9346.2 139772.94446819057 40697.89996885933 4.2
9350.4 139611.3976646892 40687.40575977883 4.2
9354.6 140934.9841147141 41110.049527621355 4.2
9358.8 141635.76152494282 41351.56970368077 4.2
9363.0 141747.4347120892 41421.32622604197 4.2
9367.2 141642.52780453654 41427.81231053524 4.2
9371.4 140646.2975796526 41173.33065300349 4.2
9375.6 139775.5191590571 40955.1008783291 4.2
9379.8 139894.96958192327 41026.83360451232 4.2
9384.0 139689.98042901998 41003.41228410049 4.2
9388.2 139069.72274432887 40857.89612821164 4.2
9392.4 139374.74794502696 40984.15638240547 4.2
9396.6 139887.77896723474 41171.81379938668 4.2
9400.8 139461.91623390943 41083.17504968006 4.2
9405.0 139456.78695016823 41118.380397699526 4.2
9409.2 139319.483238689 41114.59342930862 4.2
9413.4 139010.699254864 41060.09974092409 4.2
9417.6 138788.2736996666 41030.99039719983 4.2
9421.8 139190.46720119627 41186.60550617691 4.2
9426.0 138348.47740490033 40973.96574274412 4.2
9430.2 137281.32038694734 40694.15172636336 4.2
9434.4 137580.4367087577 40819.154049332334 4.2
9438.6 137927.25461321036 40958.49591281088 4.2
9442.8 137026.2182782532 40727.148111498514 4.2
9447.0 136475.1008819703 40599.43595522684 4.2
9451.2 137618.03350347743 40975.85270704707 4.2
9455.4 137261.7219779252 40906.092869435146 4.2
9459.6 136230.92626537106 40634.97529039017 4.2
9463.8 135007.5783443806 40305.84217508683 4.2
9468.0 135627.8121875732 40526.95740999372 4.2
9472.2 136314.96488184747 40768.43121931202 4.2
9476.4 136581.0624093581 40884.2466808291 4.2
9480.6 136216.4656993343 40811.25968845726 4.2
9484.8 135153.99872966006 40528.82378832853 4.2
9489.0 135018.2147890908 40523.971383428376 4.2
9493.2 135701.2954494254 40765.0519392216 4.2
9497.4 135648.74989379253 40785.331822185246 4.2
9501.6 134113.27494728361 40359.334836269096 4.2
9505.8 132354.86504183657 39865.38842857006 4.2
9510.0 132110.16070110284 39826.85381607937 4.2
9514.2 133200.14621656857 40190.92484657342 4.2
9518.4 133146.3764049388 40210.17840591363 4.2
9522.6 130596.0888423559 39474.80560609955 4.2
9526.8 126861.88458638429 38379.91424277518 4.2
9531.0 123394.64578061036 37363.88270106487 4.2
9535.2 120379.80657948188 36483.12237944715 4.2
9539.4 114393.97078585418 34699.562568593734 4.2
9543.6 107520.87691276938 32643.446095660507 4.2
9547.8 103535.8202266053 31461.251900548057 4.2
9552.0 103989.29338409525 31626.854456091307 4.2
9556.2 107558.01875904122 32741.004536610486 4.2
9560.4 112828.06194288807 34375.41896351255 4.2
9564.6 118301.87566746406 36074.80564612779 4.2
9568.8 123882.59668738271 37809.76690754833 4.2
9573.0 126061.1129067217 38508.44661034646 4.2
9577.2 128227.19468402653 39204.507276532975 4.2
9581.4 129548.17884588915 39643.13578431884 4.2
9585.6 129951.90497113201 39801.55135426708 4.2
9589.8 129801.03488327445 39790.188815568996 4.2
9594.0 129823.65337096226 39831.989611503566 4.2
9598.2 129081.99363553862 39639.1195932562 4.2
9602.4 128545.73402713556 39508.9965859607 4.2
9606.6 128947.77088455675 39667.2414773738 4.2
9610.8 129854.8501178641 39981.21611617504 4.2
9615.0 130373.90611834623 40176.12068985916 4.2
9619.2 130087.43350516741 40122.87086251687 4.2
9623.4 128955.5918959647 39808.51709461008 4.2
9627.6 128124.7934338425 39586.58151247346 4.2
9631.8 128288.09097965612 39671.62590520923 4.2
9636.0 128802.31597189396 39865.38842857006 4.2
9640.2 129696.77183362914 40177.23081243496 4.2
9644.4 129446.65307822911 40134.69805486578 4.2
9648.6 128351.41180861562 39829.7884752317 4.2
9652.8 127722.27298504357 39669.06826341483 4.2
9657.0 127885.34867599707 39754.289863562495 4.2
9661.2 128022.7374694591 39831.62274701097 4.2
9665.4 127859.6734502282 39815.48405403969 4.2
9669.6 127939.37845153334 39874.93609041729 4.2
9673.8 128354.48425117633 40039.0717119672 4.2
9678.0 128824.3675975358 40220.549527184776 4.2
9682.2 128900.07081606651 40279.12243775978 4.2
9686.4 129243.42431534798 40421.46037874497 4.2
9690.6 128853.4110081368 40334.43706403847 4.2
9694.8 128980.34859265166 40409.17649715065 4.2
9699.0 128710.90265871279 40359.706561192026 4.2
9703.2 128611.34754154237 40363.42399873101 4.2
9707.4 128540.32804717345 40376.06584773789 4.2
9711.6 128139.69378921956 40285.05862598398 4.2
9715.8 127536.97802036215 40130.26244923288 4.2
9720.0 127071.6662919953 40018.42572200549 4.2
9724.2 127557.35044099434 40206.104768549696 4.2
9728.4 127356.8815982701 40177.60086011013 4.2
9732.6 127184.88609181538 40157.993029161196 4.2
9736.8 127386.89613947888 40256.49874361897 4.2
9741.0 126844.06982448169 40119.54509268417 4.2
9745.2 126551.62951900854 40061.57321459106 4.2
9749.4 125877.89639335171 39882.649332737456 4.2
9753.6 125817.01366160355 39897.71282051243 4.2
9757.8 125947.46478705836 39973.48381119201 4.2
9762.0 125254.01271209832 39787.623529987686 4.2
9766.2 126144.99590163473 40105.13660865734 4.2
9770.4 125336.21244201045 39882.28200165406 4.2
9774.6 124481.05677884725 39644.23117977433 4.2
9778.8 124733.21803960895 39758.68391287247 4.2
9783.0 125245.21645798044 39956.18359456066 4.2
9787.2 125520.98204726391 40078.54992400303 4.2
9791.4 125442.20204063594 40087.779413706565 4.2
9795.6 125601.5993770013 40173.16051294632 4.2
9799.8 125101.5901015789 40047.55440042167 4.2
9804.0 124227.75862782726 39801.9179417903 4.2
9808.2 125785.51398074231 40335.551561118125 4.2
9812.4 127004.40000055233 40761.297512085745 4.2
9816.6 126773.08667411393 40721.89689751319 4.2
9820.8 125686.17836869684 40407.31562865068 4.2
9825.0 125309.54025761236 40320.694131766606 4.2
9829.2 125870.77632040686 40535.91680991432 4.2
9833.4 126568.56128923608 40795.475546682836 4.2
9837.6 126836.11604501633 40916.64348290441 4.2
9841.8 126493.49264587388 40840.96545618243 4.2
9846.0 125979.99647040678 40709.89666502706 4.2
9850.2 126058.21628006817 40769.93321149129 4.2
9854.4 126829.6754815663 41054.42747034509 4.2
9858.6 127623.53289310784 41346.61879366933 4.2
9862.8 127759.38181499345 41425.90453320262 4.2
9867.0 127429.79906964095 41354.23582384864 4.2
9871.2 127445.7484964241 41394.6295170452 4.2
9875.4 127945.16051545818 41592.21026876508 4.2
9879.6 128194.83620808853 41708.82929358874 4.2
9883.8 127757.19179445424 41601.78833177294 4.2
9888.0 126937.03190193693 41369.85512287177 4.2
9892.2 126241.88715908064 41178.260813216875 4.2
9896.4 126188.20815165195 41195.71073621845 4.2
9900.6 126924.72331831128 41471.33347944537 4.2
9904.8 127756.15526880688 41778.41888798109 4.2
9909.0 127911.50177372302 41864.70159763438 4.2
9913.2 127331.98760310291 41710.36593195195 4.2
9917.4 126806.52304062297 41573.44366157443 4.2
9921.6 126976.05406325529 41664.29139829736 4.2
9925.8 127054.54769127727 41725.3511231794 4.2
9930.0 126269.58634304658 41502.66644799158 4.2
9934.2 125523.04220969634 41292.1978900205 4.2
9938.4 125689.87962155041 41382.049894169686 4.2
9942.6 126251.72460767897 41602.171500168166 4.2
9946.8 126339.30496125385 41666.21015400361 4.2
9951.0 125984.11868447754 41584.16640001976 4.2
9955.2 126082.05416761836 41651.62982651216 4.2
9959.4 126822.08944452101 41931.46152094169 4.2
9963.6 126843.63719749813 41973.965382051916 4.2
9967.8 125537.83187434029 41576.889954508515 4.2
9972.0 124142.56518275476 41149.44669848078 4.2
9976.2 123430.63418050519 40947.93450743009 4.2
9980.4 123032.92799071538 40850.37051876265 4.2
9984.6 122852.47570857688 40824.79381344195 4.2
9988.8 122802.33354590852 40842.47012067096 4.2
9993.0 122587.30003855257 40805.24596209187 4.2
9997.2 122370.43213262432 40767.304761490646 4.2
10001.4 122095.50086176809 40709.89666502706 4.2
10005.6 120960.33502930762 40365.28284590051 4.2
10009.8 118943.97670487239 39725.74037766971 4.2
10014.0 117277.3328544912 39201.97975001871 4.2
10018.2 117743.74895741644 39390.9087393385 4.2
10022.4 118190.28810651565 39573.45787627415 4.2
10026.6 117475.11410523675 39366.97097306466 4.2
10030.8 115025.49533935037 38578.381189499916 4.2
10035.0 112350.36846504068 37712.73244543655 4.2
10039.2 108397.44410706972 36416.315249118095 4.2
10043.4 103126.845904965 34674.64312781294 4.2
10047.6 101438.91147287948 34135.63609079397 4.2
10051.8 99866.90182823867 33634.734199945284 4.2
10056.0 101140.87938743486 34092.2763381839 4.2
10060.2 104693.57385530914 35319.29287384035 4.2
10064.4 109383.91834449978 36932.43991921759 4.2
10068.6 113014.73711800069 38190.205913194186 4.2
10072.8 115204.33805108967 38962.606286234426 4.2
10077.0 116669.87635190404 39491.16993489742 4.2
10081.2 117716.35152489664 39878.60887688966 4.2
10085.4 118895.9330955946 40311.782301167164 4.2
10089.6 118507.36905217683 40213.511688930375 4.2
10093.8 117119.1371351518 39775.532268272196 4.2
10098.0 117986.01201213631 40103.28974138928 4.2
10102.2 118782.73756379509 40407.68779549508 4.2
10106.4 118514.71826883986 40350.0428258167 4.2
10110.6 117701.87920551366 40106.61416371027 4.2
10114.8 117386.63543739541 40032.434339558975 4.2
10119.0 117860.98407645659 40227.58859714377 4.2
10123.2 118804.69958970575 40583.359950010374 4.2
10127.4 119739.46892005646 40936.62173798839 4.2
10131.6 120541.6644855071 41245.06572508487 4.2
10135.8 120574.97757746272 41290.67665725384 4.2
10140.0 119914.95387163293 41098.6919703325 4.2
10144.2 119875.28387768951 41119.13783323353 4.2
10148.4 120872.10944903444 41495.404263436154 4.2
10152.6 121985.07653690726 41912.155814940896 4.2
10156.8 122203.44615366335 42021.93048586728 4.2
10161.0 121169.2310950633 41700.76287090549 4.2
10165.2 119735.07736330344 41241.26708908142 4.2
10169.4 119049.23104199677 41038.92726187222 4.2
10173.6 119405.39184849632 41195.71073621845 4.2
10177.8 120315.45832469715 41543.970385352935 4.2
10182.0 121000.47336422626 41814.99026382708 4.2
10186.2 120709.33480142055 41748.80029564073 4.2
10190.4 119310.53459009736 41299.044131061586 4.2
10194.6 117949.70911561257 40861.659452818916 4.2
10198.8 118017.68846469733 40918.90468266321 4.2
10203.0 118879.09258371117 41251.52420929089 4.2
10207.2 118781.28133950877 41251.52420929089 4.2
10211.4 118079.54673557704 41041.57322458718 4.2
10215.6 118252.27259348518 41135.42607243136 4.2
10219.8 118422.01898244194 41228.35434336324 4.2
10224.0 117365.26213264682 40894.03835670569 4.2
10228.2 116583.96771992557 40655.19046255155 4.2
10232.4 117554.22337564809 41027.211477354416 4.2
10236.6 119044.62409931881 41581.48545615767 4.2
10240.8 118572.9119617092 41450.71249264121 4.2
10245.0 117149.74004759663 40986.79881379749 4.2
10249.2 116980.45840883093 40961.136689757965 4.2
10253.4 117870.58918650121 41306.65239685698 4.2
10257.6 118165.23843787683 41443.8411091741 4.2
10261.8 117896.83937269509 41383.57449331315 4.2
10266.0 117608.50648086547 41316.164700164365 4.2
10270.2 116964.87273470337 41123.68273945296 4.2
10274.4 116279.81057873585 40916.266628426485 4.2
10278.6 117407.90097559034 41346.999611855426 4.2
10282.8 119136.94981877747 41990.20549229849 4.2
10287.0 118780.12419947756 41898.64710967647 4.2
10291.2 116367.90560214118 41081.283143114044 4.2
10295.4 114179.14996622952 40341.49606565767 4.2
10299.6 114574.6495590243 40514.26831645489 4.2
10303.8 116583.85563485934 41258.36370664067 4.2
10308.0 116789.67098465416 41364.90202359724 4.2
10312.2 114303.2555503081 40517.25362804549 4.2
10316.4 111422.50271896027 39528.28753323132 4.2
10320.6 110680.56367330659 39297.054575018345 4.2
10324.8 110667.9739513019 39324.57158752186 4.2
10329.0 109291.07553256434 38866.90868522476 4.2
10333.2 106972.36171084714 38073.25433580343 4.2
10337.4 106837.22816360088 38056.0754986135 4.2
10341.6 107540.92882133831 38337.871730160994 4.2
10345.8 107105.82667004646 38213.78008746046 4.2
10350.0 107430.737007473 38360.83041694342 4.2
10354.2 108609.58537462486 38813.24914172936 4.2
10358.4 108475.55961103554 38796.80839591268 4.2
10362.6 107535.48188707813 38491.78045055807 4.2
10366.8 104977.40056159983 37606.59387100271 4.2
10371.0 103070.88052406927 36953.53588320578 4.2
10375.2 104437.4598384763 37473.822900206054 4.2
10379.4 107733.99299460952 38687.97512991968 4.2
10383.6 108779.07342482058 39094.890404405036 4.2
10387.8 108703.14165032773 39099.2115701662 4.2
10392.0 109698.06793247478 39488.98763249619 4.2
10396.2 111387.3836830542 40129.523229288854 4.2
10400.4 111219.55920140077 40101.442959170636 4.2
10404.6 108321.45314226134 39088.04953528529 4.2
10408.8 104842.15206348107 37863.08531225356 4.2
10413.0 101168.54823706733 36565.877500830524 4.2
10417.2 99838.77649653085 36114.36640949271 4.2
10421.4 103784.64965548865 37571.97286403487 4.2
10425.6 109623.36729345015 39717.691666153245 4.2
10429.8 108568.86399067043 39367.333557936225 4.2
10434.0 103621.90924472481 37603.82301684798 4.2
10438.2 101765.84124061884 36960.003187292175 4.2
10442.4 101430.50896203979 36867.865971699386 4.2
10446.6 102829.87856123003 37406.579703751864 4.2
10450.8 114713.40778623236 41763.02998456936 4.2
