3000.0 149039.96684638385 4471.199005391516 4.2
3004.2 172329.4774654792 5184.37013304475 4.2
3008.4 202280.53551503934 6102.44677179966 4.2
3012.6 236449.4516628164 7153.193940753341 4.2
3016.8 269721.90348520264 8182.537418493907 4.2
3021.0 302214.8525182274 9193.82006943768 4.2
3025.2 336592.993334199 10268.145168714695 4.2
3029.4 372179.1267533175 11385.287451630476 4.2
3033.6 407047.06104507984 12486.479255874814 4.2
3037.8 444110.3547510719 13661.173279521574 4.2
3042.0 486993.1306832726 15021.731669880546 4.2
3046.2 536137.7990449858 16583.339810879785 4.2
3050.4 592106.2839076105 18365.045133734286 4.2
3054.6 639594.2634396424 19892.62061498001 4.2
3058.8 659166.4454276843 20557.769864103757 4.2
3063.0 669834.1126794654 20947.87626767084 4.2
3067.2 699186.5472818087 21925.827853259932 4.2
3071.4 742322.2786747067 23342.319005134654 4.2
3075.6 788601.4118342173 24865.43149293699 4.2
3079.8 838054.4286595476 26496.956941673336 4.2
3084.0 891145.2898246305 28252.442518860968 4.2
3088.2 944074.8265210825 30012.073405127216 4.2
3092.4 992644.9226483004 31642.005376885707 4.2
3096.6 1042881.6737871846 33333.736650411854 4.2
3100.8 1101736.5160852442 35310.51079270117 4.2
3105.0 1158452.0053764803 37228.8824837826 4.2
3109.2 1201965.3183217617 38731.828483912475 4.2
3113.4 1242920.675973328 40159.84241566709 4.2
3117.6 1291482.3317750795 41841.57269989633 4.2
3121.8 1339575.2106594876 43516.70459877843 4.2
3126.0 1380394.7769074591 44963.48863662451 4.2
3130.2 1423026.8040523932 46476.776610335444 4.2
3134.4 1474444.4580015822 48285.41851330535 4.2
3138.6 1526628.3176004232 50128.41812078764 4.2
3142.8 1573025.51026155 51790.2491135574 4.2
3147.0 1615979.2090031696 53346.754126988904 4.2
3151.2 1657346.5138659303 54858.50903352833 4.2
3155.4 1698213.9822538574 56361.169995033 4.2
3159.6 1739166.0315182814 57874.06663622612 4.2
3163.8 1776540.9037029482 59275.05969203381 4.2
3168.0 1808385.053495799 60497.858250452744 4.2
3172.2 1839789.4881709472 61711.76958681053 4.2
3176.4 1873625.8948136403 63013.26747472466 4.2
3180.6 1906475.1354067975 64287.71651578485 4.2
3184.8 1935980.2635945096 65455.176760151364 4.2
3189.0 1961626.0319942916 66497.29817239674 4.2
3193.2 1984325.9574070093 67444.1056447123 4.2
3197.4 2009737.3950318338 68487.60826899146 4.2
3201.6 2039215.4464983207 69674.8431956883 4.2
3205.8 2064887.549208275 70737.22197512169 4.2
3210.0 2082548.814220748 71529.30412204003 4.2
3214.2 2093781.9966304828 72103.44247850573 4.2
3218.4 2102254.1360205906 72584.51846356309 4.2
3222.6 2116081.7867175196 73252.76125183866 4.2
3226.8 2137278.702720242 74179.51679333765 4.2
3231.0 2158874.212105249 75124.22417919089 4.2
3235.2 2175479.458412881 75898.99057535769 4.2
3239.4 2182951.5612517726 76357.55259863006 4.2
3243.6 2183809.099245841 76585.7553369209 4.2
3247.8 2188480.5931966347 76948.47195134273 4.2
3252.0 2200129.1790865962 77558.24977982338 4.2
3256.2 2213762.9299460473 78240.56896892992 4.2
3260.4 2224269.9051430817 78814.8403189814 4.2
3264.6 2225447.2373215426 79059.85254454572 4.2
3268.8 2219588.960664866 79054.75553179384 4.2
3273.0 2217120.2270829496 79169.88243037561 4.2
3277.2 2221280.286573397 79522.12924534967 4.2
3281.4 2229866.726824125 80034.27220140868 4.2
3285.6 2238596.7815112732 80553.42302657182 4.2
3289.8 2241208.50662066 80853.71885255439 4.2
3294.0 2237103.4370410196 80911.82556331206 4.2
3298.2 2229868.641042315 80855.95295423207 4.2
3302.4 2222132.255764473 80780.77213229406 4.2
3306.6 2216062.1284680474 80765.14925666475 4.2
3310.8 2212398.5321917767 80836.59279035957 4.2
3315.0 2211048.0936136316 80992.34995513753 4.2
3319.2 2209237.5237557357 81131.2187534368 4.2
3323.4 2202804.848203831 81099.84048506334 4.2
3327.6 2192961.582160198 80941.64007315227 4.2
3331.8 2183310.015458794 80788.95674936932 4.2
3336.0 2175089.6948087 80687.82334732586 4.2
3340.2 2168784.0535383564 80656.61656633127 4.2
3344.4 2163459.7769110394 80661.07393884347 4.2
3348.6 2157638.629349543 80646.21698834552 4.2
3352.8 2150571.861286436 80583.84767296053 4.2
3357.0 2141936.4046235997 80461.47691049674 4.2
3361.2 2132399.3672164693 80303.7821175979 4.2
3365.4 2122872.3180038203 80144.9200498948 4.2
3369.6 2114854.8020234904 80041.64396977029 4.2
3373.8 2109922.9056826346 80054.17753431405 4.2
3378.0 2104912.0980801657 80063.02593796463 4.2
3382.2 2096016.4381656502 79923.04099122538 4.2
3386.4 2084628.8497278355 79686.36199927666 4.2
3390.6 2072946.7180496939 79436.48157336244 4.2
3394.8 2062855.7867175268 79245.75364485585 4.2
3399.0 2056358.9493454744 79191.76089979029 4.2
3403.2 2051267.5492363223 79191.03152007656 4.2
3407.4 2044895.016730661 79139.99163033148 4.2
3411.6 2037534.8387135603 79049.65884764792 4.2
3415.8 2029609.0294275326 78936.16081967359 4.2
3420.0 2020435.7416466156 78772.74869531825 4.2
3424.2 2009810.0281673633 78551.05096331611 4.2
3428.4 1997184.9368287362 78249.21691407735 4.2
3432.6 1982507.5888059605 77864.58979549496 4.2
3436.8 1970319.8621873471 77575.39578389887 4.2
3441.0 1964300.4198759093 77527.53933277576 4.2
3445.2 1960434.684844922 77563.96469339919 4.2
3449.4 1955195.2643276502 77545.3927637861 4.2
3453.6 1948341.9587289335 77461.87409512581 4.2
3457.8 1939766.7682006578 77308.63407127689 4.2
3462.0 1930274.7408930615 77117.33270529435 4.2
3466.2 1921029.4326719388 76934.29882442043 4.2
3470.4 1913983.4818104783 76837.99076838218 4.2
3474.6 1909798.835025058 76855.68540668636 4.2
3478.8 1904856.796965838 76842.23711000205 4.2
3483.0 1896960.5788008615 76708.59001013507 4.2
3487.2 1888163.2593512933 76537.09951894626 4.2
3491.4 1880035.4550042744 76391.31745611118 4.2
3495.6 1873310.6121451978 76301.31099739349 4.2
3499.8 1867939.479240603 76265.47860048011 4.2
3504.0 1861851.5888763661 76199.47865949814 4.2
3508.2 1854404.9004084263 76076.75853824055 4.2
3512.4 1848388.7550401622 76011.6220047815 4.2
3516.6 1845012.4929031618 76054.33967127209 4.2
3520.8 1842869.3353786515 76147.56144202958 4.2
3525.0 1840513.520171432 76231.76936360048 4.2
3529.2 1836169.2649925973 76233.17361761967 4.2
3533.4 1829631.5698647443 76142.65218557193 4.2
3537.6 1823441.3719248762 76065.54827881443 4.2
3541.8 1818348.7716565256 76033.32798362308 4.2
3546.0 1812474.0286751783 75967.52894516339 4.2
3550.2 1806174.1210684085 75882.91400087831 4.2
3554.4 1802389.5230613928 75903.18502447603 4.2
3558.6 1801270.373053472 76035.42889113938 4.2
3562.8 1800488.5647675907 76181.93510098699 4.2
3567.0 1797806.8715272297 76247.91984667041 4.2
3571.2 1790840.5059795524 76131.43221641453 4.2
3575.4 1780787.0267038455 75882.21509663043 4.2
3579.6 1772051.1594701947 75687.4720308042 4.2
3583.8 1766288.8380925828 75618.48985482474 4.2
3588.0 1762854.1646469252 75648.4440833279 4.2
3592.2 1761198.2192056172 75754.42393404622 4.2
3596.4 1760732.078845214 75911.57461812683 4.2
3600.6 1760222.2258930777 76066.9494709005 4.2
3604.8 1758226.8421094753 76158.08234316183 4.2
3609.0 1754379.2844919816 76168.60469791069 4.2
3613.2 1748917.2108275713 76108.29625125728 4.2
3617.4 1742898.8615426244 76022.82431675265 4.2
3621.6 1737705.9643154694 75972.42691064512 4.2
3625.8 1733922.0339067525 75982.92361437561 4.2
3630.0 1731633.6021113151 76058.54270553529 4.2
3634.2 1730021.9231661686 76163.6940847873 4.2
3638.4 1727731.9667513329 76238.79089237857 4.2
3642.6 1725306.6180070837 76307.63610895012 4.2
3646.8 1724032.1583929155 76427.20897686286 4.2
3651.0 1722334.8482539114 76527.93594196612 4.2
3655.2 1717904.2915992863 76506.79341290881 4.2
3659.4 1711707.2385508846 76406.09427585041 4.2
3663.6 1705474.2005323195 76302.71653242935 4.2
3667.8 1700364.238186863 76248.62211919903 4.2
3672.0 1697602.1229233688 76299.20274338522 4.2
3676.2 1693662.973930613 76296.39182865461 4.2
3680.4 1684081.9094727756 76038.23019146235 4.2
3684.6 1672986.9726954666 75709.78275461003 4.2
3688.8 1665877.399570659 75560.00882968969 4.2
3693.0 1661095.6442428883 75514.78669666642 4.2
3697.2 1656225.1149705788 75464.72608123311 4.2
3701.4 1654006.505833428 75534.95938037604 4.2
3705.6 1657113.209644277 75848.67526169354 4.2
3709.8 1664379.1281199467 76354.03628434932 4.2
3714.0 1674655.406626673 76999.51683101791 4.2
3718.2 1684720.1166536428 77637.58182996907 4.2
3722.4 1691356.5735696699 78119.59804292682 4.2
3726.6 1700715.6004648216 78729.22929163056 4.2
3730.8 1718435.8269504842 79728.94180531189 4.2
3735.0 1735769.4580547726 80714.58162664047 4.2
3739.2 1745644.741955445 81356.45190550917 4.2
3743.4 1758752.722389118 82151.595033691 4.2
3747.6 1782882.7956230468 83465.69230844261 4.2
3751.8 1809813.80485521 84916.48326979557 4.2
3756.0 1832492.000791091 86173.15623624114 4.2
3760.2 1837804.7283375885 86616.37419723034 4.2
3764.4 1822056.0191241954 86066.0754684518 4.2
3768.6 1834176.678670436 86832.03914080429 4.2
3772.8 1900070.380231319 90152.1316320298 4.2
3777.0 1961368.9015251594 93267.85739395203 4.2
3781.2 1975140.3273297823 94131.72123423488 4.2
3785.4 1936269.0301246147 92484.29706174423 4.2
3789.6 1859390.0870547506 89009.4259207387 4.2
3793.8 1819702.494082671 87302.7652746549 4.2
3798.0 1859753.2824936777 89421.92196109312 4.2
3802.2 1942796.6220955355 93621.58728572205 4.2
3806.4 2029590.4249351153 98020.29382118573 4.2
3810.6 2075957.8360016847 100481.01189918358 4.2
3814.8 2057622.5309672921 99813.20477030029 4.2
3819.0 1992167.8999284953 96850.97564109674 4.2
3823.2 1905843.4315310074 92858.1442210796 4.2
3827.4 1832979.2543676663 89504.32053501213 4.2
3831.6 1806312.6589398908 88395.87518277246 4.2
3835.8 1855313.6725765744 90993.0034008523 4.2
3840.0 1970492.5897099052 96853.65176942127 4.2
3844.2 2089263.927575879 102916.26107442148 4.2
3848.4 2173265.7853203276 107288.21010665274 4.2
3852.6 2216345.254091747 109653.87914418586 4.2
3856.8 2219765.0938753397 110062.65882073493 4.2
3861.0 2197706.291551063 109206.37717290425 4.2
3865.2 2154553.6508336677 107295.12745617033 4.2
3869.4 2084001.3697581755 104007.34254203519 4.2
3873.6 1988912.6524278305 99477.30247533866 4.2
3877.8 1876784.6472529476 94072.78469914856 4.2
3882.0 1781173.3665765591 89473.8242171096 4.2
3886.2 1756624.597853533 88431.70531075899 4.2
3890.4 1811643.5061235751 91398.69607822191 4.2
3894.6 1919638.872145433 97056.3601090226 4.2
3898.8 2040287.3642466743 103378.92219492125 4.2
3903.0 2122463.11752254 107774.49585545306 4.2
3907.2 2156224.4692544825 109724.59840743498 4.2
3911.4 2160333.458381112 110170.16503344075 4.2
3915.6 2149436.4782522013 109849.98450583687 4.2
3919.8 2137339.133744371 109466.1893416712 4.2
3924.0 2130822.4181607175 109366.42096872353 4.2
3928.2 2130934.359656551 109606.42178788788 4.2
3932.4 2133545.356548488 109975.51388727645 4.2
3936.6 2130839.203678165 110070.76883591537 4.2
3940.8 2115945.442808731 109534.76983420724 4.2
3945.0 2084333.6484963158 108128.45559963126 4.2
3949.2 2024673.4972671538 105257.24533466359 4.2
3953.4 1926796.0124353282 100382.03599559376 4.2
3957.6 1808728.8257782902 94431.30685027494 4.2
3961.8 1695634.1685441022 88714.78410667555 4.2
3966.0 1630271.119337035 85475.96252782282 4.2
3970.2 1656488.7268736917 87034.61248580462 4.2
3974.4 1745959.262755103 91929.73326310613 4.2
3978.6 1851725.887467811 97704.82247979302 4.2
3982.8 1942586.014796124 102715.50365249552 4.2
3987.0 1990145.2912861009 105452.28628279363 4.2
3991.2 2002397.4007549852 106325.1490024044 4.2
3995.4 1996736.3498032158 106247.8131670662 4.2
3999.6 1980560.6003595241 105608.77376240309 4.2
4003.8 1961970.64080437 104837.34163735475 4.2
4008.0 1944132.3593788077 104102.22215177388 4.2
4012.2 1929674.720935584 103544.73000172706 4.2
4016.4 1913706.5261447676 102902.99141684585 4.2
4020.6 1889815.9847112426 101830.99797323855 4.2
4024.8 1881293.8946493126 101583.69364694798 4.2
4029.0 1908388.1885295857 103261.87343559598 4.2
4033.2 1943290.5452315619 105369.76221696356 4.2
4037.4 1960278.141944854 106512.35816613797 4.2
4041.6 1965597.5265508927 107023.70955368657 4.2
4045.8 1964954.2112785107 107211.16123340125 4.2
4050.0 1959923.8973337898 107158.83908672495 4.2
4054.2 1953021.0135203875 107003.01133479596 4.2
4058.4 1943477.6745816271 106700.87970029464 4.2
4062.6 1930319.181918903 106197.9173820159 4.2
4066.8 1914360.0604218976 105537.79105691946 4.2
4071.0 1894868.3855131776 104679.10480904566 4.2
4075.2 1869387.7802452317 103484.6654506401 4.2
4079.4 1833313.226167347 101696.96682169857 4.2
4083.6 1769810.895532192 98376.64331001145 4.2
4087.8 1674318.1151410053 93260.1264559662 4.2
4092.0 1570456.837167984 87654.85991171058 4.2
4096.2 1486356.3684429624 83131.19050690491 4.2
4100.4 1464943.2635445958 82101.67169493333 4.2
4104.6 1521540.6972769361 85448.41277375912 4.2
4108.8 1610094.0704354788 90606.63465942614 4.2
4113.0 1692262.9090532362 95425.40239907202 4.2
4117.2 1748241.102068996 98783.40683487756 4.2
4121.4 1769846.9884661725 100208.37048259744 4.2
4125.6 1774446.9417875975 100673.69298339114 4.2
4129.8 1774267.979538642 100868.6016015373 4.2
4134.0 1769034.530398729 100775.7409566498 4.2
4138.2 1762212.599217125 100591.20252843974 4.2
4142.4 1760601.9905535958 100703.3690037205 4.2
4146.6 1765992.9602122144 101216.65950265434 4.2
4150.8 1774849.93337602 101930.4637234336 4.2
4155.0 1782473.9783780212 102575.58441522538 4.2
4159.2 1782500.440581169 102784.5881412975 4.2
4163.4 1774978.0180602185 102557.63562087895 4.2
4167.6 1767295.599186305 102319.8747853336 4.2
4171.8 1762667.0864295063 102257.69522852293 4.2
4176.0 1760419.9222745225 102333.06924822422 4.2
4180.2 1758535.4713701182 102429.25170538934 4.2
4184.4 1753052.2797491157 102315.1628894629 4.2
4188.6 1744614.50095068 102027.20747419835 4.2
4192.8 1738028.7707182986 101846.00544943076 4.2
4197.0 1733290.3387574065 101771.92752919004 4.2
4201.2 1726865.6113753784 101597.7289223694 4.2
4205.4 1718947.5842815815 101334.18991220555 4.2
4209.6 1711967.8053661583 101124.40981812235 4.2
4213.8 1705805.1337560734 100961.54781363938 4.2
4218.0 1698838.536243375 100749.75529899626 4.2
4222.2 1691015.747247918 100485.63932733645 4.2
4226.4 1683092.789181696 100213.90835481466 4.2
4230.6 1675040.5482143224 99932.7871132713 4.2
4234.8 1666339.3337226645 99611.16054829441 4.2
4239.0 1658602.9045444555 99345.45427570256 4.2
4243.2 1654498.0130767545 99296.05626677057 4.2
4247.4 1650999.452695485 99282.33895721308 4.2
4251.6 1643162.2843133253 99006.56657990516 4.2
4255.8 1631769.586203027 98514.4642804029 4.2
4260.0 1619280.3901807286 97953.50936281263 4.2
4264.2 1609126.262741075 97531.29708297711 4.2
4268.4 1605221.7376738372 97486.3926012579 4.2
4272.6 1604149.2863411556 97613.07632577587 4.2
4276.8 1600439.9066737352 97578.91841664397 4.2
4281.0 1595536.703345492 97471.12978760469 4.2
4285.2 1592175.9598034355 97456.76696941326 4.2
4289.4 1588693.6505366457 97434.32930286076 4.2
4293.6 1582698.133397515 97256.80536191132 4.2
4297.8 1575508.8666333742 97004.52647252435 4.2
4302.0 1568528.6026641596 96763.59609780183 4.2
4306.2 1559096.0149523637 96369.58749212426 4.2
4310.4 1543512.3425758039 95592.53968147187 4.2
4314.6 1521136.4614569691 94390.43770629342 4.2
4318.8 1492942.4584923966 92821.37553265331 4.2
4323.0 1444144.9424901267 89962.18602980522 4.2
4327.2 1363764.3011215087 85120.0754681186 4.2
4331.4 1276664.1711457148 79838.43219022211 4.2
4335.6 1207577.0189269301 75664.47098294774 4.2
4339.8 1184714.826903783 74375.85992025994 4.2
4344.0 1228258.0567225867 77258.80741687423 4.2
4348.2 1304710.7217645268 82226.53696649722 4.2
4352.4 1379798.445928453 87126.84744090395 4.2
4356.6 1437453.7508406967 90942.73270047248 4.2
4360.8 1465200.0225631932 92876.96174000899 4.2
4365.0 1472247.2732536779 93503.52850979603 4.2
4369.2 1469336.965720969 93498.36145662701 4.2
4373.4 1459805.0224188494 93070.48991340927 4.2
4377.6 1447975.1323414082 92493.66746681643 4.2
4381.8 1436137.9303839346 91913.64729210248 4.2
4386.0 1426658.407302999 91482.07358218056 4.2
4390.2 1425504.668276204 91583.23920234502 4.2
4394.4 1434267.2527308764 92322.59433758742 4.2
4398.6 1444017.0294309969 93127.94076751632 4.2
4402.8 1448075.9446096548 93568.14077277837 4.2
4407.0 1445490.2068980166 93579.34477103552 4.2
4411.2 1437287.859522178 93225.7744839099 4.2
4415.4 1429608.5869605984 92904.33948411522 4.2
4419.6 1425316.5400075477 92801.71453656214 4.2
4423.8 1419208.7697636182 92579.74921326163 4.2
4428.0 1410074.4074395155 92158.6278678585 4.2
4432.2 1403998.2158562557 91935.66038310753 4.2
4436.4 1402283.6212402936 91997.49455491523 4.2
4440.6 1399103.8302408676 91962.76065573758 4.2
4444.8 1391838.375489139 91658.34261971904 4.2
4449.0 1382586.917810099 91221.24599650962 4.2
4453.2 1371313.8234982449 90648.37016590258 4.2
4457.4 1355894.9313879842 89798.27622599404 4.2
4461.6 1335857.0652528196 88638.01057004122 4.2
4465.8 1310963.8495191317 87150.12211879126 4.2
4470.0 1289704.480069477 85898.18748606739 4.2
4474.2 1290513.249601019 86113.65048367582 4.2
4478.4 1312512.633819547 87746.13581575247 4.2
4482.6 1336180.9667089756 89496.07726206537 4.2
4486.8 1351648.7039518384 90701.81966755143 4.2
4491.0 1356922.8147998152 91226.28720815157 4.2
4495.2 1354089.0201165066 91206.12403300416 4.2
4499.4 1349634.1127463754 91076.01081591181 4.2
4503.6 1345605.1288601982 90973.72968212186 4.2
4507.8 1340775.2245563108 90816.3409693127 4.2
4512.0 1334317.1644843852 90547.40325414934 4.2
4516.2 1324716.4273548485 90063.32989207737 4.2
4520.4 1316180.7122593226 89649.52647929102 4.2
4524.6 1316487.9017241392 89837.1570572472 4.2
4528.8 1321499.402073447 90346.63880489599 4.2
4533.0 1320790.1352645806 90465.71083246215 4.2
4537.2 1314078.7969987358 90172.89231754004 4.2
4541.4 1305574.753918547 89755.27874355283 4.2
4545.6 1297534.224775862 89367.58046108285 4.2
4549.8 1291875.4402720386 89142.33380201868 4.2
4554.0 1288187.860454069 89052.06610058888 4.2
4558.2 1284986.3110140923 88994.67061592222 4.2
4562.4 1281971.9936749183 88949.60011611672 4.2
4566.6 1279143.6230375126 88916.8359081564 4.2
4570.8 1276088.565936191 88867.71222337188 4.2
4575.0 1272257.6118520687 88763.82325690401 4.2
4579.2 1268335.1561989028 88652.70674066845 4.2
4583.4 1265347.2742841272 88606.17722406118 4.2
4587.6 1262356.9243004504 88558.85646758009 4.2
4591.8 1258088.890338678 88421.1176252542 4.2
4596.0 1253340.907358093 88248.63569253663 4.2
4600.2 1249199.5739543058 88117.8718735239 4.2
4604.4 1245096.9355393932 87988.92261680288 4.2
4608.6 1240335.6421858636 87812.43093295573 4.2
4612.8 1235162.2348877306 87605.62654661774 4.2
4617.0 1229899.162048627 87391.25979583726 4.2
4621.2 1224953.845392527 87198.29636589167 4.2
4625.4 1220738.5587964272 87056.25887413512 4.2
4629.6 1217201.0435113106 86961.69577244874 4.2
4633.8 1214268.3752505356 86909.6498101062 4.2
4638.0 1211266.667374387 86852.03525874602 4.2
4642.2 1207551.2177914116 86742.513029241 4.2
4646.4 1204570.0625533299 86685.00927697698 4.2
4650.6 1203436.7791801663 86760.0912276274 4.2
4654.8 1202162.574377306 86824.84166539738 4.2
4659.0 1199123.2780358274 86761.68942228932 4.2
4663.2 1194761.3642270318 86602.01559430535 4.2
4667.4 1189606.1780723114 86383.73940756897 4.2
4671.6 1184835.2194440349 86192.20676010184 4.2
4675.8 1181292.3771305433 86089.06677643929 4.2
4680.0 1177903.0560978672 85996.3463195931 4.2
4684.2 1173865.65234852 85855.47592504486 4.2
4688.4 1169553.0885883858 85693.52344400455 4.2
4692.6 1165118.7254686183 85521.63596319864 4.2
4696.8 1160350.3029557674 85324.15579055698 4.2
4701.0 1155060.5530653645 85087.15447157755 4.2
4705.2 1148643.0205052753 84765.67017703701 4.2
4709.4 1141526.757328187 84390.9741298715 4.2
4713.6 1136809.788412825 84192.22751242823 4.2
4717.8 1135853.1914442189 84271.35946240141 4.2
4722.0 1136468.203092623 84467.18093775299 4.2
4726.2 1136676.9754686032 84633.05151387631 4.2
4730.4 1134596.717405299 84628.37464783715 4.2
4734.6 1129844.4774961537 84423.62576788521 4.2
4738.8 1124813.4353707398 84196.88027542068 4.2
4743.0 1120859.0569258016 84049.66755565538 4.2
4747.2 1117630.3756072926 83956.05047956842 4.2
4751.4 1114730.9724232368 83886.48557368405 4.2
4755.6 1111421.050036478 83785.33298491371 4.2
4759.8 1107571.6872327533 83642.69162818402 4.2
4764.0 1103930.5423532005 83514.90664787788 4.2
4768.2 1100607.1451276992 83410.36084149015 4.2
4772.4 1096941.786497535 83279.09557176034 4.2
4776.6 1092998.3494431241 83125.83101375635 4.2
4780.8 1089532.2833499815 83008.00954365816 4.2
4785.0 1086619.1899149648 82931.59153870255 4.2
4789.2 1083655.6684262822 82850.66526145423 4.2
4793.4 1080662.0778091776 82766.76865704524 4.2
4797.6 1078313.849209017 82731.70981925915 4.2
4801.8 1076051.655926768 82702.75937191506 4.2
4806.0 1072382.5088444322 82565.00280685158 4.2
4810.2 1067940.3278291808 82366.76326199021 4.2
4814.4 1064772.7154800054 82265.92778705852 4.2
4818.6 1062956.5248259255 82268.95863167189 4.2
4822.8 1061193.9130798108 82275.77844032508 4.2
4827.0 1058314.2822245052 82195.49211838978 4.2
4831.2 1052783.8679324833 81908.31654405319 4.2
4835.4 1043230.9005644898 81306.26291163008 4.2
4839.6 1029518.8875901863 80377.03840240982 4.2
4843.8 1003831.5678754224 78507.65404047689 4.2
4848.0 956383.4065350692 74926.59555889337 4.2
4852.2 895818.1714025399 70303.34677451308 4.2
4856.4 836905.36869916 65793.65300052913 4.2
4860.6 803225.503776121 63255.16603096558 4.2
4864.8 820191.5183522633 64702.93779855315 4.2
4869.0 872130.9634806198 68919.16388106724 4.2
4873.2 929815.5044089227 73604.43782489384 4.2
4877.4 976995.3728178502 77472.576587805 4.2
4881.6 1000453.4221855854 79469.41206366006 4.2
4885.8 1007102.9877160268 80135.32451845895 4.2
4890.0 1010293.4479533611 80527.45985601856 4.2
4894.2 1011499.8654527845 80762.17381341495 4.2
4898.4 1010687.1914276881 80835.84826125471 4.2
4902.6 1008649.6286214088 80811.28264736265 4.2
4906.8 1005996.6662321197 80736.88697118916 4.2
4911.0 999413.9024724448 80345.95182044042 4.2
4915.2 985323.5586187682 79348.73362961152 4.2
4919.4 971710.6913510602 78386.27016338138 4.2
4923.6 966753.4457701443 78119.59804292682 4.2
4927.8 970150.492080323 78527.90295339075 4.2
4932.0 980878.2822518594 79531.65135180786 4.2
4936.2 990794.8929279309 80472.5938422474 4.2
4940.4 992012.23514562 80708.634575583 4.2
4944.6 988696.3381864936 80575.68383520111 4.2
4948.8 985111.637079401 80419.9872661676 4.2
4953.0 981514.2263132718 80262.37378796827 4.2
4957.2 978435.8854896198 80146.39638747803 4.2
4961.4 975449.4542745727 80037.22082727739 4.2
4965.6 971998.9369836695 79889.18671643808 4.2
4969.8 968749.3658772518 79756.85125536006 4.2
4974.0 966036.8493807606 79668.015648634 4.2
4978.2 963226.8360388939 79570.48404879142 4.2
4982.4 959789.6733939424 79420.38718926818 4.2
4986.6 955432.8941639486 79193.21967937074 4.2
4990.8 950099.1332456565 78883.83209091151 4.2
4995.0 944639.8654142839 78562.62752694341 4.2
4999.2 939455.5391080697 78262.9114488014 4.2
5003.4 933139.9999461861 77867.4584858374 4.2
5007.6 925460.7259588195 77356.35539584965 4.2
5011.8 919275.723176536 76968.31871566644 4.2
5016.0 916326.4000072307 76850.02267913442 4.2
5020.2 916227.2748237948 76970.44545828832 4.2
5024.4 917801.6641999077 77231.77211153755 4.2
5028.6 918271.4304941996 77400.54166925207 4.2
5032.8 915996.7027392741 77337.83317624337 4.2
5037.0 911442.6624428158 77081.82703726373 4.2
5041.2 905693.8099963675 76723.42820176175 4.2
5045.4 900687.3205457376 76426.50505949608 4.2
5049.6 897724.9600511765 76302.01376167507 4.2
5053.8 897017.9889977247 76368.80589257323 4.2
5058.0 897775.200730907 76560.36583490619 4.2
5062.2 897872.4700780628 76695.87384422419 4.2
5066.4 896268.8540983073 76685.98495035307 4.2
5070.6 893310.7299878466 76559.66069112568 4.2
5074.8 889814.3233904231 76386.39248462851 4.2
5079.0 887247.5914307706 76292.17565072565 4.2
5083.2 885855.4466356104 76298.50000499337 4.2
5087.4 884678.5214176119 76323.09970020517 4.2
5091.6 882886.1399922462 76294.28371056612 4.2
5095.8 879687.6720008197 76143.35348854447 4.2
5100.0 875654.7392569837 75919.26589358051 4.2
5104.2 872541.0905770226 75773.96272617839 4.2
5108.4 870553.4927077163 75725.82264945781 4.2
5112.6 868779.6174781368 75695.83778165566 4.2
5116.8 866651.2556585952 75634.51040833374 4.2
5121.0 863677.6934618371 75498.79150248242 4.2
5125.2 860311.2850834009 75327.92423271858 4.2
5129.4 857582.9139884847 75212.14939151629 4.2
5133.6 855628.4215166447 75163.67395510955 4.2
5137.8 854119.949891105 75153.98261765619 4.2
5142.0 852583.8663034056 75141.5241627204 4.2
5146.2 850409.1685114536 75072.34812299293 4.2
5150.4 847920.8920363986 74974.91809592638 4.2
5154.6 845892.7756485639 74917.62480313468 4.2
5158.8 844103.8330463402 74881.06283599904 4.2
5163.0 841924.2226906504 74809.37044974895 4.2
5167.2 839836.4345106126 74745.31904752135 4.2
5171.4 838673.6388899763 74763.22036641062 4.2
5175.6 837683.2785329373 74796.28021962274 4.2
5179.8 835663.189447281 74737.05834607739 4.2
5184.0 833012.0216547261 74620.81705406 4.2
5188.2 830523.3288464582 74518.48210386834 4.2
5192.4 827936.3915638834 74406.69252368057 4.2
5196.6 824803.8448377494 74245.13478397245 4.2
5200.8 821820.4589085752 74096.21093690363 4.2
5205.0 819814.8617630147 74034.81576751714 4.2
5209.2 818410.4968315737 74027.31540309016 4.2
5213.4 817114.9557361896 74029.3608816647 4.2
5217.6 815514.5084763876 74003.45566202396 4.2
5221.8 813213.8880615861 73913.5395255159 4.2
5226.0 810569.8467748441 73791.78229525374 4.2
5230.2 807987.5370660599 73674.97548287091 4.2
5234.4 805718.6940579343 73586.1362086217 4.2
5238.6 804012.4569122699 73548.19180670315 4.2
5242.8 802207.4173100841 73500.78881764355 4.2
5247.0 799707.4213478949 73389.17404831895 4.2
5251.2 796724.433322465 73232.52356197829 4.2
5255.4 793526.9870672629 73055.34566818361 4.2
5259.6 790969.6530049539 72936.3456591172 4.2
5263.8 789722.4700925237 72937.68920862932 4.2
5268.0 788783.3271098731 72967.25356029208 4.2
5272.2 787287.7629950506 72945.07917335448 4.2
5276.4 785022.0063264866 72851.0809282167 4.2
5280.6 781956.7122909941 72682.18922388915 4.2
5284.8 779098.0942525481 72531.72395143936 4.2
5289.0 777130.7982127216 72463.61567850111 4.2
5293.2 775183.7266987683 72396.90494814492 4.2
5297.4 772715.6715409966 72280.97464412288 4.2
5301.6 770291.915057452 72168.5533893017 4.2
5305.8 768265.805817943 72092.81770543139 4.2
5310.0 766514.2137714863 72042.37140974068 4.2
5314.2 764943.6866531618 72008.53908349108 4.2
5318.4 763482.8028386299 71984.66700780162 4.2
5322.6 761990.5677035921 71957.48900498445 4.2
5326.8 760257.0787935073 71907.13740432519 4.2
5331.0 758151.3099087313 71821.09133060364 4.2
5335.2 755655.4968893472 71697.49791335993 4.2
5339.4 753043.9789340576 71562.25216990279 4.2
5343.6 751210.0204098017 71500.32238848107 4.2
5347.8 750403.655356401 71535.89251781731 4.2
5352.0 749902.9209060415 71600.49091917416 4.2
5356.2 749120.5043441028 71638.0902867982 4.2
5360.4 747637.1231398585 71608.40493521614 4.2
5364.6 745360.8267391348 71502.29804269303 4.2
5368.8 742599.7575585713 71349.01797469668 4.2
5373.0 739788.4959985937 71190.16507899796 4.2
5377.2 737484.4622831814 71079.44040035942 4.2
5381.4 735784.6205550764 71026.43224285416 4.2
5385.6 734197.77854295 70983.92342348261 4.2
5389.8 732588.2598937326 70938.82651424635 4.2
5394.0 731158.2260602339 70910.73713521285 4.2
5398.2 729718.4265113148 70881.35318382086 4.2
5402.4 727745.9233272568 70799.79496790655 4.2
5406.6 725311.8527336202 70672.75149719843 4.2
5410.8 722960.0378525084 70553.08362884358 4.2
5415.0 720722.9189115283 70443.99863660197 4.2
5419.2 718248.7785711541 70311.11741696367 4.2
5423.4 715711.4764080474 70171.37717117507 4.2
5427.6 713519.0737370738 70064.81828654077 4.2
5431.8 711871.6754588049 70011.2771257047 4.2
5436.0 710955.4022708412 70029.33462940657 4.2
5440.2 709903.8353144383 70033.84973301053 4.2
5444.4 707263.4319631377 69881.14302593096 4.2
5448.6 703913.6753779871 69657.51866633067 4.2
5452.8 701755.9720245063 69551.09951030301 4.2
5457.0 700824.6150635536 69565.83462486895 4.2
5461.2 700449.9225649467 69635.70871990114 4.2
5465.4 699728.1563012736 69670.99292794953 4.2
5469.6 697567.3113111915 69562.63107355835 4.2
5473.8 694677.7743926084 69380.91131802637 4.2
5478.0 692387.468327937 69258.327550398 4.2
5482.2 690620.5613264667 69187.55763478849 4.2
5486.4 688922.4211100477 69123.22622490629 4.2
5490.6 687431.8394104838 69079.31143816473 4.2
5494.8 686375.0297937351 69078.67519712365 4.2
5499.0 685358.5188968036 69081.85646092988 4.2
5503.2 683896.9420287976 69039.87557278409 4.2
5507.4 682106.2269702594 68964.24721620904 4.2
5511.6 680201.9486789498 68876.6474805463 4.2
5515.8 678191.3304112672 68777.75567283347 4.2
5520.0 676075.3462659585 68667.62076954088 4.2
5524.2 673941.9150297409 68555.13651591232 4.2
5528.4 671853.1196998016 68446.61891788479 4.2
5532.6 669950.4912498399 68356.52867684644 4.2
5536.8 668392.5218588514 68301.1474765584 4.2
5541.0 666697.696189694 68231.35563182362 4.2
5545.2 664438.5557899794 68103.27545710892 4.2
5549.4 662200.0284278196 67976.68787283529 4.2
5553.6 660498.8443233933 67904.72582051838 4.2
5557.8 659318.7488926153 67885.96564332196 4.2
5562.0 658584.1670320673 67912.85684057993 4.2
5566.2 657457.4345559442 67899.09722306815 4.2
5570.4 655294.4509946178 67777.88303194553 4.2
5574.6 653440.1771347347 67688.04955606225 4.2
5578.8 652805.2978132258 67724.21815441013 4.2
5583.0 652033.6345968336 67746.05338216621 4.2
5587.2 650136.90483469 67650.65409123087 4.2
5591.4 647423.0098886971 67469.57896400956 4.2
5595.6 644317.5067411782 67246.85839552693 4.2
5599.8 641924.9002693451 67097.75662115686 4.2
5604.0 640809.5884619897 67081.69072228168 4.2
5608.2 639761.7464584925 67072.42368437634 4.2
5612.4 637946.1529284111 66982.2913605138 4.2
5616.6 635615.1841329864 66837.46966521532 4.2
5620.8 633060.169678454 66668.39501798808 4.2
5625.0 630887.9045602516 66538.95868408903 4.2
5629.2 629308.9332267724 66471.57971160964 4.2
5633.4 627595.868347657 66389.5920488697 4.2
5637.6 625346.5205244917 66250.32300089397 4.2
5641.8 622658.4435753986 66063.86833735906 4.2
5646.0 619936.9282916705 65873.08454407641 4.2
5650.2 618240.7298739556 65790.62316060162 4.2
5654.4 617589.9200319748 65819.10916528518 4.2
5658.6 616281.6891526734 65777.29352240602 4.2
5662.8 613765.9734665243 65606.0665260147 4.2
5667.0 611002.2780152372 65407.56779068828 4.2
5671.2 608571.104794576 65243.91300955593 4.2
5675.4 606708.8123058388 65140.63682799501 4.2
5679.6 605321.0178742448 65087.861084040596 4.2
5683.8 603803.5739943662 65020.753790805466 4.2
5688.0 602029.9251098916 64925.60421791521 4.2
5692.2 600306.3713878765 64835.37095495976 4.2
5696.4 598808.9725528241 64769.120528573236 4.2
5700.6 597646.1384657947 64738.703844977965 4.2
5704.8 596513.6799088913 64711.28144159892 4.2
5709.0 594759.200116002 64615.98960398671 4.2
5713.2 592459.1343427872 64460.845851375416 4.2
5717.4 590250.1417619582 64314.95942699614 4.2
5721.6 588402.1746655903 64207.831104311 4.2
5725.8 587052.4519269741 64154.62931954084 4.2
5730.0 585701.0610402953 64100.88122343303 4.2
5734.2 583401.5544330837 63942.85157122462 4.2
5738.4 580737.1635619318 63744.10092213312 4.2
5742.6 579183.4206154027 63666.650170288325 4.2
5746.8 578571.568904819 63692.45662584249 4.2
5751.0 577955.6577756626 63717.68667742642 4.2
5755.2 576979.540869264 63703.01682686935 4.2
5759.4 575523.1143606956 63634.992901450896 4.2
5763.6 573790.8115420559 63536.01905960969 4.2
5767.8 572185.528146748 63450.63897742077 4.2
5772.0 570927.036733454 63403.320069930545 4.2
5776.2 570165.3361144512 63410.912084495496 4.2
5780.4 569646.5480684396 63445.379577571235 4.2
5784.6 568929.6767754081 63457.65218875905 4.2
5788.8 568025.9338544031 63448.885795696326 4.2
5793.0 567087.6609307155 63436.03060979028 4.2
5797.2 565984.6952878842 63404.48801300495 4.2
5801.4 564515.1913710885 63331.53290293686 4.2
5805.6 563236.8157825416 63279.640031948264 4.2
5809.8 562795.8550736106 63321.617494649836 4.2
5814.0 562702.9602086879 63402.73610646117 4.2
5818.2 562325.7390853518 63451.80779214917 4.2
5822.4 561550.965437131 63455.89881325562 4.2
5826.6 560302.8682951328 63406.23996795636 4.2
5830.8 558965.4497332973 63346.117206310235 4.2
5835.0 557970.8798298173 63324.53363004586 4.2
5839.2 557055.6114756648 63311.70363875463 4.2
5843.4 555906.8458353678 63272.063734225565 4.2
5847.6 554633.2986463398 63217.89051528726 4.2
5851.8 553246.0291517334 63150.38462178756 4.2
5856.0 551618.8755135691 63055.068235345636 4.2
5860.2 549657.7787952495 62921.05560179052 4.2
5864.4 545268.0922305201 62508.05707109859 4.2
5868.6 537135.9696325259 61664.04359340202 4.2
5872.8 529247.5211654843 60845.43495287765 4.2
5877.0 524988.6004614843 60442.16331622889 4.2
5881.2 524784.932998176 60505.10236038969 4.2
5885.4 528315.4178247298 60999.18043336821 4.2
5889.6 531777.12841622 61486.53222661197 4.2
5893.8 532282.840567188 61632.8144282677 4.2
5898.0 531769.8597817473 61661.20392463738 4.2
5902.2 531605.433486548 61729.96063230114 4.2
5906.4 531055.0510126818 61753.84451739607 4.2
5910.6 529787.9984839043 61694.15212351529 4.2
5914.8 528018.4845474638 61575.50750802481 4.2
5919.0 526037.3421344141 61431.62450428667 4.2
5923.2 524721.0181375316 61364.89564377869 4.2
5927.4 524276.9727537029 61399.947528557284 4.2
5931.6 523366.0434217211 61380.15771392508 4.2
5935.8 521337.22484319564 61228.83553565082 4.2
5940.0 518915.1672321262 61030.65064850482 4.2
5944.2 516747.55206693744 60861.688931312485 4.2
5948.4 515467.0684502118 60796.69905807008 4.2
5952.6 515133.5723358669 60843.19336550517 4.2
5956.8 514715.4648005028 60879.6293948485 4.2
5961.0 513725.3669842719 60848.23705322778 4.2
5965.2 512435.5325751311 60781.02224742904 4.2
5969.4 511083.5376060779 60706.05345663707 4.2
5973.6 509857.6947943305 60645.698151013414 4.2
5977.8 508939.89200636506 60621.684503116754 4.2
5982.0 508543.8859781872 60659.66394687502 4.2
5986.2 508265.7081006703 60711.64494828037 4.2
5990.4 506959.90096294775 60640.67125166552 4.2
5994.6 504685.5101204276 60453.29819969688 4.2
5998.8 502704.17155565374 60300.373199423804 4.2
6003.0 501423.36608791025 60230.98977718076 4.2
6007.2 500528.8007051697 60207.6948706002 4.2
6011.4 499861.85984190874 60211.576729274646 4.2
6015.6 499398.6377977117 60239.866397886166 4.2
6019.8 498757.1440664811 60246.524721914255 4.2
6024.0 497305.5755211566 60155.03724174411 4.2
6028.2 495320.0971507645 59998.44572219133 4.2
6032.4 493724.8563990051 59888.57782379124 4.2
6036.6 492615.93475924456 59837.30152826877 4.2
6040.8 491623.1670349549 59799.836971424884 4.2
6045.0 490691.623542249 59769.55191590484 4.2
6049.2 489929.24893097824 59759.64377473733 4.2
6053.4 489087.4397858611 59739.83241961858 4.2
6057.6 487721.6901690133 59655.70740614692 4.2
6061.8 486104.9549944717 59540.43455304399 4.2
6066.0 484846.6985953875 59468.63908980193 4.2
6070.2 483721.34744450863 59412.797230795426 4.2
6074.4 482190.31260454486 59306.73287275243 4.2
6078.6 480615.8877906255 59194.86030518924 4.2
6082.8 479647.4944540918 59157.25312438423 4.2
6087.0 479091.7046367353 59170.33117225207 4.2
6091.2 478567.8679112426 59187.227929913584 4.2
6095.4 477846.9664642559 59179.59653872931 4.2
6099.6 476741.0440310763 59124.02609460015 4.2
6103.8 475458.55371237936 59046.206359364194 4.2
6108.0 474311.00133972627 58984.78489828686 4.2
6112.2 473362.8179331828 58947.854108122425 4.2
6116.4 472643.2886341787 58939.167871355414 4.2
6120.6 472033.97542508284 58944.05372202992 4.2
6124.8 471360.7662939635 58940.79644324662 4.2
6129.0 470506.91653439647 58914.74469210523 4.2
6133.2 469421.52577940986 58859.422947453684 4.2
6137.4 467830.3542574012 58740.27832781595 4.2
6141.6 465455.5354346629 58522.11321866338 4.2
6145.8 463383.33248126647 58341.286279662345 4.2
6150.0 462656.87827856676 58329.465928970305 4.2
6154.2 462302.28809696186 58364.396609209296 4.2
6158.4 461378.6215989271 58327.3170316152 4.2
6162.6 460503.88190218573 58296.16691486304 4.2
6166.8 460164.9406239934 58332.68942344791 4.2
6171.0 459703.8721521358 58353.64648019557 4.2
6175.2 458626.55669868534 58296.16691486304 4.2
6179.4 457387.86452109594 58217.82817730615 4.2
6183.6 456346.2411863589 58164.23226160336 4.2
6187.8 455445.81779814296 58128.35060466545 4.2
6192.0 454622.9538072839 58102.12281067785 4.2
6196.2 453496.9806562201 58036.87235730993 4.2
6200.4 451882.82957484765 57908.72459997695 4.2
6204.6 450436.6062643144 57801.61860020051 4.2
6208.8 449570.61178108014 57768.62092256816 4.2
6213.0 448859.63037214655 57755.32073732946 4.2
6217.2 448009.8659841772 57723.944439625426 4.2
6221.4 446985.0573794852 57669.74087256836 4.2
6225.6 445823.3673331709 57597.54861605116 4.2
6229.8 444878.1191056457 57553.00443519276 4.2
6234.0 444242.04414176464 57548.23388807543 4.2
6238.2 443435.7120084754 57521.20825599451 4.2
6242.4 442187.09819223697 57436.50429844262 4.2
6246.6 440572.98234433675 57303.876213665666 4.2
6250.8 438831.7560589876 57154.18023155706 4.2
6255.0 437625.50674453226 57073.696306724974 4.2
6259.2 436825.1122434475 57045.84269265055 4.2
6263.4 435051.78889973386 56890.53265478591 4.2
6267.6 431724.5156573095 56531.17339098077 4.2
6271.8 427221.25666968734 56016.50387910724 4.2
6276.0 428090.2975585852 56205.65328043307 4.2
6280.2 428842.98037920566 56379.86089369231 4.2
6284.4 427903.27934416826 56331.58874374736 4.2
6288.6 426958.1539060528 56282.32115595285 4.2
6292.8 425572.34321231727 56174.60146930308 4.2
6297.0 423028.7345052443 55913.41264535819 4.2
6301.2 420756.3955709804 55687.27927600817 4.2
6305.4 420687.85063580604 55752.45553450041 4.2
6309.6 420949.1133372151 55861.42369257875 4.2
6313.8 421245.8284735192 55975.24459608175 4.2
6318.0 421372.3279858448 56066.57155459879 4.2
6322.2 421134.47370786814 56109.44849454958 4.2
6326.4 420474.7872038109 56096.01363814139 4.2
6330.6 419495.6945764388 56039.72558909441 4.2
6334.8 418103.149108368 55927.83398856619 4.2
6339.0 416055.9633705963 55727.81302566522 4.2
6343.2 413935.28173984756 55517.25695797125 4.2
6347.4 412756.11843603145 55432.4405627916 4.2
6351.6 412635.8667728903 55489.65185036839 4.2
6355.8 413295.6263011142 55651.90050208296 4.2
6360.0 413777.6449183388 55790.46741962946 4.2
6364.2 412771.4169875008 55728.32630015515 4.2
6368.4 410885.28422122746 55546.92218516362 4.2
6372.6 409539.6325333225 55438.056915391084 4.2
6376.8 408883.5724922668 55422.23047030001 4.2
6381.0 408627.66451318713 55460.528016791424 4.2
6385.2 408518.98554497294 55518.790977663484 4.2
6389.4 408312.89896069706 55563.80775112164 4.2
6393.6 407656.461371605 55547.43379358012 4.2
6397.8 406158.86384401214 55416.10531751264 4.2
6402.0 404652.2085816095 55283.05059550416 4.2
6406.2 404255.8082906481 55301.383960413885 4.2
6410.4 404299.3054485241 55379.87867908576 4.2
6414.6 403814.6724899925 55385.99982773537 4.2
6418.8 402929.96568288666 55337.04957626679 4.2
6423.0 401877.2397481625 55264.72330842141 4.2
6427.2 401115.66766022507 55232.15646543654 4.2
6431.4 401175.32406778994 55312.590676295054 4.2
6435.6 401338.81931154156 55407.429176502235 4.2
6439.8 400804.41356138577 55405.89823380777 4.2
6444.0 399902.56637287815 55353.36151794265 4.2
6448.2 399032.4881367791 55304.94948733692 4.2
6452.4 397995.98385917384 55233.17388872807 4.2
6456.6 396633.59029112046 55115.785337743066 4.2
6460.8 395381.7872200096 55013.338369158686 4.2
6465.0 394602.83063617867 54976.362316355386 4.2
6469.2 393499.42217603023 54893.88902529948 4.2
6473.4 391450.0634159871 54678.929072676925 4.2
6477.6 389469.0956943342 54472.83770810961 4.2
6481.8 388373.8692083342 54390.117871859555 4.2
6486.0 387931.7861461066 54398.634714081665 4.2
6490.2 387869.02148373047 54460.29631763803 4.2
6494.4 387735.16174980823 54511.98541176227 4.2
6498.6 386382.67270444357 54392.1217147652 4.2
6502.8 385482.31689970655 54335.541558430385 4.2
6507.0 384117.09989038145 54213.069827321786 4.2
6511.2 382468.06951675797 54050.03754933101 4.2
6515.4 381001.852848891 53912.317374018035 4.2
6519.6 380045.28823188966 53846.316551455835 4.2
6523.8 379479.2013439276 53835.40691291854 4.2
6528.0 378516.62859830965 53768.014560417294 4.2
6532.2 376615.6025237919 53566.836626559954 4.2
6536.4 373862.59152936377 53243.67207802194 4.2
6540.6 369887.85743658757 52745.328320665125 4.2
6544.8 363439.80886869965 51892.4290254056 4.2
6549.0 353019.9701287544 50469.38353286723 4.2
6553.2 337516.03427183884 48314.779295561435 4.2
6557.4 319363.95800774446 45774.962796289554 4.2
6561.6 306623.7218186624 44005.20008460246 4.2
6565.8 307350.522319005 44165.9930729503 4.2
6570.0 321172.6207884583 46211.28019690575 4.2
6574.2 338700.1825008312 48795.525559910675 4.2
6578.4 351260.00260807894 50669.66115177039 4.2
6582.6 358200.61225890834 51736.85200730596 4.2
6586.8 362323.3315881971 52399.120793010785 4.2
6591.0 364588.2192717804 52793.930942250096 4.2
6595.2 365407.38010818156 52980.0056163159 4.2
6599.4 365574.8831557979 53071.8222959964 4.2
6603.6 365422.8807729578 53117.30105881636 4.2
6607.8 364891.2720866052 53107.51739150517 4.2
6612.0 364350.6636579479 53096.268401863985 4.2
6616.2 364196.6987300676 53141.27866173265 4.2
6620.4 363795.05770335306 53150.08947882543 4.2
6624.6 362872.3975640524 53082.5771956241 4.2
6628.8 362339.28483880125 53071.8222959964 4.2
6633.0 362280.7516409654 53130.511868779315 4.2
6637.2 361715.7718672408 53114.85497302813 4.2
6641.4 360729.76516311325 53037.1281631995 4.2
6645.6 359995.324064174 52996.11087191058 4.2
6649.8 359477.8102084867 52986.837551162535 4.2
6654.0 358891.904137284 52967.32007427204 4.2
6658.2 358096.0923448561 52916.60827310926 4.2
6662.4 356914.21711070405 52808.52045998009 4.2
6666.6 354751.6783159166 52554.7530841223 4.2
6670.8 351069.75367535703 52074.846684611526 4.2
6675.0 347176.815019953 51562.266595744644 4.2
6679.2 345411.15475909406 51364.610595877566 4.2
6683.4 346767.4669578801 51631.17397210773 4.2
6687.6 350045.6431058612 52184.79719327242 4.2
6691.8 352282.72701548826 52584.2882572379 4.2
6696.0 352080.81814892945 52620.14009381917 4.2
6700.2 351057.0682900313 52532.975475082676 4.2
6704.4 350336.5266372701 52490.89768290914 4.2
6708.6 349637.0594255867 52451.75210499904 4.2
6712.8 348881.4177831191 52403.94715264622 4.2
6717.0 348230.3009087585 52371.61902966049 4.2
6721.2 347577.46968127816 52338.82878932536 4.2
6725.4 346836.67618091544 52292.57163338745 4.2
6729.6 346155.11445088295 52255.01779853671 4.2
6733.8 345494.25336740224 52220.37665784223 4.2
6738.0 344568.23749179527 52145.39961357483 4.2
6742.2 343527.8823510043 52052.78851280812 4.2
6746.4 342797.05332420865 52006.784159808354 4.2
6750.6 342194.0899746322 51979.96706595949 4.2
6754.8 341523.2426550099 51942.63772762814 4.2
6759.0 340511.95320834406 51853.252172794 4.2
6763.2 339328.8566286713 51737.328523516815 4.2
6767.4 338358.8659020458 51653.52922264196 4.2
6771.6 337926.82046466455 51651.62627135377 4.2
6775.8 337337.0926819417 51625.46779921488 4.2
6780.0 335943.2094758057 51475.90610155875 4.2
6784.2 334638.5498841606 51339.543180706896 4.2
6788.4 334113.79333995044 51322.523234513435 4.2
6792.6 333820.6305695271 51340.96176430717 4.2
6796.8 333236.27660394355 51314.48799916006 4.2
6801.0 332411.24354696635 51250.72342311736 4.2
6805.2 331576.29009594716 51185.15231698355 4.2
6809.4 330926.51207958756 51147.92268176995 4.2
6813.6 330424.3057983415 51133.32098331792 4.2
6817.8 329895.7651689462 51114.4862413947 4.2
6822.0 329268.2265718991 51080.130719655295 4.2
6826.2 328572.5193688227 51034.986003453516 4.2
6830.4 327929.8722225549 50997.86559204448 4.2
6834.6 327186.25457555364 50944.81623274399 4.2
6838.8 326059.9432888917 50831.8598407802 4.2
6843.0 324988.6357166375 50727.095912306155 4.2
6847.2 324180.7539618137 50663.127985427804 4.2
6851.4 322717.5680029577 50496.35146699837 4.2
6855.6 318938.0352369608 49966.162954554864 4.2
6859.8 321169.53798658686 50377.42904489377 4.2
6864.0 318861.9553899735 50076.73440591028 4.2
6868.2 317482.20527553 49921.083176367116 4.2
6872.4 317228.64515484957 49942.238005161795 4.2
6876.6 316596.2226199078 49903.61420717683 4.2
6880.8 316734.5104636599 49986.41609430778 4.2
6885.0 316584.2941236041 50023.72175269128 4.2
6889.2 315375.29436612985 49893.50338757815 4.2
6893.4 314443.26353870943 49806.726605944685 4.2
6897.6 313658.6317974952 49743.002975557785 4.2
6901.8 312812.7990667171 49669.295490028955 4.2
6906.0 312351.867376528 49656.487950275 4.2
6910.2 311788.4480498252 49627.22597356603 4.2
6914.4 310934.029266843 49551.408063235365 4.2
6918.6 309448.80482924223 49374.64658017436 4.2
6922.8 307644.87504007644 49146.432700841644 4.2
6927.0 305305.6767136122 48831.94243772297 4.2
6931.2 302362.82441856316 48419.91246772417 4.2
6935.4 300897.2554668505 48243.63244140693 4.2
6939.6 301081.7128168791 48331.69208643518 4.2
6943.8 301199.9168985798 48409.21051760045 4.2
6948.0 301357.24379601213 48493.10580836108 4.2
6952.2 301389.9316592447 48557.017122693585 4.2
6956.4 301417.2907242494 48620.117044810366 4.2
6960.6 301975.6330422211 48769.01678258818 4.2
6964.8 302694.0994140404 48944.06089731227 4.2
6969.0 302800.3171332186 49020.30397665553 4.2
6973.2 302377.17951453436 49010.823526145796 4.2
6977.4 301574.0809043137 48939.5531903027 4.2
6981.6 300225.32857585297 48779.34899954299 4.2
6985.8 298632.42371329956 48578.936174531314 4.2
6990.0 297341.0722583511 48427.04841550086 4.2
6994.2 296530.357388951 48353.06407439946 4.2
6998.4 296010.919520224 48326.35056560558 4.2
7002.6 295585.15287649166 48314.779295561435 4.2
7006.8 295116.71777944773 48296.09309640858 4.2
7011.0 294537.99117672944 48259.18685799297 4.2
7015.2 293838.7992176746 48202.32648885249 4.2
7019.4 293084.78408510465 48136.2218430566 4.2
7023.6 292494.5069205861 48096.779773119524 4.2
7027.8 292225.740211773 48110.07124069454 4.2
7032.0 291943.98418936436 48121.15026945166 4.2
7036.2 291453.2507658246 48097.665756704846 4.2
7040.4 290955.51005886664 48072.86438439686 4.2
7044.6 290592.6181622182 48070.20785313842 4.2
7048.8 290000.5878552867 48029.49275177241 4.2
7053.0 288781.5792177502 47884.61500301784 4.2
7057.2 287014.87401160557 47648.36468140851 4.2
7061.4 284988.6921137183 47368.321964276234 4.2
7065.6 283827.94968882116 47231.52845864008 4.2
7069.8 284262.1252034277 47360.03340053741 4.2
7074.0 285248.351846982 47580.82850996769 4.2
7078.2 285808.7990861699 47730.94139287463 4.2
7082.4 285983.08866160136 47816.74397344853 4.2
7086.6 285799.4672709765 47842.735135499825 4.2
7090.8 285253.3691882375 47807.936614911574 4.2
7095.0 284538.11830880103 47744.571503332314 4.2
7099.2 283775.19578185346 47672.947049184244 4.2
7103.4 283207.47556078836 47633.884579392776 4.2
7107.6 282839.0027684333 47628.18150505431 4.2
7111.8 282299.5495387614 47593.539040529846 4.2
7116.0 281520.07912787475 47518.20206651425 4.2
7120.2 280724.8569636256 47439.92568159482 4.2
7124.4 279988.80358245515 47371.37601130304 4.2
7128.6 279298.6021923745 47310.33246641539 4.2
7132.8 278736.06271188584 47270.69635093521 4.2
7137.0 278190.222082936 47233.703600990695 4.2
7141.2 277451.36263979273 47163.714309705785 4.2
7145.4 276594.8970271226 47073.44687896883 4.2
7149.6 275538.16693787323 46948.74635017549 4.2
7153.8 273990.6016606529 46739.92379705085 4.2
7158.0 271770.22041888937 46415.60333291567 4.2
7162.2 271324.0969508201 46393.8057740031 4.2
7166.4 272111.6680180156 46583.05854596272 4.2
7170.6 272008.36573615426 46619.97110398395 4.2
7174.8 270990.2438705135 46499.897973987194 4.2
7179.0 270670.76353991695 46499.46969607182 4.2
7183.2 270354.33496777486 46499.46969607182 4.2
7187.4 269812.225477518 46460.51291317602 4.2
7191.6 269288.74803985434 46424.5817747907 4.2
7195.8 268863.028704473 46405.3443826922 4.2
7200.0 268480.199497848 46393.378473228135 4.2
7204.2 268204.2976925558 46399.78839810116 4.2
7208.4 268247.3860964965 46461.36875533391 4.2
7212.6 267690.8702928115 46419.02348695948 4.2
7216.8 265707.5623359608 46128.78332759639 4.2
7221.0 265090.7444325384 46075.281791724956 4.2
7225.2 264914.36477166164 46098.20341889829 4.2
7229.4 265006.6335612715 46167.88717778198 4.2
7233.6 263538.62478307215 45965.5012051178 4.2
7237.8 262209.3043402133 45786.76920225846 4.2
7242.0 261413.6215644325 45700.82077950264 4.2
7246.2 261165.99029950413 45710.50296763027 4.2
7250.4 261284.3036342028 45784.23900179783 4.2
7254.6 261530.48043818944 45880.484983541755 4.2
7258.8 261704.74298328807 45964.23114893015 4.2
7263.0 261517.74717840305 45984.556259690704 4.2
7267.2 260480.38771513329 45855.13749496916 4.2
7271.4 258934.0612093861 45635.62470984767 4.2
7275.6 257648.5046052566 45461.52500249083 4.2
7279.8 256891.8691901669 45380.36660413578 4.2
7284.0 256782.47498872745 45413.39814101839 4.2
7288.2 257049.45711281733 45513.056268790155 4.2
7292.4 257243.42895718664 45599.911522106144 4.2
7296.6 256573.72356658505 45533.60125072573 4.2
7300.8 255811.66939425704 45450.639686793176 4.2
7305.0 255479.94511086468 45443.942326499 4.2
7309.2 254332.32628805892 45291.84370881922 4.2
7313.4 253829.79548995712 45254.31546842516 4.2
7317.6 253013.63294123355 45160.630853539515 4.2
7321.8 252321.07798210534 45088.729704785466 4.2
7326.0 250945.50798652734 44894.382248657086 4.2
7330.2 249628.1776032143 44709.931038090675 4.2
7334.4 248750.56249973862 44603.81439862193 4.2
7338.6 248779.6323105575 44660.131757051684 4.2
7342.8 248726.3840695223 44701.69592293867 4.2
7347.0 248458.1087265213 44704.57804068879 4.2
7351.2 248009.76320030369 44674.942272817716 4.2
7355.4 247443.84976720088 44623.948941019284 4.2
7359.6 246788.4516611367 44556.59553395295 4.2
7363.8 246307.3011143871 44520.49660106155 4.2
7368.0 246076.43157730828 44529.51859148107 4.2
7372.2 245907.08257965714 44549.61959611716 4.2
7376.4 245814.97493875847 44583.688941027474 4.2
7380.6 245720.7979409246 44617.37339739915 4.2
7384.8 245323.85401863712 44596.00957161257 4.2
7389.0 244781.12226995826 44547.978357710526 4.2
7393.2 244458.05106460964 44539.77307259721 4.2
7397.4 244322.2666385474 44565.62483975042 4.2
7401.6 244204.70807076598 44594.777355354374 4.2
7405.8 243914.3187927389 44592.31302497746 4.2
7410.0 243388.93971154594 44546.74746858512 4.2
7414.2 242871.55901420926 44502.45810360561 4.2
7418.4 242498.33505513918 44484.42691485985 4.2
7422.6 242223.9824413749 44484.42691485985 4.2
7426.8 241972.3806047827 44488.52427067876 4.2
7431.0 241414.1557324526 44436.10660520937 4.2
7435.2 240575.80321182648 44331.864791213535 4.2
7439.4 239930.48613042955 44262.913813547166 4.2
7443.6 239573.73314366597 44247.01728517951 4.2
7447.8 239356.5096063085 44256.79908841583 4.2
7452.0 239263.0101563761 44289.42071986323 4.2
7456.2 239092.61239970571 44307.78095322724 4.2
7460.4 238548.68556881536 44256.79908841583 4.2
7464.6 237719.15278077082 44152.57124641757 4.2
7468.8 236916.65631176886 44053.05182177671 4.2
7473.0 236334.59024760037 43994.258267645106 4.2
7477.2 235919.1854728537 43966.3082054856 4.2
7481.4 235695.61571074705 43974.002827338096 4.2
7485.6 235656.82480406377 44016.14462290034 4.2
7489.8 235453.3169387378 44027.4973895849 4.2
7494.0 234931.83842243222 43979.26834449992 4.2
7498.2 234418.1392505749 43932.30600866615 4.2
7502.4 233972.50452580856 43897.92579140428 4.2
7506.6 233400.99641686954 43839.74304680529 4.2
7510.8 232852.47558328652 43785.6700417237 4.2
7515.0 232472.33879843028 43763.0921330586 4.2
7519.2 232092.96758338533 43740.52586660336 4.2
7523.4 231579.94646228207 43692.61117875703 4.2
7527.6 230868.23755063952 43606.97892919359 4.2
7531.8 230390.03795543397 43565.22887573296 4.2
7536.0 230184.1815032625 43574.85995423169 4.2
7540.2 229684.41299121024 43528.730369960154 4.2
7544.4 228875.78239924385 43423.81742532584 4.2
7548.6 228334.96974584382 43369.45853071192 4.2
7552.8 228190.3557743257 43390.23477426843 4.2
7557.0 227888.5002479687 43381.044054658516 4.2
7561.2 227189.26336363913 43296.02243909032 4.2
7565.4 226667.60952396248 43244.61151432882 4.2
7569.6 226376.52725495322 43237.044522211865 4.2
7573.8 225574.28503044625 43131.642811000886 4.2
7578.0 223353.13510480514 42754.31966063963 4.2
7582.2 223801.39176604332 42887.625310278025 4.2
7586.4 223910.14934347416 42956.016448093345 4.2
7590.6 221630.25313360896 42565.72157892897 4.2
7594.8 218206.94613484232 41954.64010680606 4.2
7599.0 216956.3499369452 41760.33750931754 4.2
7603.2 219414.04577584157 42280.09943332992 4.2
7607.4 224153.10041575777 43241.0269845757 4.2
7611.6 226663.3691226035 43773.57328529409 4.2
7615.8 226521.89903221352 43794.54312099702 4.2
7620.0 225552.32700645158 43655.2017874447 4.2
7624.2 223016.34509959823 43211.963442088585 4.2
7628.4 220649.19115134867 42800.41696849909 4.2
7632.6 220957.24624014256 42907.38034003522 4.2
7636.8 221512.59287518638 43062.575432117344 4.2
7641.0 221093.94827767272 43028.47953337359 4.2
7645.2 220590.87961437387 42977.78213482394 4.2
7649.4 219995.86182156048 42908.961135464204 4.2
7653.6 219408.6437064293 42841.43407646961 4.2
7657.8 219194.27933423396 42846.563978044695 4.2
7662.0 219073.05240075148 42869.853560211006 4.2
7666.2 218478.6302656305 42800.41696849909 4.2
7670.4 217555.08065714236 42666.20345751562 4.2
7674.6 216683.4571557145 42541.81356386835 4.2
7678.8 216046.15537932978 42463.12967805431 4.2
7683.0 215815.9748620541 42464.302993896796 4.2
7687.2 213157.63544328048 41987.11165360169 4.2
7691.4 211999.31559309876 41804.59303875685 4.2
7695.6 211582.76233141127 41768.030756320266 4.2
7699.8 212347.11523694565 41964.68813925821 4.2
7704.0 212737.82094467012 42087.778191282734 4.2
7708.2 212864.53270213614 42158.77663370153 4.2
7712.4 212687.5961654399 42169.65034285822 4.2
7716.6 212448.30844016848 42168.096784143694 4.2
7720.8 212344.32046800698 42193.34920642417 4.2
7725.0 212123.25296988958 42195.29232670422 4.2
7729.2 211617.78499567305 42140.53063912836 4.2
7733.4 211228.398633559 42108.7161068575 4.2
7737.6 211039.9644430039 42116.86144232304 4.2
7741.8 210764.44994161552 42107.55261610772 4.2
7746.0 210320.82149553322 42064.52605091962 4.2
7750.2 209833.7947860462 42012.64264164696 4.2
7754.4 209330.66603652114 41957.34510961312 4.2
7758.6 208775.01835327168 41891.315635967425 4.2
7762.8 208326.47256735072 41846.58287647711 4.2
7767.0 207624.52142488892 41750.72294321514 4.2
7771.2 206359.79247831076 41541.292032940146 4.2
7775.4 205390.22668218965 41390.81710634146 4.2
7779.6 205620.64608359398 41482.02988134763 4.2
7783.8 206403.90891276655 41685.018636780456 4.2
7788.0 206453.08127394045 41739.957257119204 4.2
7792.2 205885.17358681525 41670.04793051252 4.2
7796.4 205568.71876621243 41650.862582203496 4.2
7800.6 205398.48566924752 41661.22157295446 4.2
7804.8 204977.26659759725 41620.56773398956 4.2
7809.0 204568.33436168378 41582.251422481015 4.2
7813.2 204282.59776258116 41568.849048688484 4.2
7817.4 204031.2009078716 41562.34088298576 4.2
7821.6 203889.1195015862 41578.03878230451 4.2
7825.8 203614.0607979493 41566.55193266874 4.2
7830.0 202982.0950042211 41482.02988134763 4.2
7834.2 202436.09246722038 41414.84115703331 4.2
7838.4 202364.5383023214 41444.604539971515 4.2
7842.6 202434.77748940286 41503.43096240143 4.2
7846.8 202121.30234402796 41483.55816395745 4.2
7851.0 201450.01311606774 41390.054666336066 4.2
7855.2 200792.1641870117 41299.044131061586 4.2
7859.4 200302.54605807495 41242.40664314648 4.2
7863.6 199797.67342600535 41182.4329483387 4.2
7867.8 198991.5484710825 41060.09974092409 4.2
7872.0 198143.15954589736 40928.70465904478 4.2
7876.2 197609.4836987226 40862.03580434385 4.2
7880.4 197204.4587631994 40821.78584228787 4.2
7884.6 196798.5631901358 40781.19991682734 4.2
7888.8 196037.59373994637 40666.80001225864 4.2
7893.0 194966.973044226 40487.78331284378 4.2
7897.2 194354.67026904176 40403.59414872935 4.2
7901.4 194321.6362088194 40439.706970852545 4.2
7905.6 194598.54180726092 40540.39725260178 4.2
7909.8 194922.62430658037 40651.07174163383 4.2
7914.0 194832.392166695 40675.41569139857 4.2
7918.2 194306.94363420783 40608.78539718124 4.2
7922.4 193772.3126892569 40540.023863463735 4.2
7926.6 193618.7307550165 40550.8535448381 4.2
7930.8 193791.73854571243 40630.11017626218 4.2
7935.0 193916.78066008168 40699.39936252344 4.2
7939.2 193688.47043777996 40694.52653507802 4.2
7943.4 193090.2699086801 40611.77767330431 4.2
7947.6 192299.100388051 40488.15622082602 4.2
7951.8 191486.58679367162 40359.706561192026 4.2
7956.0 190833.97905733477 40264.65664332173 4.2
7960.2 190330.89757238337 40200.920736044776 4.2
7964.4 189916.6877478048 40155.77387777247 4.2
7968.6 189686.83951512148 40149.48694810556 4.2
7972.8 189738.52279403294 40202.7720994895 4.2
7977.0 189947.71372956783 40289.51134126808 4.2
7981.2 189905.2044464577 40322.922397237526 4.2
7985.4 189349.3871550291 40247.23040932604 4.2
7989.6 188611.07092592728 40132.48019076901 4.2
7993.8 188128.545659803 40071.906007197445 4.2
7998.0 187865.2501518874 40057.88357725644 4.2
8002.2 187459.0671872565 40013.26588817098 4.2
8006.4 186835.19402220545 39921.97331352857 4.2
8010.6 186349.04101691427 39859.88120205744 4.2
8014.8 186104.07199864177 39849.23605466095 4.2
8019.0 185917.7384037219 39851.07122205498 4.2
8023.2 185577.7983749331 39819.88486715565 4.2
8027.4 185054.4131215121 39749.16408646813 4.2
8031.6 184624.40666716112 39698.30828418917 4.2
8035.8 184489.22916133344 39710.74181854872 4.2
8040.0 184479.94361974657 39750.26241163402 4.2
8044.2 184356.95876378124 39765.27589749554 4.2
8048.4 184140.8527161108 39760.14870390128 4.2
8052.6 184001.34653873605 39771.502664305524 4.2
8056.8 183726.62142255742 39753.55756922531 4.2
8061.0 183156.954022052 39671.62590520923 4.2
8065.2 182663.1622393494 39605.91034191885 4.2
8069.4 182412.57195084923 39592.780297878715 4.2
8073.6 182071.8466555082 39559.97422828171 4.2
8077.8 181564.55198964232 39490.8062094556 4.2
8082.0 181230.6142868563 39459.17491651208 4.2
8086.2 180962.37908241356 39441.73401534987 4.2
8090.4 180543.2542514982 39391.27154468638 4.2
8094.6 180092.02000639375 39333.62744730879 4.2
8098.8 179651.93792246425 39278.23824039485 4.2
8103.0 179102.4706867057 39198.730312507905 4.2
8107.2 178459.4214990358 39098.49134270599 4.2
8111.4 177766.3755973254 38987.01633234668 4.2
8115.6 176885.39989995956 38833.98870843328 4.2
8119.8 175838.75102583814 38644.17142802747 4.2
8124.0 174653.55311313478 38423.41840549917 4.2
8128.2 174192.11501989467 38361.53705606175 4.2
8132.4 174984.584791562 38575.89402952502 4.2
8136.6 175305.41129352737 38686.54983849748 4.2
8140.8 175235.90028409188 38711.1434766003 4.2
8145.0 174802.27374460254 38655.20670849174 4.2
8149.2 174206.07733624618 38563.1054537008 4.2
8153.4 173624.7992771376 38474.05841154763 4.2
8157.6 173283.1931017413 38437.93074866363 4.2
8161.8 173117.65388044695 38440.76306441159 4.2
8166.0 172828.15890698592 38415.98737616965 4.2
8170.2 172026.7082027542 38277.185777727645 4.2
8174.4 171720.238914981 38248.28792704343 4.2
8178.6 171774.74731597028 38299.755367237034 4.2
8182.8 171971.85732226976 38383.09580330075 4.2
8187.0 171795.4565570498 38383.09580330075 4.2
8191.2 171603.52107203088 38379.5607523297 4.2
8195.4 171266.70558409655 38343.52182402959 4.2
8199.6 170658.4988563598 38246.52656884831 4.2
8203.8 169612.996338977 38051.168683254415 4.2
8208.0 168546.04232233108 37850.533044843134 4.2
8212.2 168169.10754729522 37804.543656027214 4.2
8216.4 169152.37771473295 38064.48865424102 4.2
8220.6 169079.2144071805 38086.93282996522 4.2
8224.8 167771.64485729072 37831.015566243455 4.2
8229.0 167011.78974451218 37698.14668846221 4.2
8233.2 167121.345678811 37761.39240523504 4.2
8237.4 167523.9651765546 37890.994145245844 4.2
8241.6 167356.34776875668 37891.6921295805 4.2
8245.8 166195.65328143278 37667.25741462146 4.2
8250.0 166006.6010676106 37662.747617214154 4.2
8254.2 165613.32608912973 37611.789772861484 4.2
8258.4 164872.9566073303 37481.76211436005 4.2
8262.6 163898.80887518055 37298.21087335674 4.2
8266.8 163455.06893853276 37235.05502765767 4.2
8271.0 163465.16345298768 37275.201515975066 4.2
8275.2 164287.40016477075 37500.75401257941 4.2
8279.4 164790.25457561068 37653.729642171915 4.2
8283.6 164691.43581929724 37669.339041708394 4.2
8287.8 164442.74976898287 37650.6085385363 4.2
8292.0 163330.26544221534 37433.80726733492 4.2
8296.2 162909.65661509434 37375.24085163337 4.2
8300.4 162116.49711035582 37230.93988470621 4.2
8304.6 161781.1121687133 37191.52615438731 4.2
8308.8 161410.82014653634 37143.94264051935 4.2
8313.0 160804.31327864958 37041.79296166883 4.2
8317.2 160245.91413782997 36950.47281836994 4.2
8321.4 160274.50993649906 36994.40101916611 4.2
8325.6 159905.04708779886 36946.38912686851 4.2
8329.8 160157.80447054986 37042.13413076118 4.2
8334.0 159593.15576737927 36948.77122539312 4.2
8338.2 159253.3727881377 36907.27663006309 4.2
8342.4 159373.1790701524 36972.26013075312 4.2
8346.6 159173.23861155869 36963.06704216225 4.2
8350.8 159001.45175179312 36960.343603069094 4.2
8355.0 158401.8853005817 36858.01988446513 4.2
8359.2 158037.38043651416 36810.18498966335 4.2
8363.4 157916.5028628766 36819.0009378494 4.2
8367.6 157823.41345779388 36834.26429958367 4.2
8371.8 157790.03245181407 36863.451883236776 4.2
8376.0 157790.160301592 36900.47868459687 4.2
8380.2 157704.6459159786 36917.47589647781 4.2
8384.4 157485.75474241385 36903.197712517 4.2
8388.6 157235.3828735231 36881.45109779404 4.2
8392.8 157034.65570414707 36871.261784023976 4.2
8397.0 156931.07449854483 36883.82900947422 4.2
8401.2 156777.09297530996 36884.508440970894 4.2
8405.4 156391.26170332814 36830.5326713925 4.2
8409.6 156115.69841696476 36802.38802588163 4.2
8413.8 156090.6488331107 36833.24654530973 4.2
8418.0 155973.71339929197 36842.40734623043 4.2
8422.2 155833.97692762155 36846.14017755032 4.2
8426.4 155672.93458644368 36844.782740585775 4.2
8430.6 155185.90969766377 36766.13690200979 4.2
8434.8 154472.67809835493 36633.6338191181 4.2
8439.0 153822.2929775231 36515.73107520173 4.2
8443.2 153454.31363476382 36464.64585103594 4.2
8447.4 153396.3889242755 36487.15486598611 4.2
8451.6 153420.4971931123 36529.186446105916 4.2
8455.8 153252.59959034066 36525.48572492864 4.2
8460.0 152824.33991423945 36459.608422019934 4.2
8464.2 152457.7202255883 36408.26637894004 4.2
8468.4 152380.89770492754 36426.0433413438 4.2
8472.6 152506.3222079177 36492.19610094689 4.2
8476.8 152598.18968249063 36550.38870999596 4.2
8481.0 152572.10154793842 36580.36208855742 4.2
8485.2 152383.1995628393 36571.26644473721 4.2
8489.4 151889.3280374227 36488.835200254485 4.2
8493.6 150880.68462544354 36282.3994192463 4.2
8497.8 149502.42722765254 35986.532333371084 4.2
8502.0 148580.9235317687 35800.080236313544 4.2
8506.2 148710.65114506864 35866.74788099777 4.2
8510.4 149643.3109853194 36127.34113830682 4.2
8514.6 150683.17199332602 36414.302864771635 4.2
8518.8 151189.0751109874 36572.6138048034 4.2
8523.0 151002.5487799721 36563.52008758086 4.2
8527.2 150414.03310866497 36456.922077762494 4.2
8531.4 149476.40543575928 36265.360585706396 4.2
8535.6 147900.33075563313 35918.3187341033 4.2
8539.8 146035.30271444054 35500.2981089861 4.2
8544.0 144780.7344315863 35229.94782512932 4.2
8548.2 144476.065270456 35190.38352082312 4.2
8552.4 145089.92126553465 35374.63765133477 4.2
8556.6 146449.12937499312 35741.10702733591 4.2
8560.8 148103.23764500915 36180.28636878066 4.2
8565.0 149479.80413478447 36552.40861493194 4.2
8569.2 150046.09473280504 36726.87695673306 4.2
8573.4 149606.713104961 36655.23431196352 4.2
8577.6 148424.52746775004 36401.225076876406 4.2
8581.8 146710.2565954208 36016.043317926946 4.2
8586.0 144676.9972394738 35551.66950529225 4.2
8590.2 142436.96261793273 35035.474201497724 4.2
8594.4 140266.55454452452 34535.36099446152 4.2
8598.6 139013.75097047808 34260.36614373381 4.2
8602.8 139391.9205454748 34387.135504231475 4.2
8607.0 141271.2047435353 34884.78092724007 4.2
8611.2 143775.8363388185 35537.91955990747 4.2
8615.4 145993.78325644805 36121.352222805006 4.2
8619.6 147505.09776496093 36530.86871604465 4.2
8623.8 148429.39005533414 36795.60939983088 4.2
8628.0 148984.4636646968 36969.19551387136 4.2
8632.2 148947.85960510996 36996.104713521265 4.2
8636.4 148152.08138426568 36834.26429958367 4.2
8640.6 146948.6001131686 36570.592783318214 4.2
8644.8 145392.95198330135 36218.62843745189 4.2
8649.0 143059.74958291266 35672.04440853149 4.2
8653.2 139939.32395248656 34927.86180129204 4.2
8657.4 136495.48534966397 34101.383597008244 4.2
8661.6 133546.65273765635 33397.041789240924 4.2
8665.8 132082.08972392618 33062.82816582161 4.2
8670.0 132914.10149314883 33303.35601242786 4.2
8674.2 135690.7965452665 34032.04133115979 4.2
8678.4 138896.06038609933 34869.683062114265 4.2
8682.6 141334.98166742246 35516.323246455424 4.2
8686.8 143030.81370868202 35977.2529800217 4.2
8691.0 144497.97298925772 36381.449657742036 4.2
8695.2 145657.91976679055 36708.95317882643 4.2
8699.4 146019.43182731533 36835.62134902738 4.2
8703.6 145847.64054486476 36827.81899743322 4.2
8707.8 145615.75403097243 36804.76084001287 4.2
8712.0 145251.7994088865 36748.19396411436 4.2
8716.2 144810.10915198794 36671.78079748926 4.2
8720.4 144206.3691449391 36554.09195431571 4.2
8724.6 143009.93362146567 36285.741305625 4.2
8728.8 141082.18241271225 35831.08836424742 4.2
8733.0 138528.24569505986 35216.322308655814 4.2
8737.2 135181.32549506373 34398.539214710974 4.2
8741.4 130972.24364710586 33359.53589423265 4.2
8745.6 126919.99160270237 32358.471582998434 4.2
8749.8 124658.24327088453 31812.368171873255 4.2
8754.0 124987.95724195107 31927.13877717044 4.2
8758.2 127452.25913937786 32587.87186478342 4.2
8762.4 130989.08407412823 33524.32173850365 4.2
8766.6 134445.6863099835 34441.97125944828 4.2
8770.8 137031.00372398496 35137.9159768886 4.2
8775.0 138656.10762172478 35588.68982313357 4.2
8779.2 139623.7728111083 35871.3730085687 4.2
8783.4 140298.1461268764 36079.125300833424 4.2
8787.6 140923.91323521646 36274.71424857204 4.2
8791.8 141328.46913934042 36413.63209470199 4.2
8796.0 141295.00637074033 36439.80128540578 4.2
8800.2 141127.66952557964 36431.411677009084 4.2
8804.4 141159.374243778 36474.38685408364 4.2
8808.6 141198.95307080695 36519.430808048855 4.2
8812.8 140968.28825495698 36494.548915620966 4.2
8817.0 140387.21970074825 36378.769072223 4.2
8821.2 139566.73445961467 36200.619277957565 4.2
8825.4 138867.44914391884 36053.54719297954 4.2
8829.6 138392.0669077426 35964.33215368396 4.2
8833.8 137677.23322352333 35812.612204359924 4.2
8838.0 136159.91143897126 35451.613018388125 4.2
8842.2 133658.50123865117 34833.41067455488 4.2
8846.4 130440.39628026099 34027.026553724325 4.2
8850.6 126562.14535229342 33046.69254967005 4.2
8854.8 122026.94592342271 31892.752309712538 4.2
8859.0 117777.91216086903 30811.440288792583 4.2
8863.2 115626.17417435985 30277.220242699954 4.2
8867.4 116674.69000721649 30580.740678492606 4.2
8871.6 120127.19885079576 31515.48536400661 4.2
8875.8 124231.0739023197 32623.007803648994 4.2
8880.0 127768.36082946057 33583.65810730206 4.2
8884.2 130406.90903413125 34309.62726759184 4.2
8888.4 132233.67665360885 34823.145705134826 4.2
8892.6 133440.52421444014 35174.18148126461 4.2
8896.8 134236.1844594461 35417.34484181482 4.2
8901.0 134693.8146331202 35571.64913894578 4.2
8905.2 134852.15760047841 35647.08321881246 4.2
8909.4 134703.952631035 35641.502185665864 4.2
8913.6 134364.0149224657 35585.08438236379 4.2
8917.8 134060.79743017553 35538.24687775011 4.2
8922.0 133760.7874849851 35492.124804286446 4.2
8926.2 133285.8444730446 35399.40806624464 4.2
8930.4 132570.66391974912 35242.60481082783 4.2
8934.6 131863.022647819 35087.46561152758 4.2
8938.8 131218.42300925584 34948.778398976676 4.2
8943.0 130197.54438425138 34709.47142135941 4.2
8947.2 128613.62051503165 34319.42476991965 4.2
8951.4 128100.64782596623 34214.64198597083 4.2
8955.6 127570.97635597536 34105.15282950087 4.2
8959.8 126959.3305552268 33973.47724913386 4.2
8964.0 126058.91331594794 33764.163917049016 4.2
8968.2 125068.13821389234 33530.18888971912 4.2
8972.4 124539.75336766965 33419.811809035695 4.2
8976.6 124133.64502487482 33342.027087830174 4.2
8980.8 123189.92901418234 33119.517411389665 4.2
8985.0 122801.90156550493 33046.08381270355 4.2
8989.2 122122.35440017143 32893.94788356637 4.2
8993.4 120750.63818751673 32554.872590899922 4.2
8997.6 119720.32591566704 32307.250568928503 4.2
9001.8 117184.59824171221 31652.498727466056 4.2
9006.0 112989.31336983076 30547.804321385047 4.2
9010.2 108550.64102014381 29375.143713105463 4.2
9014.4 105261.02727302808 28511.495647703534 4.2
9018.6 105422.91107505767 28581.95953272639 4.2
9022.8 109334.84484185066 29670.167630462467 4.2
9027.0 115012.85118372831 31240.070119752658 4.2
9031.2 119110.57869540529 32383.217741082983 4.2
9035.4 119576.67893548543 32540.183674343283 4.2
9039.6 119428.18377900895 32529.99525999359 4.2
9043.8 120967.12407255915 32979.798662218665 4.2
9048.0 121697.05561895108 33209.62717068652 4.2
9052.2 122067.75947446804 33341.71999782617 4.2
9056.4 120464.2171446611 32934.266846063256 4.2
9060.6 120243.97892910778 32904.55334884021 4.2
9064.8 119917.01285118889 32845.509270231894 4.2
9069.0 119385.18889832565 32730.150327534808 4.2
9073.2 119518.81718277435 32797.14198610576 4.2
9077.4 119522.67604698341 32828.57261247023 4.2
9081.6 118818.62323145216 32665.401454939623 4.2
9085.8 118986.8340761076 32741.909216496875 4.2
9090.0 118886.75912726055 32744.62340614399 4.2
9094.2 118849.19725968117 32764.534339661543 4.2
9098.4 118677.1757249105 32747.33782078766 4.2
9102.6 118305.88188558212 32675.03037674548 4.2
9106.8 117806.60947065603 32567.16841210245 4.2
9111.0 117824.92213961748 32602.28202869885 4.2
9115.2 118445.03224196492 32804.09039738928 4.2
9119.4 118477.72981469495 32843.391710254175 4.2
9123.6 117828.07476616699 32693.393371947914 4.2
9127.8 116640.40620296379 32393.65853987137 4.2
9132.0 115632.90837977458 32143.41385622565 4.2
9136.2 114857.15601324847 31957.146971788006 4.2
9140.4 116134.92704160165 32342.381827509005 4.2
9144.6 116443.6547115985 32458.167717100587 4.2
9148.8 115953.80042717954 32351.319592602096 4.2
9153.0 114537.13879867835 31985.415742755486 4.2
9157.2 113774.21704288633 31801.528917553445 4.2
9161.4 114589.69507312396 32058.85446674182 4.2
9165.6 114972.89171260306 32195.56122445817 4.2
9169.8 114304.02610706139 32037.60186106158 4.2
9174.0 113775.24598302922 31918.612181305325 4.2
9178.2 114223.17308846628 32073.62151479774 4.2
9182.4 114362.815814277 32142.229670909786 4.2
9186.6 114266.68835663238 32144.598085169055 4.2
9190.8 113370.12450240437 31921.55212951692 4.2
9195.0 112776.28586165822 31783.374121462086 4.2
9199.2 112599.67390808139 31762.596681479583 4.2
9203.4 113319.50246480388 31994.84422222882 4.2
9207.6 113160.89305858084 31979.229813122594 4.2
9211.8 111990.26030769486 31677.28850428381 4.2
9216.0 108545.62473299203 30730.950990005902 4.2
9220.2 103324.79954615154 29279.52318577596 4.2
9224.4 96536.82261737312 27380.917707931563 4.2
9228.6 92929.50196087887 26381.774265653683 4.2
9232.8 92667.27637836483 26331.281741557625 4.2
9237.0 100163.93263699015 28487.34662719297 4.2
9241.2 103362.85959732955 29423.884017246375 4.2
9245.4 109563.48645448773 31217.347584760675 4.2
9249.6 110227.85357820134 31435.183511016097 4.2
9253.8 110363.39118681106 31502.425994897738 4.2
9258.0 110338.45584204547 31523.904270369374 4.2
9262.2 110528.1613748845 31606.761548908024 4.2
9266.4 110551.12540874808 31642.005376885707 4.2
9270.6 110066.09762218762 31531.744584171436 4.2
9274.8 109897.5847782621 31512.002336322865 4.2
9279.0 109121.6452406908 31317.854349606285 4.2
9283.2 108671.04428467512 31216.772545263386 4.2
9287.4 108575.77887143171 31217.635108481572 4.2
9291.6 107976.2509165758 31073.34450378567 4.2
9295.8 107044.34083934365 30833.015411835448 4.2
9300.0 106279.953961941 30640.510727227596 4.2
9304.2 106277.95281024277 30667.614823248412 4.2
9308.4 106449.39064844028 30744.82320349172 4.2
9312.6 105983.76809037563 30637.97094669757 4.2
9316.8 105202.89940478974 30439.674213308663 4.2
9321.0 104790.09613229586 30347.57546154646 4.2
9325.2 104704.4029547373 30350.091169307423 4.2
9329.4 104558.13468430882 30335.000050286442 4.2
9333.6 104216.11635117566 30263.001543715767 4.2
9337.8 103635.3978679888 30121.458718457547 4.2
9342.0 102997.22616703669 29962.91070458551 4.2
9346.2 102834.56472749489 29942.495985503338 4.2
9350.4 103400.0800272118 30134.223151071797 4.2
9354.6 103875.90269109326 30300.0956872523 4.2
9358.8 104018.1012636711 30368.825772096654 4.2
9363.0 104204.67608502701 30450.610207966005 4.2
9367.2 103936.87827644043 30399.609157790066 4.2
9371.4 102973.22253222857 30144.771762112297 4.2
9375.6 102239.59348180689 29956.8400103162 4.2
9379.8 102424.08624598631 30037.79160942242 4.2
9384.0 103251.71084687265 30307.631627483017 4.2
9388.2 104094.69303269299 30582.430679371464 4.2
9392.4 104670.4508895039 30779.10590779571 4.2
9396.6 104569.19743304167 30776.838103011887 4.2
9400.8 103999.59024612156 30636.56004848113 4.2
9405.0 104183.67072321437 30718.216715809907 4.2
9409.2 104285.48251702891 30775.704263280204 4.2
9413.4 104207.80015039463 30780.239872851173 4.2
9417.6 103862.0221518907 30705.48771843554 4.2
9421.8 103145.31168982429 30520.806114112525 4.2
9426.0 101415.97817816067 30035.855063856703 4.2
9430.2 100641.11684305916 29832.9362449191 4.2
9434.4 100673.85146170134 29869.22813927369 4.2
9438.6 100247.62487029022 29769.257316352898 4.2
9442.8 100184.30090940013 29776.935486160375 4.2
9447.0 100789.06677524315 29983.339342371986 4.2
9451.2 101200.66066234202 30132.557918371913 4.2
9455.4 99669.30798268632 29702.9784401786 4.2
9459.6 98473.57604267444 29372.708818376283 4.2
9463.8 98206.93278894757 29319.19216707761 4.2
9468.0 99116.22575832464 29616.927348143046 4.2
9472.2 99396.60160597443 29727.062758801676 4.2
9476.4 99357.91894116794 29741.851439912396 4.2
9480.6 99650.0699283629 29855.75099853159 4.2
9484.8 99720.603801937 29903.36074065039 4.2
9489.0 99354.68744115136 29820.02477935297 4.2
9493.2 98518.999691372 29595.385409682483 4.2
9497.4 97586.96147476925 29341.343789629766 4.2
9501.6 97385.82950148408 29306.77297011169 4.2
9505.8 98222.70937436962 29584.75655940619 4.2
9510.0 99097.84739697743 29874.730761224597 4.2
9514.2 99152.73577859587 29917.686017629952 4.2
9518.4 98084.7188498164 29621.565004894135 4.2
9522.6 96634.93762453488 29209.49173363663 4.2
9526.8 95638.14825863409 28933.701721928755 4.2
9531.0 94927.55948243686 28744.052670699144 4.2
9535.2 93757.4185288667 28414.760509780608 4.2
9539.4 89365.75632615836 27107.658138156814 4.2
9543.6 83932.23689144198 25481.911321061834 4.2
9547.8 81392.91984367342 24732.72678497508 4.2
9552.0 82976.02523125954 25235.96985740628 4.2
9556.2 86155.45767444903 26225.996565558464 4.2
9560.4 89223.88476567864 27183.914777556787 4.2
9564.6 92029.62034047804 28063.381486881557 4.2
9568.8 95555.19431235672 29164.06113824756 4.2
9573.0 96379.6038520379 29441.504550327078 4.2
9577.2 96436.2115535403 29484.65157401604 4.2
9581.4 95998.24912170868 29376.496519615306 4.2
9585.6 95328.47603091507 29197.119004229655 4.2
9589.8 94514.4377290966 28973.169023035916 4.2
9594.0 94712.17858947701 29059.223151570408 4.2
9598.2 95118.64705239476 29209.49173363663 4.2
9602.4 95216.81901134612 29265.233931848594 4.2
9606.6 95075.76727274763 29247.449515285494 4.2
9610.8 94855.42523209922 29205.187581010636 4.2
9615.0 94576.37795369458 29144.727562493987 4.2
9619.2 94390.29547302044 29112.801551184213 4.2
9623.4 94117.8893231985 29054.138335108593 4.2
9627.6 93919.80413805084 29018.302254405335 4.2
9631.8 93814.58085465782 29011.086903695425 4.2
9636.0 93322.78097094093 28884.177156043897 4.2
9640.2 93122.18692128164 28847.2222153253 4.2
9644.4 93105.39050388362 28867.156054590963 4.2
9648.6 93411.56539809932 28987.315671247055 4.2
9652.8 93876.87813983108 29157.07809021939 4.2
9657.0 94043.50175311678 29234.25292407683 4.2
9661.2 93585.18632219179 29117.092088298283 4.2
9665.4 92708.08086811668 28869.283143617584 4.2
9669.6 92269.08980843614 28757.557710241235 4.2
9673.8 92658.87990461924 28904.136531697415 4.2
9678.0 93262.27799206348 29117.628449895965 4.2
9682.2 93167.65314986053 29113.337833746315 4.2
9686.4 93102.3099123832 29118.164821373644 4.2
9690.6 92652.23919243376 29002.537700096058 4.2
9694.8 92566.01047349471 29000.667897664905 4.2
9699.0 92301.19761310845 28942.763774949588 4.2
9703.2 92313.94029436268 28971.83479001603 4.2
9707.4 92183.96923481046 28956.09547973607 4.2
9711.6 91706.40772808173 28831.019510481874 4.2
9715.8 91285.98838891221 28723.67472435953 4.2
9720.0 91133.2219816516 28700.403332237576 4.2
9724.2 91405.74436947897 28811.11062483664 4.2
9728.4 91036.26190522857 28719.44215909887 4.2
9732.6 91036.49013251653 28744.317414427136 4.2
9736.8 91424.95513481928 28891.893146454117 4.2
9741.0 90990.10538428932 28779.284999325322 4.2
9745.2 90621.6033180869 28687.45357092268 4.2
9749.4 90072.76125322875 28538.293492515295 4.2
9753.6 90095.55662019801 28570.115756402418 4.2
9757.8 90431.02011214693 28701.19636464429 4.2
9762.0 89961.28455301427 28576.695026104335 4.2
9766.2 90397.00191036196 28739.817102654833 4.2
9770.4 89964.78917030357 28627.0106779353 4.2
9774.6 89853.5554588153 28616.20247378282 4.2
9778.8 90273.05230066186 28774.514188614063 4.2
9783.0 90464.28346881302 28860.244097569725 4.2
9787.2 90395.81577816674 28863.16818507722 4.2
9791.4 90067.40893466462 28782.99617673576 4.2
9795.6 90092.1953023181 28815.622100322198 4.2
9799.8 89952.00122069257 28795.458629962028 4.2
9804.0 89438.94125576902 28655.764540738564 4.2
9808.2 90356.33953352876 28974.503317500672 4.2
9812.4 91128.61444063799 29247.180137560936 4.2
9816.6 91137.07052366802 29274.939080299373 4.2
9820.8 90393.98263123959 29061.096729319994 4.2
9825.0 89990.39055140087 28956.09547973607 4.2
9829.2 90212.1245336493 29052.2652059688 4.2
9833.4 90571.97614124014 29193.085551798362 4.2
9837.6 90970.1549951815 29346.478870429357 4.2
9841.8 91271.70935532224 29468.905087024094 4.2
9846.0 91282.93425114836 29497.689512300003 4.2
9850.2 91295.87546814414 29527.045956697322 4.2
9854.4 91523.55508109304 29625.930521686012 4.2
9858.6 91871.9136564126 29764.04825729232 4.2
9862.8 92047.67043108353 29846.403086886756 4.2
9867.0 91748.50541481563 29774.741521301457 4.2
9871.2 91247.57937597642 29637.393064561107 4.2
9875.4 91098.63370512176 29614.199653943553 4.2
9879.6 91396.70348653178 29736.373292982742 4.2
9883.8 91688.18105042304 29856.57595481487 4.2
9888.0 91622.96445359477 29860.701078165108 4.2
9892.2 91558.67056460456 29865.101837948045 4.2
9896.4 91546.71679351655 29886.564831349875 4.2
9900.6 91257.00793702855 29817.278380049946 4.2
9904.8 90902.91991834057 29726.788963696243 4.2
9909.0 90809.98373664428 29721.587335796863 4.2
9913.2 91049.49016708555 29825.2436349643 4.2
9917.4 91506.00487904373 30000.18963784681 4.2
9921.6 91729.66906849666 30098.995358883243 4.2
9925.8 91218.35046357037 29956.564098893814 4.2
9930.0 90376.3416944084 29705.16711714323 4.2
9934.2 90010.14397678262 29609.835865748613 4.2
9938.4 90055.09947675462 29649.679281994566 4.2
9942.6 90227.997600807 29731.71766144116 4.2
9946.8 90371.29035676355 29804.09918392526 4.2
9951.0 90116.39339812667 29745.13881247684 4.2
9955.2 89506.23223010908 29568.68427173689 4.2
9959.4 89310.57883146459 29528.949697070108 4.2
9963.6 89879.5080724845 29742.125373748993 4.2
9967.8 90563.7972603911 29993.835135903228 4.2
9972.0 90560.89690222511 30018.155292334788 4.2
9976.2 89766.63807853745 29779.95245180945 4.2
9980.4 88719.14742256766 29457.23639604931 4.2
9984.6 88319.35988675158 29349.181905498102 4.2
9988.8 88891.16939690692 29564.05489418024 4.2
9993.0 89190.2702586578 29688.482527842698 4.2
9997.2 88563.03552158091 29504.482388343607 4.2
10001.4 88101.57264114026 29375.414269423534 4.2
10005.6 88049.5176240346 29382.720232034084 4.2
10009.8 87507.73729734292 29226.44550162553 4.2
10014.0 86591.26427328773 28944.629844043637 4.2
10018.2 86634.29779522377 28983.311202215467 4.2
10022.4 86598.38470228603 28995.593327269115 4.2
10026.6 86727.70926299156 29063.23810895011 4.2
10030.8 86040.33886485874 28857.05452177895 4.2
10035.0 85038.28657702974 28544.865434026506 4.2
10039.2 83069.01142970842 27907.182983658196 4.2
10043.4 79626.88660315261 26773.182599684424 4.2
10047.6 77709.9411750867 26150.500178612238 4.2
10051.8 75835.67853874325 25541.12367388848 4.2
10056.0 77759.01048217146 26210.783307380167 4.2
10060.2 81619.89378634565 27535.18508171068 4.2
10064.4 83709.2549614913 28263.633963183962 4.2
10068.6 84545.61335341579 28569.8526171236 4.2
10072.8 85586.41453116854 28945.69622325808 4.2
10077.0 86161.00134476315 29164.32975041408 4.2
10081.2 85873.8221312655 29091.35834720506 4.2
10085.4 85970.80623558846 29148.48586484812 4.2
10089.6 85796.45754019017 29113.605978732012 4.2
10093.8 84766.42437609247 28788.033540125612 4.2
10098.0 84487.12308982035 28717.061615227456 4.2
10102.2 84708.17597537546 28816.152908586562 4.2
10106.4 85606.80495159437 29146.06975770338 4.2
10110.6 86150.81628235798 29355.67020550478 4.2
10114.8 86286.46060012521 29426.323154220383 4.2
10119.0 86611.99913840344 29561.876614365145 4.2
10123.2 86985.25090122083 29713.923437857775 4.2
10127.4 86631.00000165579 29617.472917131283 4.2
10131.6 86158.31246291319 29480.306875325314 4.2
10135.8 86110.71391408617 29488.45371061807 4.2
10140.0 86207.55833944083 29546.088884793237 4.2
10144.2 85614.16959330579 29367.02818219699 4.2
10148.4 84181.004059535 28899.34502404987 4.2
10152.6 83403.96608649853 28656.292404290503 4.2
10156.8 83991.52240885874 28882.048969626543 4.2
10161.0 84775.10805217607 29175.61369573811 4.2
10165.2 85049.0367316554 29294.08922396779 4.2
10169.4 85100.98651358394 29336.20960737255 4.2
10173.6 85072.25370932432 29350.53351639451 4.2
10177.8 85041.20978640909 29364.053049332542 4.2
10182.0 85044.66393539349 29389.486632374592 4.2
10186.2 84987.06996244016 29393.817946313513 4.2
10190.4 84812.29038450342 29357.56289651838 4.2
10194.6 84553.75012555583 29292.20062512117 4.2
10198.8 84587.67814701522 29328.104832868932 4.2
10203.0 85141.53611615399 29544.456152695984 4.2
10207.2 85391.76806634333 29655.687730750673 4.2
10211.4 84924.82827889489 29517.800963438152 4.2
10215.6 84902.69889154697 29534.389631641985 4.2
10219.8 85752.82993154431 29854.65109227755 4.2
10224.0 85731.33233904594 29871.70419371654 4.2
10228.2 84431.17468914362 29442.860412936774 4.2
10232.4 83763.38831004541 29233.983667896813 4.2
10236.6 84470.64064950102 29505.025886000058 4.2
10240.8 85193.30871356942 29781.87249819219 4.2
10245.0 85130.52844020823 29784.341311158223 4.2
10249.2 84854.19522804562 29712.007772171633 4.2
10253.4 84062.33599849445 29458.86430807174 4.2
10257.6 82423.25011627821 28908.130061588407 4.2
10261.8 81651.87508733121 28661.043613844824 4.2
10266.0 82211.90938267883 28881.250940146714 4.2
10270.2 82606.73413288138 29043.703867640244 4.2
10274.4 82416.90769153602 29000.667897664905 4.2
10278.6 82427.72694989943 29028.192871893574 4.2
10282.8 82292.16287103992 29004.1404838454 4.2
10287.0 81376.6439275744 28704.897472284625 4.2
10291.2 80891.1887903459 28556.961760925147 4.2
10295.4 82401.44080282986 29113.874126187435 4.2
10299.6 83244.68946809522 29435.810609160522 4.2
10303.8 82381.63634877176 29154.39274775135 4.2
10308.0 80496.39571719216 28510.44526473479 4.2
10312.2 78443.07322385858 27805.83875649598 4.2
10316.4 77166.51892596118 27375.62228105366 4.2
10320.6 78197.94897257247 27764.125574026137 4.2
10324.8 75918.20990410875 26976.64892179509 4.2
10329.0 71012.15623017961 25253.873459383507 4.2
10333.2 70994.31679460123 25268.06584885717 4.2
10337.4 72579.60694540176 25853.30084887899 4.2
10341.6 82104.27738110765 29269.816517614963 4.2
