3000.0 31297.002550925026 938.9100765277507 4.2
3004.2 28685.839961518974 862.9864961297264 4.2
3008.4 33827.51495448225 1020.5164273783379 4.2
3012.6 37598.135716701916 1137.4386986350873 4.2
3016.8 42233.027570241684 1281.22085720319 4.2
3021.0 48957.11352053718 1489.3473602516162 4.2
3025.2 56252.40194101317 1716.0423438930945 4.2
3029.4 64393.20071230959 1969.8447530780181 4.2
3033.6 73922.4961617437 2267.6289874105582 4.2
3037.8 83986.77384547146 2583.497228597792 4.2
3042.0 92825.40126890593 2863.28118849252 4.2
3046.2 101085.39841429684 3126.6840629563526 4.2
3050.4 110630.70250962039 3431.373555702599 4.2
3054.6 122623.17585942984 3813.818314844543 4.2
3058.8 136031.37618165018 4242.481918243345 4.2
3063.0 144723.56802371397 4525.973429226253 4.2
3067.2 153114.7620071076 4801.533906240321 4.2
3071.4 166073.5597809166 5222.181958010716 4.2
3075.6 180279.17013757085 5684.3917439012575 4.2
3079.8 194312.27004520764 6143.615112042176 4.2
3084.0 206911.44608431283 6559.821169162935 4.2
3088.2 217780.2126084093 6923.2178884306195 4.2
3092.4 227955.42148275336 7266.411692313793 4.2
3096.6 238551.98561621303 7624.862211919904 4.2
3100.8 249671.94468335735 8001.953070142462 4.2
3105.0 260943.2371144252 8385.867575337003 4.2
3109.2 272777.11804938153 8789.901330411216 4.2
3113.4 285734.9813833562 9232.344466402132 4.2
3117.6 299535.6159854206 9704.384600628762 4.2
3121.8 313076.9556912016 10170.44604072031 4.2
3126.0 325221.54403189395 10593.415336027358 4.2
3130.2 337922.47743838356 11036.719372249172 4.2
3134.4 352608.20787618076 11547.288062382671 4.2
3138.6 368238.60266678745 12091.494982688242 4.2
3142.8 380988.41132870864 12543.652091701615 4.2
3147.0 390714.7159627468 12898.285924803677 4.2
3151.2 399136.3845779566 13211.496072661925 4.2
3155.4 407898.78559243685 13537.54770351799 4.2
3159.6 418023.8342366626 13910.5403392816 4.2
3163.8 428224.2045268132 14287.886775921252 4.2
3168.0 436884.773634235 14615.578167941589 4.2
3172.2 444066.62427475967 14895.256970774926 4.2
3176.4 453309.5619643157 15245.581711897115 4.2
3180.6 463796.1567145582 15639.540894203124 4.2
3184.8 472969.2712144329 15991.013871174915 4.2
3189.0 480976.89704374736 16304.669501268783 4.2
3193.2 488811.04839131056 16613.91560441302 4.2
3197.4 496321.7569011351 16913.59783922622 4.2
3201.6 503008.25465331355 17186.522066262372 4.2
3205.8 510063.68666230416 17473.34291337773 4.2
3210.0 515569.4672475154 17708.26449155041 4.2
3214.2 518441.14512025064 17853.52598590799 4.2
3218.4 519585.7306862867 17939.734029393916 4.2
3222.6 520926.4979074661 18033.000718826195 4.2
3226.8 524320.886321073 18197.8466086099 4.2
3231.0 530219.0639635426 18450.49405932504 4.2
3235.2 537218.5333999952 18742.69336157308 4.2
3239.4 542495.4487189363 18975.97065155216 4.2
3243.6 544666.508331631 19101.347256821457 4.2
3247.8 545625.5511860301 19184.566932827165 4.2
3252.0 549733.4718961874 19379.02843657339 4.2
3256.2 555892.8790525916 19646.807955136963 4.2
3260.4 561254.0472913933 19887.491177833315 4.2
3264.6 563431.7316147508 20016.124792063187 4.2
3268.8 562414.56104437 20031.432133977465 4.2
3273.0 562658.9664364329 20091.668316867715 4.2
3277.2 566087.2356328976 20265.998212042625 4.2
3281.4 571982.7180948216 20529.576949068123 4.2
3285.6 578761.8218059916 20826.102426580586 4.2
3289.8 583571.7528538171 21052.903509937056 4.2
3294.0 584976.0222854214 21157.482971141795 4.2
3298.2 583696.7565026049 21165.084173412026 4.2
3302.4 581971.7497379202 21156.313797730258 4.2
3306.6 580884.6922625531 21170.543130904516 4.2
3310.8 580448.0568605573 21208.404600552807 4.2
3315.0 580002.932330142 21245.94241345235 4.2
3319.2 578957.1357781575 21261.406945428254 4.2
3323.4 577037.4814549732 21244.572681079702 4.2
3327.6 574448.3991066979 21202.74059488573 4.2
3331.8 571862.2214733217 21160.60108280046 4.2
3336.0 570239.3339908591 21153.78081031179 4.2
3340.2 571279.0677249142 21245.74673199232 4.2
3344.4 574789.4988914233 21430.090249030924 4.2
3348.6 577902.6805657108 21600.31079398079 4.2
3352.8 579057.8574184886 21697.814900325873 4.2
3357.0 577992.9912916764 21712.20845906331 4.2
3361.2 575652.6986623456 21678.438663734385 4.2
3365.4 573550.7789641789 21653.2953653392 4.2
3369.6 572021.7676625808 21649.50644668343 4.2
3373.8 571303.108289612 21676.24245120231 4.2
3378.0 571544.3873204238 21739.422348548087 4.2
3382.2 572636.0486631326 21835.140964070957 4.2
3386.4 574186.1911975358 21948.659442531636 4.2
3390.6 575413.6225978134 22050.17294007321 4.2
3394.8 575414.5876229204 22104.871774376876 4.2
3399.0 573776.7226886618 22096.526021144564 4.2
3403.2 572414.0823603609 22098.56128012712 4.2
3407.4 572515.1935580075 22157.05317667468 4.2
3411.6 573314.6549258707 22242.72538714528 4.2
3415.8 572295.5728664104 22257.890421837605 4.2
3420.0 569666.9744012576 22210.175997956234 4.2
3424.2 566571.870823114 22143.792336427592 4.2
3428.4 563843.1152063978 22091.23522499207 4.2
3432.6 561615.2065295913 22057.891695474824 4.2
3436.8 559887.4532935675 22043.878061235242 4.2
3441.0 558428.9302519682 22040.22379499585 4.2
3445.2 556739.9391397331 22027.235753715206 4.2
3449.4 555451.4907132993 22029.873330020095 4.2
3453.6 554279.9682578063 22036.976066894837 4.2
3457.8 552710.2451017008 22028.04728201893 4.2
3462.0 550796.4438706433 22005.133111369127 4.2
3466.2 549012.2297557532 21987.102448265094 4.2
3470.4 547719.477742357 21988.520054844248 4.2
3474.6 547075.9511382568 22015.877496173 4.2
3478.8 547094.4787410918 22069.88143358574 4.2
3483.0 546716.6568920204 22107.92588623647 4.2
3487.2 546139.4425485873 22137.878522180356 4.2
3491.4 546288.4765432667 22197.292249542792 4.2
3495.6 546942.6535980972 22277.374205518805 4.2
3499.8 547296.6641847885 22345.39314275222 4.2
3504.0 547092.876129483 22390.716955346034 4.2
3508.2 546915.9212347264 22437.165945436052 4.2
3512.4 548192.788094292 22543.430260949197 4.2
3516.6 550862.6299284115 22707.430833090086 4.2
3520.8 553781.6278874355 22882.31711574995 4.2
3525.0 555534.4708873687 23009.543366066206 4.2
3529.2 555710.6418663785 23071.721463941012 4.2
3533.4 555596.684338682 23121.9256312814 4.2
3537.6 556247.1569372986 23204.06108056132 4.2
3541.8 557135.9559897903 23296.356306084286 4.2
3546.0 556928.9479949425 23342.96398615458 4.2
3550.2 554819.3706758906 23309.663282140147 4.2
3554.4 551559.8619852368 23227.581896520976 4.2
3558.6 549463.5729639066 23194.01854122888 4.2
3562.8 548820.5534570058 23221.592518665228 4.2
3567.0 548705.1495650223 23271.479782446393 4.2
3571.2 548273.0625326693 23307.94582595202 4.2
3575.4 548110.3249414673 23355.867349773416 4.2
3579.6 548095.5245830388 23410.139411263124 4.2
3583.8 547875.3037714427 23455.678486135726 4.2
3588.0 547419.6541928081 23491.13496215579 4.2
3592.2 547570.7457327922 23552.662019402673 4.2
3596.4 548344.2284908673 23641.117417934525 4.2
3600.6 549034.329456898 23726.18978572337 4.2
3604.8 548942.5633364491 23777.599078219824 4.2
3609.0 548705.7238718311 23822.755858164863 4.2
3613.2 548970.8086591508 23889.7717285042 4.2
3617.4 549849.9453452803 23983.689884657142 4.2
3621.6 550792.8472416284 24080.63860588444 4.2
3625.8 551032.94544821 24147.045475083567 4.2
3630.0 550909.1741736305 24197.583657228373 4.2
3634.2 551157.3541511985 24264.53650791144 4.2
3638.4 552062.653714321 24360.601080477318 4.2
3642.6 552619.6051423779 24441.50813296372 4.2
3646.8 552923.899805936 24511.393382686172 4.2
3651.0 553382.7138059322 24588.27150624343 4.2
3655.2 553644.4677573134 24656.532454130946 4.2
3659.4 553214.4141411108 24694.031625063155 4.2
3663.6 552546.9093283223 24720.88418587013 4.2
3667.8 552085.0187325984 24756.88504005497 4.2
3672.0 550934.4245658931 24761.901973752952 4.2
3676.2 550608.6036738281 24803.901612510446 4.2
3680.4 551852.7494728838 24916.7847241749 4.2
3684.6 554432.345717228 25090.423973086756 4.2
3688.8 558391.805480181 25327.247829511874 4.2
3693.0 564924.798553388 25681.950229819817 4.2
3697.2 573756.1662332631 26142.793954057874 4.2
3701.4 583489.7260109027 26646.734820968646 4.2
3705.6 595064.6879052152 27237.045731059337 4.2
3709.8 608914.4228580223 27934.184676710538 4.2
3714.0 624881.1958414522 28731.612465576796 4.2
3718.2 642290.8891960966 29598.929208285426 4.2
3722.4 660011.0029578883 30484.284071548784 4.2
3726.6 677709.6902588466 31372.41851780867 4.2
3730.8 696602.9648297342 32319.750538998698 4.2
3735.0 718806.577356918 33425.04495202971 4.2
3739.2 741344.1495961687 34550.6323265348 4.2
3743.4 760909.1081784457 35542.17492701772 4.2
3747.6 779684.3089104454 36500.93589158123 4.2
3751.8 807245.9904782557 37875.99059149647 4.2
3756.0 838189.2518145412 39415.95014928901 4.2
3760.2 860152.3190044657 40539.277095504694 4.2
3764.4 871368.2373728132 41159.680982030506 4.2
3768.6 896365.5710357873 42434.979821610694 4.2
3772.8 951607.131145319 45150.64928202651 4.2
3777.0 1019171.5339495974 48464.08302613085 4.2
3781.2 1059121.9195564191 50475.89171526572 4.2
3785.4 1048454.768210046 50078.57933496957 4.2
3789.6 1005445.4457488524 48130.90192520283 4.2
3793.8 976905.130260693 46868.38621153244 4.2
3798.0 1008377.9347695448 48485.51355658489 4.2
3802.2 1098417.237553799 52931.71920942728 4.2
3806.4 1205092.5603351402 58200.672113217996 4.2
3810.6 1277434.1687741245 61830.676754126674 4.2
3814.8 1283387.209754001 62255.82605111777 4.2
3819.0 1227297.7498433706 59666.14785767783 4.2
3823.2 1132492.2004873927 55178.259841432926 4.2
3827.4 1038708.1749193894 50720.088189101996 4.2
3831.6 992898.6622091414 48589.67564634761 4.2
3835.8 1028246.7490162253 50429.88757810013 4.2
3840.0 1137393.667550921 55905.173547462866 4.2
3844.2 1280257.4330011376 63064.941905205254 4.2
3848.4 1405791.2724551312 69400.08462105064 4.2
3852.6 1490065.6875313767 73721.1328044742 4.2
3856.8 1527337.5100352475 75730.00752869788 4.2
3861.0 1522094.6219981522 75634.51040833374 4.2
3865.2 1478676.983887616 73636.98527132916 4.2
3869.4 1397468.4122700004 69744.18441169539 4.2
3873.6 1283239.473866031 64182.40697209183 4.2
3877.8 1153427.8730604462 57814.92944714401 4.2
3882.0 1044138.6996288388 52450.30282955143 4.2
3886.2 998754.9846788945 50279.15844438142 4.2
3890.4 1039289.9833786674 52432.91464733001 4.2
3894.6 1152687.372841246 58279.5245371169 4.2
3898.8 1292859.5266035364 65507.64698729502 4.2
3903.0 1418091.1678415088 72007.87586339116 4.2
3907.2 1505199.170075347 76595.63130587478 4.2
3911.4 1552918.9580979361 79193.94907923824 4.2
3915.6 1570668.7931863922 80271.2452035915 4.2
3919.8 1568416.626655992 80328.19345770903 4.2
3924.0 1553185.2490597202 79718.66183841927 4.2
3928.2 1529600.6944620113 78676.31310392439 4.2
3932.4 1510879.6782601764 77879.65159892749 4.2
3936.6 1501698.2630562193 77571.82338715883 4.2
3940.8 1491174.490930708 77192.65881918147 4.2
3945.0 1453768.4505320217 75416.78246613704 4.2
3949.2 1378310.2886511378 71654.58746591228 4.2
3953.4 1267242.5270383402 66020.6810390519 4.2
3957.6 1137264.4404577191 59375.05159213575 4.2
3961.8 1016426.9214392675 53178.97962219094 4.2
3966.0 948103.6859316359 49709.569267312356 4.2
3970.2 962588.0917066726 50575.944276576156 4.2
3974.4 1058517.6559548806 55733.97263156513 4.2
3978.6 1193561.2156945947 62977.29458093645 4.2
3982.8 1323281.5514198097 69969.37586951921 4.2
3987.0 1421205.1854349137 75305.72603783241 4.2
3991.2 1484438.716324874 78822.099768343 4.2
3995.4 1522680.2830716618 81022.9403821478 4.2
3999.6 1545098.3733273477 82388.76635219551 4.2
4003.8 1558463.029599844 83276.02751301162 4.2
4008.0 1566974.1389102004 83906.57617932784 4.2
4012.2 1572432.8477529997 84375.43016964581 4.2
4016.4 1574690.973109504 84673.5951810272 4.2
4020.6 1574155.090316397 84821.90070800205 4.2
4024.8 1573057.6752972384 84939.94980309135 4.2
4029.0 1572529.205133995 85088.72184932175 4.2
4033.2 1571787.1636364618 85225.97925176159 4.2
4037.4 1569168.9190203939 85261.30978538125 4.2
4041.6 1563473.7605559935 85128.69973853334 4.2
4045.8 1555608.955222177 84876.60504105692 4.2
4050.0 1546561.5484732687 84558.25266277598 4.2
4054.2 1536027.2348150797 84156.56487034392 4.2
4058.4 1521470.5697873149 83531.83077822723 4.2
4062.6 1502938.21161382 82685.24165447822 4.2
4066.8 1479352.3465990992 81556.01554941079 4.2
4071.0 1447221.647153712 79949.5456478867 4.2
4075.2 1400978.2709882536 77554.67817266719 4.2
4079.4 1334678.521575749 74036.86145333727 4.2
4083.6 1243388.5519256035 69114.95029063789 4.2
4087.8 1128688.1776145406 62868.34098120076 4.2
4092.0 1008161.2590407023 56270.39969400572 4.2
4096.2 916344.8602475157 51250.72342311736 4.2
4100.4 888924.3544710042 49819.11404256047 4.2
4104.6 943555.7664050946 52989.27774139488 4.2
4108.8 1051320.7848869595 59162.15705356271 4.2
4113.0 1170220.860691642 65987.85326433895 4.2
4117.2 1267118.7766673903 71597.85310819629 4.2
4121.4 1331875.7793892464 75410.53119710796 4.2
4125.6 1371282.7660090078 77800.07219575191 4.2
4129.8 1396352.9756374264 79383.82116962795 4.2
4134.0 1415338.4662375546 80626.90704369097 4.2
4138.2 1430125.9989739084 81634.92535910908 4.2
4142.4 1439345.9447320218 82328.08242525104 4.2
4146.6 1443354.35856639 82724.85221862434 4.2
4150.8 1444048.0306580027 82932.35537040589 4.2
4155.0 1442019.7165594234 82983.548123916 4.2
4159.2 1438035.6274739655 82921.66236673263 4.2
4163.4 1431689.9585992245 82722.56647806504 4.2
4167.6 1422594.731576628 82362.97021970416 4.2
4171.8 1413065.5063776989 81976.24100521718 4.2
4176.0 1408666.7858181496 81885.68756626618 4.2
4180.2 1410792.4696625797 82174.2974945781 4.2
4184.4 1415033.9765181371 82587.05885388509 4.2
4188.6 1416953.1073404716 82865.16510384275 4.2
4192.8 1415014.7317408186 82917.84377098683 4.2
4197.0 1410325.3631827808 82808.70633440107 4.2
4201.2 1405291.8937506883 82678.38790557158 4.2
4205.4 1401466.219048608 82618.25159489478 4.2
4209.6 1399624.684233771 82674.58051277079 4.2
4213.8 1397852.7240603298 82734.75782423353 4.2
4218.0 1391733.5729881383 82536.87088474739 4.2
4222.2 1383221.2488812506 82195.49211838978 4.2
4226.4 1376360.053137878 81950.57403546218 4.2
4230.6 1373173.218393297 81923.40600329448 4.2
4234.8 1370526.5271023687 81927.93338311242 4.2
4239.0 1366666.098919058 81859.29499358173 4.2
4243.2 1361163.3592647102 81691.33624915687 4.2
4247.4 1354524.7012967726 81453.92192620425 4.2
4251.6 1346866.211324196 81153.63923498268 4.2
4255.8 1340598.8245223286 80935.67629242655 4.2
4260.0 1336663.3999478617 80857.44238964606 4.2
4264.2 1333626.2127475943 80832.87021340533 4.2
4268.4 1328480.0357090423 80679.64897593453 4.2
4272.6 1321699.6725818017 80425.91304812176 4.2
4276.8 1314653.7116511378 80154.51673031556 4.2
4281.0 1307563.5303878447 79878.8860881345 4.2
4285.2 1297857.6527098534 79441.60319769508 4.2
4289.4 1286329.293225458 78890.37128442556 4.2
4293.6 1274037.1449113467 78289.58663172113 4.2
4297.8 1260354.8926370945 77600.40716802955 4.2
4302.0 1244687.8282353035 76785.63851155907 4.2
4306.2 1225792.2225216373 75767.68185060985 4.2
4310.4 1200831.5965351115 74369.69493291264 4.2
4314.6 1165134.8069155526 72299.61755453444 4.2
4318.8 1114148.4728150612 69270.44857357151 4.2
4323.0 1041182.3170629978 64859.85896751873 4.2
4327.2 946183.3856368538 59056.540141032085 4.2
4331.4 844595.3194280637 52818.249044947974 4.2
4335.6 767514.9427087697 48091.021277608874 4.2
4339.8 745311.5024086024 46790.318346039174 4.2
4344.0 790070.0912928894 49696.293620824996 4.2
4348.2 881459.2331920211 55552.03848137383 4.2
4352.4 983928.7518093828 62129.80635293477 4.2
4356.6 1069847.5105306562 67685.55588209524 4.2
4360.8 1128914.1502250854 71560.27485911938 4.2
4365.0 1164750.1059799867 73974.15279336846 4.2
4369.2 1184724.595573535 75387.61431019909 4.2
4373.4 1195327.341436672 76208.60290648059 4.2
4377.6 1200121.1882178378 76661.26829361082 4.2
4381.8 1201368.2569924223 76888.25418851613 4.2
4386.0 1200770.4729751267 76997.3892851354 4.2
4390.2 1200429.456923067 77123.0151297019 4.2
4394.4 1202369.8641746265 77395.55163277726 4.2
4398.6 1204404.3487138327 77674.77430052058 4.2
4402.8 1205167.2992618913 77872.47894825219 4.2
4407.0 1204478.781429378 77976.54706956366 4.2
4411.2 1203072.3821375635 78034.02348522107 4.2
4415.4 1201913.3197334409 78107.36736297533 4.2
4419.6 1202107.5502991672 78268.67828568001 4.2
4423.8 1203389.6893840686 78501.14657025275 4.2
4428.0 1203078.6790700848 78629.95009001369 4.2
4432.2 1199926.2546915568 78572.75841965285 4.2
4436.4 1194735.756121839 78381.21657669058 4.2
4440.6 1189416.4634220318 78180.0601080787 4.2
4444.8 1185148.5966663905 78046.96151616843 4.2
4449.0 1181257.1308754424 77937.77442317763 4.2
4453.2 1177488.987116871 77835.90870407384 4.2
4457.4 1173940.3690808418 77747.78052135214 4.2
4461.6 1168928.619302944 77561.82155146134 4.2
4465.8 1162130.009284421 77255.9611496528 4.2
4470.0 1153958.547719617 76857.10115376965 4.2
4474.2 1145424.4988773307 76432.13657996687 4.2
4478.4 1138338.678253379 76101.9876629073 4.2
4482.6 1135672.948587467 76066.2488716311 4.2
4486.8 1137616.368695722 76339.26953254465 4.2
4491.0 1140457.60238263 76673.27253173686 4.2
4495.2 1142392.1667771784 76947.05452116203 4.2
4499.4 1142931.0905318253 77127.27722278592 4.2
4503.6 1141904.1039652405 77201.90199113927 4.2
4507.8 1138623.0630028625 77123.72546219306 4.2
4512.0 1133451.842468425 76916.5860867917 4.2
4516.2 1127578.851741669 76660.5622204886 4.2
4520.4 1122565.064142089 76461.70887110294 4.2
4524.6 1119636.0473164201 76403.98312661253 4.2
4528.8 1117972.1141341308 76432.13657996687 4.2
4533.0 1115952.7753308062 76435.65649098135 4.2
4537.2 1111919.656881651 76300.60823958463 4.2
4541.4 1104825.6374456992 75954.2360591241 4.2
4545.6 1096142.008525161 75496.70542260028 4.2
4549.8 1088951.762051989 75140.14001744147 4.2
4554.0 1086023.4482202374 75076.49688889952 4.2
4558.2 1087172.6070114034 75294.62939358286 4.2
4562.4 1089628.7096754655 75603.86535655499 4.2
4566.6 1090654.7875050975 75814.4519711935 4.2
4570.8 1089112.6874099167 75846.57951429943 4.2
4575.0 1085403.1007221467 75727.21758350826 4.2
4579.2 1080463.326700251 75521.04660811207 4.2
4583.4 1075924.3436781405 75341.80142725022 4.2
4587.6 1073777.1714025734 75329.31183714244 4.2
4591.8 1074779.3838025923 75537.74224238184 4.2
4596.0 1077827.3872568049 75890.60237247044 4.2
4600.2 1080507.6037300965 76218.4302404667 4.2
4604.4 1080396.489127198 76349.81692095802 4.2
4608.6 1076146.0692931928 76188.25031669908 4.2
4612.8 1069862.5970665142 75881.51619881966 4.2
4617.0 1064529.021056534 75640.7802444553 4.2
4621.2 1060473.2677942174 75489.75223927235 4.2
4625.4 1056970.0041776036 75377.19984580735 4.2
4629.6 1054072.0945841335 75307.11323334603 4.2
4633.8 1052578.9590782048 75336.94411838593 4.2
4638.0 1052804.5813016654 75489.75223927235 4.2
4642.2 1053255.0745888548 75658.89602408523 4.2
4646.4 1052029.8568052026 75707.6908449053 4.2
4650.6 1048294.4347043937 75575.32091575803 4.2
4654.8 1043977.6554178181 75400.11356684935 4.2
4659.0 1040111.3458629304 75256.49714862985 4.2
4663.2 1036967.5594206734 75164.3662413185 4.2
4667.4 1034482.6494153719 75119.38089759737 4.2
4671.6 1032994.3715291828 75146.36887198841 4.2
4675.8 1031918.5071711504 75203.14444717987 4.2
4680.0 1030503.6836962432 75235.01293929534 4.2
4684.2 1028523.9172737395 75225.31240364705 4.2
4688.4 1026162.0283519767 75187.21526362066 4.2
4692.6 1022940.0495303243 75085.48666825551 4.2
4696.8 1018697.2176533865 74907.965190386 4.2
4701.0 1014426.8889676383 74727.42201492771 4.2
4705.2 1011377.0117006098 74635.93881477597 4.2
4709.4 1009043.9801375689 74596.76602149979 4.2
4713.6 1006402.7258538192 74534.26960944064 4.2
4717.8 1003834.6966809339 74476.62708705262 4.2
4722.0 1001616.0825929035 74444.39417513809 4.2
4726.2 999127.8458919274 74391.61720985823 4.2
4730.4 995628.9651178874 74262.91630996871 4.2
4734.6 991906.3423374819 74116.6873053787 4.2
4738.8 988790.9780237611 74015.04371846556 4.2
4743.0 986368.0706139129 73964.61482855349 4.2
4747.2 983979.8313326663 73916.2626511057 4.2
4751.4 980912.0463188998 73816.25365957944 4.2
4755.6 976919.1388370529 73645.8026812711 4.2
4759.8 972424.3950459762 73436.50505347508 4.2
4764.0 968290.6742028549 73253.4359378101 4.2
4768.2 965135.5835805483 73143.54412815966 4.2
4772.4 962852.0971319528 73099.09496159205 4.2
4776.6 961106.481638492 73095.05546793556 4.2
4780.8 959665.9882021664 73113.90834834127 4.2
4785.0 958096.7577522292 73122.66312421845 4.2
4789.2 955783.0118095587 73074.1883065277 4.2
4793.4 952458.1704108614 72947.76661888971 4.2
4797.6 948552.0851495882 72775.96955154893 4.2
4801.8 944132.8749989489 72563.79705015427 4.2
4806.0 939614.5252154446 72342.91427913053 4.2
4810.2 935188.1319583264 72128.01826391483 4.2
4814.4 930064.1701889986 71858.14470049259 4.2
4818.6 922859.3191522761 71425.9458190211 4.2
4822.8 913496.2108209986 70824.5787327018 4.2
4827.0 902540.4123562503 70097.09175843785 4.2
4831.2 889150.3863260807 69177.36253072451 4.2
4835.4 869265.4980293339 67747.92530065883 4.2
4839.6 837240.6739309487 65365.41156435295 4.2
4843.8 788178.9809641124 61641.89764471061 4.2
4848.0 720437.0386674938 56441.68881751376 4.2
4852.2 642669.7637127351 50436.390667373664 4.2
4856.4 574651.2474992815 45176.439521539 4.2
4860.6 541344.201907252 42631.63608545988 4.2
4864.8 559736.0438288709 44156.231339999096 4.2
4869.0 620191.3513186289 49009.920721727656 4.2
4873.2 696961.4923216437 55171.65349973851 4.2
4877.4 763632.6815851798 60553.60450523708 4.2
4881.6 809485.1278009866 64300.15206513829 4.2
4885.8 837679.4942291811 66654.27362572975 4.2
4890.0 856437.2266809907 68264.04202706172 4.2
4894.2 869540.5294077109 69427.57559577005 4.2
4898.4 878603.1619033214 70271.62556314732 4.2
4902.6 883715.2162450709 70801.75126556313 4.2
4906.8 885027.0435241238 71028.39480281719 4.2
4911.0 884116.2775005167 71076.82178523847 4.2
4915.2 882191.4953187029 71043.44289755936 4.2
4919.4 880150.5832969584 71000.26995776637 4.2
4923.6 878771.0246836235 71010.07968517514 4.2
4927.8 879239.3333467004 71169.1862298588 4.2
4932.0 880974.0558098156 71431.20887109594 4.2
4936.2 882680.96135131 71691.55493444312 4.2
4940.4 883236.5417529658 71858.80654151176 4.2
4944.6 882427.2798702669 71915.08531406276 4.2
4948.8 880289.3535188317 71862.77771564014 4.2
4953.0 877107.0438716749 71724.57771877365 4.2
4957.2 873535.1248877307 71553.6842177483 4.2
4961.4 871823.8991751925 71534.57479011666 4.2
4965.6 871713.5363737245 71646.66834586987 4.2
4969.8 871451.9203002156 71746.38108861372 4.2
4974.0 869428.140700595 71700.79978118611 4.2
4978.2 866292.538488636 71562.91128563789 4.2
4982.4 862636.9823004067 71381.22553018978 4.2
4986.6 858958.5151070533 71196.72223747654 4.2
4990.8 855848.5552873273 71058.4941803949 4.2
4995.0 852696.0861631646 70915.96222391036 4.2
4999.2 849149.6430918723 70739.82807869281 4.2
5003.4 845237.5962666613 70532.29251962069 4.2
5007.6 841143.306260107 70308.52710738606 4.2
5011.8 836638.3946168873 70049.33229839015 4.2
5016.0 832511.4188646729 69820.66807186132 4.2
5020.2 830070.9516475591 69732.62275190964 4.2
5024.4 829432.103400104 69795.59276309768 4.2
5028.6 829405.8087842821 69910.11233898238 4.2
5032.8 828655.2961025226 69963.57613399485 4.2
5037.0 826786.454828336 69922.34743217181 4.2
5041.2 825439.7890648178 69924.92351410232 4.2
5045.4 824605.1617153479 69970.66476492526 4.2
5049.6 823203.6745608947 69968.08699785527 4.2
5053.8 820285.7226399048 69836.10350861643 4.2
5058.0 817748.2147985756 69735.83413180715 4.2
5062.2 816339.2079707496 69731.3382413597 4.2
5066.4 815647.1155357694 69787.87909538831 4.2
5070.6 814739.0842060581 69825.81283834229 4.2
5074.8 813555.8875467482 69839.96290095577 4.2
5079.0 811964.1022367572 69818.73888216009 4.2
5083.2 809913.9134710684 69757.67543757673 4.2
5087.4 807721.2029820082 69683.82798124323 4.2
5091.6 805884.3074846045 69640.19844468676 4.2
5095.8 804467.5041262173 69632.50195084309 4.2
5100.0 803217.0200304408 69638.91563663921 4.2
5104.2 802036.0479797061 69651.10326721164 4.2
5108.4 801367.0145646174 69707.5790636338 4.2
5112.6 800773.3722940044 69770.52645984956 4.2
5116.8 799334.1552131232 69759.60294000876 4.2
5121.0 797244.8143121913 69691.53014816294 4.2
5125.2 794320.2232888221 69549.81834350339 4.2
5129.4 790773.5232347025 69352.80005494926 4.2
5133.6 787381.4920015527 69168.4430470279 4.2
5137.8 785190.191681875 69088.85575701305 4.2
5142.0 783662.5808416486 69067.22386038816 4.2
5146.2 781966.114364211 69030.33802033086 4.2
5150.4 779742.7331803567 68946.46435198515 4.2
5154.6 776524.7740042354 68773.95497861292 4.2
5158.8 772018.7930675612 68486.3466922446 4.2
5163.0 766508.5519081266 68108.29367676353 4.2
5167.2 761031.6376307362 67731.70372527848 4.2
5171.4 757448.2953312244 67522.42015733545 4.2
5175.6 756316.9722036818 67531.12738131243 4.2
5179.8 756566.7872103897 67663.11695007878 4.2
5184.0 756058.2713741733 67727.33704172818 4.2
5188.2 754653.9264289851 67711.1203960037 4.2
5192.4 753336.4344814629 67702.389964366 4.2
5196.6 753152.0746541205 67795.36449241878 4.2
5200.8 753954.17189366 67977.3139641513 4.2
5205.0 754744.2047814147 68158.49621514403 4.2
5209.2 754680.6084973334 68262.78456851873 4.2
5213.4 753340.2285927312 68251.4684839186 4.2
5217.6 750342.7520095833 68089.47725945944 4.2
5221.8 745680.5012606696 67775.38604845249 4.2
5226.0 740352.3239021426 67399.39528289344 4.2
5230.2 736194.6583406082 67128.66339599286 4.2
5234.4 734803.8787905336 67109.4995189671 4.2
5238.6 735662.7690518778 67295.80615090113 4.2
5242.8 737018.9818352927 67528.01752957508 4.2
5247.0 737108.0027178604 67644.42352265814 4.2
5251.2 735631.1923398061 67617.01583732768 4.2
5255.4 732469.7628849278 67434.16744629893 4.2
5259.6 728128.1496281837 67141.64848633202 4.2
5263.8 723899.8643304568 66858.40320146622 4.2
5268.0 720526.1083373487 66653.04581994344 4.2
5272.2 718339.0916292124 66556.73360508951 4.2
5276.4 717420.5810745942 66577.5792146352 4.2
5280.6 717732.6649133423 66712.62046022924 4.2
5284.8 718859.7078090815 66923.70867193931 4.2
5289.0 720082.2748231184 67144.1221216409 4.2
5293.2 720524.3247160274 67292.08734997484 4.2
5297.4 719263.0003603543 67280.93218016767 4.2
5301.6 716129.1294424755 67094.04876455019 4.2
5305.8 711841.8284170877 66798.08314068727 4.2
5310.0 707528.9466541003 66498.52310917892 4.2
5314.2 703554.0454705752 66229.57985610141 4.2
5318.4 700608.2695923178 66056.56709228414 4.2
5322.6 698955.6107484994 66004.87303534668 4.2
5326.8 698297.4764656043 66046.83335404223 4.2
5331.0 698245.0887262609 66146.06297335464 4.2
5335.2 698740.3867078234 66297.3241433331 4.2
5339.4 699591.2039671974 66482.60069088275 4.2
5343.6 700250.4109428697 66649.97640442585 4.2
5347.8 699878.9650036438 66719.37970798268 4.2
5352.0 698555.7072183108 66697.87538737801 4.2
5356.2 696677.339075058 66622.97164209 4.2
5360.4 694357.0632819218 66505.26066482927 4.2
5364.6 692179.231232479 66400.599434599 4.2
5368.8 690619.4465475448 66354.74736403931 4.2
5373.0 689787.9027232963 66378.58648786099 4.2
5377.2 689300.9464378238 66435.4681976003 4.2
5381.4 688371.2219569058 66449.54323368204 4.2
5385.6 687025.8310467373 66423.23145918264 4.2
5389.8 685589.179489443 66387.75766199277 4.2
5394.0 683501.3402355801 66288.77600156833 4.2
5398.2 680699.3141027541 66119.87136678644 4.2
5402.4 677790.9742558156 65939.85685142767 4.2
5406.6 675667.1032180408 65835.47904338157 4.2
5410.8 674655.8523184884 65839.11734693388 4.2
5415.0 673814.4695106011 65859.13161081828 4.2
5419.2 672256.3235991594 65808.80429328045 4.2
5423.4 670023.4167138363 65691.9267575648 4.2
5427.6 668260.1858326445 65620.57022984022 4.2
5431.8 667423.8367168369 65639.9134894188 4.2
5436.0 667394.0932074869 65738.53174704728 4.2
5440.2 667715.5994067887 65871.87112819224 4.2
5444.4 667035.8934486682 65906.46224156192 4.2
5448.6 665548.0304949345 65860.95139101529 4.2
5452.8 663850.2409439608 65794.25898525832 4.2
5457.0 661810.033611984 65693.13685872062 4.2
5461.2 659752.5714669153 65589.75369094432 4.2
5465.4 658005.2364950099 65516.69782837657 4.2
5469.6 656686.5494082705 65485.930069731876 4.2
5473.8 655485.9756205471 65466.632187136056 4.2
5478.0 654740.4896954505 65492.56503059364 4.2
5482.2 653972.5268137268 65516.09440006833 4.2
5486.4 652430.595871601 65461.80860512183 4.2
5490.6 650323.7925281357 65350.36235479667 4.2
5494.8 648558.977882039 65272.763481438626 4.2
5499.0 647348.007126828 65250.52344952054 4.2
5503.2 646276.9427205739 65242.11027852339 4.2
5507.4 645511.5452849241 65264.347442891194 4.2
5511.6 645015.0852492041 65313.65682298697 4.2
5515.8 644282.3494503244 65338.92727284166 4.2
5520.0 642627.1934887016 65270.35878826044 4.2
5524.2 640227.710779078 65125.639368776785 4.2
5528.4 637702.8209164701 64967.47679854921 4.2
5532.6 635926.1878928567 64884.95383884246 4.2
5536.8 635517.5997995081 64941.751872294386 4.2
5541.0 635607.4140528975 65049.50558300343 4.2
5545.2 635241.4458894623 65110.64536245361 4.2
5549.4 634140.0682997553 65096.25436412919 4.2
5553.6 632924.7257073465 65069.87912781417 4.2
5557.8 631817.1727850075 65054.29878428905 4.2
5562.0 630578.6837643044 65024.945968859516 4.2
5566.2 628995.6482474619 64959.69842076077 4.2
5570.4 627423.0800563673 64895.1140469107 4.2
5574.6 625780.2231519534 64822.831895105875 4.2
5578.8 624015.9209195616 64737.51132496605 4.2
5583.0 622234.3738834057 64649.92121976752 4.2
5587.2 620710.1102823751 64588.61918063224 4.2
5591.4 619481.1993315112 64557.69266248693 4.2
5595.6 618357.9257825845 64537.47948456242 4.2
5599.8 617095.2766937789 64502.41869460308 4.2
5604.0 615637.4086780356 64446.59847416838 4.2
5608.2 614127.1089976847 64384.89621921515 4.2
5612.4 612559.1378097193 64316.73653954946 4.2
5616.6 610787.6729779176 64226.7579246624 4.2
5620.8 609100.5474291164 64145.17584055674 4.2
5625.0 607760.1228083179 64099.70045243978 4.2
5629.2 606680.3054196329 64081.40128313246 4.2
5633.4 605407.8889089245 64042.4591603049 4.2
5637.6 603916.2807428465 63979.965269743865 4.2
5641.8 602135.0135545483 63886.338757991376 4.2
5646.0 600066.6728185829 63761.71650168858 4.2
5650.2 597951.0228351704 63631.476398951236 4.2
5654.4 595997.1720599914 63517.88080995049 4.2
5658.6 594389.68519919 63440.70492146641 4.2
5662.8 593158.5678635327 63403.320069930545 4.2
5667.0 592143.3133082978 63388.72259662736 4.2
5671.2 590559.0483754487 63312.869894175936 4.2
5675.4 588692.2290652036 63206.24642199586 4.2
5679.6 587237.4629223169 63143.40536903811 4.2
5683.8 585662.8537509764 63067.265346326116 4.2
5688.0 584130.7636708014 62995.27846008046 4.2
5692.2 582855.5722458293 62950.61828571968 4.2
5696.4 581803.4593417274 62929.749067380566 4.2
5700.6 580459.7597822525 62877.0271634927 4.2
5704.8 579141.1282258267 62826.66400668406 4.2
5709.0 578086.9542373827 62804.67896573537 4.2
5713.2 577035.3237078618 62782.7016180493 4.2
5717.4 575567.2839453775 62715.08280193201 4.2
5721.6 573654.3209240674 62598.51056989089 4.2
5725.8 571727.2684198454 62479.85313229124 4.2
5730.0 570353.3684423959 62421.183702441136 4.2
5734.2 569240.2253849887 62390.720359895335 4.2
5738.4 568019.9889662755 62348.211504796986 4.2
5742.6 566578.5407082485 62281.06064731028 4.2
5746.8 565125.7397560932 62212.263101167955 4.2
5751.0 563651.3084787582 62140.679800925864 4.2
5755.2 562445.4576972744 62098.341306705355 4.2
5759.4 561661.6488912958 62102.34506378969 4.2
5763.6 560843.36885169 62102.34506378969 4.2
5767.8 559593.7680865801 62054.31701126452 4.2
5772.0 558018.5160940507 61969.786512977116 4.2
5776.2 556550.7986786186 61896.77191894646 4.2
5780.4 555399.4815282045 61858.58764917788 4.2
5784.6 554858.9404621796 61888.22115456627 4.2
5788.8 554585.0580152399 61947.53076015003 4.2
5793.0 553954.631440617 61966.932764554396 4.2
5797.2 553381.5655280737 61992.62123209172 4.2
5801.4 552840.2230076544 62021.747702553235 4.2
5805.6 552493.3239230143 62072.60903094294 4.2
5809.8 552645.8209046907 62179.61089419627 4.2
5814.0 552610.5856118787 62265.574569205826 4.2
5818.2 551914.7016195507 62277.04536837789 4.2
5822.4 550631.6594533839 62222.00479781883 4.2
5826.6 549357.2314424866 62167.58545420608 4.2
5830.8 548697.4785845827 62182.47443703382 4.2
5835.0 548771.4815540921 62280.48702018508 4.2
5839.2 548765.1882371864 62369.462310776726 4.2
5843.4 547144.4802396299 62274.751039500625 4.2
5847.6 545378.4080097072 62163.00494598308 4.2
5851.8 544264.8727254028 62125.22862827627 4.2
5856.0 543504.4679588416 62127.517448443374 4.2
5860.2 542261.009847675 62074.324184209145 4.2
5864.4 540791.7835268234 61994.905166731805 4.2
5868.6 539366.8318118784 61920.15003656681 4.2
5872.8 537713.3668371037 61818.71879745621 4.2
5877.0 534876.938286655 61580.61190202606 4.2
5881.2 531071.94267616 61229.96342287089 4.2
5885.4 527071.1982465294 60855.52311808132 4.2
5889.6 523776.0721530708 60561.41307897912 4.2
5893.8 521764.4264414726 60414.89151871252 4.2
5898.0 521713.0717386376 60495.072285270755 4.2
5902.2 523192.38128255174 60753.03799638282 4.2
5906.4 524589.4398894804 61001.989614122394 4.2
5910.6 524723.0180247901 61104.331901385965 4.2
5914.8 523500.53073946334 61048.640917617704 4.2
5919.0 521747.7378642981 60930.67649606254 4.2
5923.2 520571.5871389922 60879.6293948485 4.2
5927.4 519963.4097939494 60894.770774371646 4.2
5931.6 519150.81687202584 60885.79765050053 4.2
5935.8 517571.95506075793 60786.62064427112 4.2
5940.0 515699.08964818885 60652.401331702786 4.2
5944.2 513753.0675048801 60509.00339425173 4.2
5948.4 511909.18830782094 60377.06532869923 4.2
5952.6 510462.51360585325 60291.48766276259 4.2
5956.8 509916.6781989393 60312.0374536167 4.2
5961.0 509860.0815012804 60390.41304362486 4.2
5965.2 509390.9634448794 60419.89970171148 4.2
5969.4 507915.9980685816 60329.81589400702 4.2
5973.6 506203.3070284295 60211.02216271243 4.2
5977.8 504785.06069458 60126.78741035052 4.2
5982.0 503751.59859094094 60088.03473165391 4.2
5986.2 502956.9451209002 60077.52045787006 4.2
5990.4 502682.31825054664 60129.002603865556 4.2
5994.6 502371.3178222165 60176.094764508474 4.2
5998.8 501524.8874385324 60158.915705346306 4.2
6003.0 500191.80029191467 60083.0540568188 4.2
6007.2 498858.15030362987 60006.735386411405 4.2
6011.4 497821.90312178986 59965.850818886734 4.2
6015.6 497076.6392525624 59959.77576177086 4.2
6019.8 496346.68934309855 59955.3579249852 4.2
6024.0 495171.14401086845 59896.852308151145 4.2
6028.2 493753.22971866647 59808.65005042397 4.2
6032.4 492507.66303357505 59740.932878135005 4.2
6036.6 491505.58369673113 59702.428888872084 4.2
6040.8 490939.9117454481 59716.72747280465 4.2
6045.0 490154.10517673637 59704.078550736434 4.2
6049.2 488595.3930948538 59596.94528350092 4.2
6053.4 487154.2658579291 59503.70391355185 4.2
6057.6 486532.73978383804 59510.28086939835 4.2
6061.8 486266.16063396813 59560.17978240114 4.2
6066.0 485360.5150208043 59531.660996829545 4.2
6070.2 484028.85658686765 59450.56686494142 4.2
6074.4 482492.4045046372 59343.88850021626 4.2
6078.6 480925.85221464443 59233.03694738002 4.2
6082.8 479528.2309334561 59142.543775622216 4.2
6087.0 478941.6998043352 59151.80479092537 4.2
6091.2 478827.99718759686 59219.3996067084 4.2
6095.4 478481.1501084782 59258.1378601784 4.2
6099.6 477457.3059607885 59212.85479847007 4.2
6103.8 476251.8382150479 59144.722707593755 4.2
6108.0 475391.2653932086 59119.125326082176 4.2
6112.2 474742.5318901408 59119.66983585704 4.2
6116.4 473440.59699196875 59038.59315100092 4.2
6120.6 471933.991363303 58931.568464155025 4.2
6124.8 470792.38675786764 58869.72403982423 4.2
6129.0 470021.8115533539 58854.00204390465 4.2
6133.2 468786.39662501094 58779.78591874489 4.2
6137.4 467158.65214750235 58655.940130155665 4.2
6141.6 465339.80072011665 58507.56179634184 4.2
6145.8 463443.0871887169 58348.80956815712 4.2
6150.0 461410.02183115756 58172.26850236319 4.2
6154.2 459720.6826443251 58038.475997510766 4.2
6158.4 458810.62564495765 58002.67191991931 4.2
6162.6 458793.5413569861 58079.65126358914 4.2
6166.8 459373.06519501004 58232.30753994695 4.2
6171.0 459614.9661385998 58342.36097576953 4.2
6175.2 459163.3321238744 58364.396609209296 4.2
6179.4 458438.0300530189 58351.49669201244 4.2
6183.6 457853.4359656324 58356.33382680359 4.2
6187.8 457371.0991242084 58374.073418578184 4.2
6192.0 456813.95170412725 58382.138651968366 4.2
6196.2 456115.04729664786 58371.922877852696 4.2
6200.4 455530.8976436806 58376.22403853446 4.2
6204.6 454608.6319478025 58336.98769319495 4.2
6208.8 453083.1527542315 58219.973040868506 4.2
6213.0 451467.55767033255 58090.885950537624 4.2
6217.2 450442.7259668522 58037.4068991202 4.2
6221.4 449635.9268640328 58011.754444917075 4.2
6225.6 448426.0438839413 57933.79790253781 4.2
6229.8 446964.515552176 57822.91742660292 4.2
6234.0 445282.53233028145 57683.021350046125 4.2
6238.2 443370.3697217383 57512.73224203908 4.2
6242.4 441413.9630694466 57336.08033993055 4.2
6246.6 440082.25875661185 57240.04941344636 4.2
6250.8 439539.6396143598 57246.376167124814 4.2
6255.0 439649.54360743426 57337.66461626484 4.2
6259.2 439853.03926767135 57441.26558356813 4.2
6263.4 438915.54128833616 57395.7849880534 4.2
6267.6 436273.37639281945 57126.81349397334 4.2
6271.8 432140.38365184 56661.49120447017 4.2
6276.0 433103.1923673263 56863.81589042036 4.2
6280.2 433457.2841990202 56986.502063969456 4.2
6284.4 431846.7095259722 56850.72402025548 4.2
6288.6 430789.7010240636 56787.40195473178 4.2
6292.8 429249.10329426447 56659.92561124005 4.2
6297.0 426573.495888642 56381.938042790236 4.2
6301.2 424458.002601211 56177.188464869716 4.2
6305.4 424576.51687934215 56267.80840600263 4.2
6309.6 424769.76781391865 56368.43794143668 4.2
6313.8 425049.6013133738 56480.6908241675 4.2
6318.0 425161.57927320746 56570.75826628152 4.2
6322.2 424847.2327860421 56604.11439647709 4.2
6326.4 424197.35814727336 56592.64600890039 4.2
6330.6 423786.880586134 56612.97792408652 4.2
6334.8 423271.90092988824 56619.235367433015 4.2
6339.0 421917.70601305895 56512.95283074657 4.2
6343.2 419790.34428547096 56302.54158141309 4.2
6347.4 418417.19112802687 56192.71294036343 4.2
6351.6 418395.4708641891 56264.18080327211 4.2
6355.8 418898.5040058591 56406.350277756675 4.2
6360.0 418488.0136450813 56425.575855793606 4.2
6364.2 417009.1806270703 56300.46735733503 4.2
6368.4 415382.874489992 56154.944195865035 4.2
6372.6 414782.0333484583 56147.70377658748 4.2
6376.8 414953.72014134465 56245.01021648878 4.2
6381.0 415271.15470340126 56362.20821571432 4.2
6385.2 415218.06936056394 56429.21386438315 4.2
6389.4 414668.5516916021 56428.69413450991 4.2
6393.6 413784.60666423425 56382.45734202197 4.2
6397.8 412724.2010879748 56311.87653548648 4.2
6402.0 411841.3180198347 56265.217237330035 4.2
6406.2 411646.349581028 56312.395189424446 4.2
6410.4 411114.6899365389 56313.432511632825 4.2
6414.6 409990.7843228072 56233.09665757339 4.2
6418.8 408817.583526985 56145.63525683987 4.2
6423.0 408354.5610106153 56155.46140439701 4.2
6427.2 407847.33228206134 56159.0819975029 4.2
6431.4 406868.63517719635 56097.56364969306 4.2
6435.6 405597.4059032346 55995.354698822746 4.2
6439.8 404509.2854537422 55918.04767151789 4.2
6444.0 403558.2138942418 55859.36571958493 4.2
6448.2 402535.5639076389 55790.46741962946 4.2
6452.4 401356.8593747233 55699.590207728914 4.2
6456.6 400369.96600038814 55634.98816517382 4.2
6460.8 399650.7756487826 55607.324517527806 4.2
6465.0 399021.4075684236 55591.96176848845 4.2
6469.2 398202.60697788384 55549.991906342446 4.2
6473.4 397206.5191681066 55483.0082265629 4.2
6477.6 396016.24561937014 55388.550506018095 4.2
6481.8 394640.8172026186 55267.77743428262 4.2
6486.0 392658.8280623689 55061.49513352678 4.2
6490.2 391612.994869739 54985.98382737364 4.2
6494.4 390994.9847406115 54970.2864400148 4.2
6498.6 390881.9734696213 55025.50031101009 4.2
6502.8 390510.27068198565 55044.25523922414 4.2
6507.0 389166.6727004511 54925.75052658921 4.2
6511.2 386793.51473718585 54661.30550923441 4.2
6515.4 384197.9893399926 54364.57534491901 4.2
6519.6 382133.7115890363 54142.212616121054 4.2
6523.8 380192.8786536121 53936.65385408241 4.2
6528.0 377454.80927279626 53617.18388973804 4.2
6532.2 373289.9589729155 53093.82328464267 4.2
6536.4 366910.3916865473 52253.573958984205 4.2
6540.6 357083.7398807618 50919.48470141574 4.2
6544.8 342963.9681676516 48968.86070848931 4.2
6549.0 323727.26180406305 46281.56115382148 4.2
6553.2 298897.58738467173 42786.62196781779 4.2
6557.4 273780.11528342706 39241.35544173972 4.2
6561.6 259278.0494475235 37210.37099090253 4.2
6565.8 264251.8007553873 37972.745624826326 4.2
6570.0 285737.0229693992 41112.70007590606 4.2
6574.2 311452.2198751312 44869.992816052254 4.2
6578.4 332353.83943455236 47942.42527358949 4.2
6582.6 345950.7877361448 49967.54358973243 4.2
6586.8 354669.8743375615 51292.279483061684 4.2
6591.0 360889.81984193885 52258.38691264347 4.2
6595.2 365279.51248475054 52961.46623321556 4.2
6599.4 367966.5575673125 53419.03028321386 4.2
6603.6 369793.8949766792 53752.6648786744 4.2
6607.8 371117.5355233387 54013.70895881659 4.2
6612.0 371610.1476934067 54154.181975935666 4.2
6616.2 371634.48347378423 54226.55316605971 4.2
6620.4 371922.79311456654 54337.5433906333 4.2
6624.6 372208.19784820726 54448.2592992873 4.2
6628.8 372099.7881922647 54501.44287860846 4.2
6633.0 371827.2889572373 54530.56531321569 4.2
6637.2 371558.709389701 54560.20582492832 4.2
6641.4 371088.9129199453 54560.20582492832 4.2
6645.6 370398.193435325 54527.55192607617 4.2
6649.8 369838.47315054975 54513.99374451716 4.2
6654.0 369579.31965630304 54544.62998858564 4.2
6658.2 369279.8254699922 54569.251899959825 4.2
6662.4 368743.0535393808 54558.69829155631 4.2
6666.6 368214.1371912443 54549.15154745509 4.2
6670.8 367608.38977150636 54528.054145701935 4.2
6675.0 366868.7454898135 54486.88749421524 4.2
6679.2 366356.88577201235 54479.36037248773 4.2
6683.4 366139.2992911747 54515.500042639374 4.2
6687.6 365824.40635321196 54537.0948899892 4.2
6691.8 365284.58850631746 54525.04089733084 4.2
6696.0 364759.2925712928 54514.99793864064 4.2
6700.2 364231.68392467056 54504.45482286882 4.2
6704.4 363634.78426263767 54483.37470799784 4.2
6708.6 362805.1631876766 54427.20091856808 4.2
6712.8 361777.7376056557 54341.04677445511 4.2
6717.0 361069.29510608525 54302.52197254539 4.2
6721.2 360714.51399508695 54317.02810635449 4.2
6725.4 360290.6697840487 54321.03048034053 4.2
6729.6 359691.9784942321 54298.520962266375 4.2
6733.8 359101.1766134979 54277.020582133046 4.2
6738.0 358247.5602478521 54215.566488937606 4.2
6742.2 357142.8765230274 54115.789650850566 4.2
6746.4 356150.1077574501 54032.61668389068 4.2
6750.6 355566.2280035158 54011.22159286954 4.2
6754.8 355068.59798505186 54002.76540541285 4.2
6759.0 354248.7788422001 53945.09968926053 4.2
6763.2 353294.4326833825 53866.65405020914 4.2
6767.4 352700.08200106974 53842.84506304205 4.2
6771.6 352285.41402304225 53846.316551455835 4.2
6775.8 351521.6658355861 53796.24960908692 4.2
6780.0 350543.4583723817 53713.0730394833 4.2
6784.2 349690.6091603904 53648.79848747912 4.2
6788.4 349010.4294533464 53610.764451385214 4.2
6792.6 348489.0793992495 53596.94057910849 4.2
6796.8 348116.2313396151 53605.82694488704 4.2
6801.0 347753.656415688 53616.19623380775 4.2
6805.2 347014.37686030223 53568.31675340229 4.2
6809.4 345945.40136867017 53469.2386237798 4.2
6813.6 344991.17534992925 53387.55108513749 4.2
6817.8 344613.8602181699 53394.92735741756 4.2
6822.0 344427.5041192884 53431.824008734606 4.2
6826.2 343699.76704593585 53384.600861553234 4.2
6830.4 342588.65722299175 53277.51990388957 4.2
6834.6 341777.1706632414 53216.70732951071 4.2
6838.8 341373.2200285332 53219.1581058813 4.2
6843.0 340646.691089604 53171.14345554772 4.2
6847.2 339440.1635271111 53047.87603212951 4.2
6851.4 337513.07990395866 52811.43884730564 4.2
6855.6 333274.67570573924 52212.200851388414 4.2
6859.8 335600.305090185 52640.98414536306 4.2
6864.0 334126.3334989916 52473.97934377636 4.2
6868.2 333570.30981293216 52450.78591691829 4.2
6872.4 333872.30573555763 52562.498409429856 4.2
6876.6 334097.88695300923 52662.32148938961 4.2
6880.8 333155.80535654165 52577.99248464589 4.2
6885.0 331473.92095900874 52376.44285617369 4.2
6889.2 329779.5103879207 52172.30205607595 4.2
6893.4 329289.8127036907 52158.36870181968 4.2
6897.6 329010.1102349145 52177.58809510513 4.2
6901.8 328183.32772162784 52109.87123333764 4.2
6906.0 327334.74551200547 52038.407782686045 4.2
6910.2 326675.09064415074 51996.72612867839 4.2
6914.4 326110.10385078535 51969.914221214174 4.2
6918.6 324965.1656571679 51850.38673535786 4.2
6922.8 323377.4147295367 51659.71429853007 4.2
6927.0 321276.440459204 51386.37714167633 4.2
6931.2 318414.1752234714 50990.350822561406 4.2
6935.4 316689.90990719077 50775.70942865572 4.2
6939.6 316641.89648312033 50829.51900102614 4.2
6943.8 316909.2004317131 50934.025336497616 4.2
6948.0 317171.11955114914 51037.80637893445 4.2
6952.2 317237.66163393593 51110.249380654124 4.2
6956.4 317333.6754543652 51187.50953463415 4.2
6960.6 317927.35750563827 51345.21775029621 4.2
6964.8 318830.56963479036 51553.24417072567 4.2
6969.0 319359.85739481455 51701.12579686506 4.2
6973.2 319063.41685287986 51715.41331965478 4.2
6977.4 318089.997646845 51619.76225695713 4.2
6981.6 316819.0802190693 51475.43199312589 4.2
6985.8 315547.6564387172 51330.55972808857 4.2
6990.0 314327.87985646137 51193.63880858229 4.2
6994.2 313023.65706468036 51042.50735110503 4.2
6998.4 311954.84278577653 50929.33435543014 4.2
7002.6 311531.966004404 50921.36067911483 4.2
7006.8 311387.95700195216 50958.89475060459 4.2
7011.0 311057.96074615896 50965.93546843316 4.2
7015.2 310639.83051103883 50958.42540400031 4.2
7019.4 310313.9303529645 50965.93546843316 4.2
7023.6 309774.5354718218 50938.24758888145 4.2
7027.8 309119.546347035 50891.35332797727 4.2
7032.0 308812.9688457905 50901.666359889154 4.2
7036.2 308768.4400350603 50955.1400988076 4.2
7040.4 308519.476796488 50974.85510751083 4.2
7044.6 308032.5264116451 50955.1400988076 4.2
7048.8 307560.7266101308 50937.7784324441 4.2
7053.0 307078.5540968703 50918.54673848326 4.2
7057.2 306521.1200428187 50886.66627696602 4.2
7061.4 305987.45978529245 50858.55303464885 4.2
7065.6 305544.9850384614 50845.43883736916 4.2
7069.8 305108.9860122028 50833.26439637758 4.2
7074.0 304682.24275715137 50822.49712852721 4.2
7078.2 304295.54566350195 50818.28447065554 4.2
7082.4 304041.1400344078 50836.0736240021 4.2
7086.6 303745.1939191385 50846.843768172854 4.2
7090.8 303256.96390457085 50825.3057611145 4.2
7095.0 302535.57826047286 50764.48679147801 4.2
7099.2 301832.79960693786 50706.542669183975 4.2
7103.4 301176.2439808748 50656.1290991089 4.2
7107.6 300391.2633149646 50583.863864812294 4.2
7111.8 299426.4664137656 50481.00587590467 4.2
7116.0 298778.52291773644 50431.281026639575 4.2
7120.2 298516.8630585355 50446.61150200429 4.2
7124.4 298189.7183298683 50450.79334948765 4.2
7128.6 297528.629780111 50398.31306953237 4.2
7132.8 296759.86245583143 50327.342686887714 4.2
7137.0 296115.99113707745 50277.306125851195 4.2
7141.2 295577.1532732287 50244.9015957916 4.2
7145.4 294944.4058661034 50196.333956318755 4.2
7149.6 293817.5715257579 50063.36070275748 4.2
7153.8 292207.70682823553 49847.57092864936 4.2
7158.0 289938.4858877244 49518.559212146145 4.2
7162.2 289449.20843054925 49493.02516171243 4.2
7166.4 290479.283398822 49727.42831469011 4.2
7170.6 291008.8931836018 49876.50344688874 4.2
7174.8 290018.46913196973 49764.99903683781 4.2
7179.0 289050.24914821825 49656.94530553696 4.2
7183.2 288348.2616961831 49594.32686091324 4.2
7187.4 287995.44845421583 49591.58625285471 4.2
7191.6 287770.4574941067 49610.77369013163 4.2
7195.8 287484.93181756086 49619.45615993409 4.2
7200.0 286909.0595144878 49577.8854841035 4.2
7204.2 286411.02576252364 49549.58255552612 4.2
7208.4 286428.0186062038 49610.316760124006 4.2
7212.6 285775.87268536503 49555.05928042301 4.2
7216.8 283624.612208466 49239.314710943 4.2
7221.0 283096.5421320995 49204.85994681289 4.2
7225.2 283312.3511383047 49299.668612220834 4.2
7229.4 284046.0440627907 49484.820584893794 4.2
7233.6 283301.10948429065 49412.4058669969 4.2
7237.8 282688.4719547204 49362.82430594455 4.2
7242.0 282077.3492207491 49313.292496187896 4.2
7246.2 281405.5259137969 49252.92191620632 4.2
7250.4 280859.6308866651 49214.37793092339 4.2
7254.6 280402.7777848724 49191.266019727955 4.2
7258.8 279993.2706260274 49176.31703763776 4.2
7263.0 279628.3283221181 49169.070681691795 4.2
7267.2 279132.90129484003 49138.7381619016 4.2
7271.4 278412.790360051 49068.637613567924 4.2
7275.6 277861.0203342507 49027.97997021805 4.2
7279.8 277670.8941322438 49051.01516347144 4.2
7284.0 277409.5325081103 49061.40712467875 4.2
7288.2 276995.48551836517 49044.69069959993 4.2
7292.4 276875.34832183237 49079.93738580258 4.2
7296.6 276266.46903521864 49028.431536680924 4.2
7300.8 275448.4620522991 48939.5531903027 4.2
7305.0 274812.70958618756 48882.79163988488 4.2
7309.2 273260.9435707146 48662.67740543355 4.2
7313.4 272472.4519058988 48578.04132569892 4.2
7317.6 271423.7975838789 48446.67769502533 4.2
7321.8 270700.7951192514 48373.10889607112 4.2
7326.0 269728.8657168914 48254.74222730833 4.2
7330.2 268956.22853313904 48171.702992181614 4.2
7334.4 268353.99898750393 48118.93425961269 4.2
7338.6 268476.83636549173 48196.111451887686 4.2
7342.8 268248.84224050684 48210.31842831676 4.2
7347.0 267737.4822366292 48173.47773599668 4.2
7351.2 267281.42476845125 48146.41999590608 4.2
7355.4 266978.7306422523 48146.86344286414 4.2
7359.6 266607.78899133974 48134.89180846981 4.2
7363.8 266122.3105849526 48102.095919445645 4.2
7368.0 265779.83063762495 48095.00785490979 4.2
7372.2 265665.42532323743 48129.12874990932 4.2
7376.4 265504.77516984165 48154.84618656261 4.2
7380.6 265029.31675302994 48123.36638134481 4.2
7384.8 264579.24864169175 48096.33678744738 4.2
7389.0 264470.9173325566 48131.34522923353 4.2
7393.2 264445.59979732486 48181.46489234148 4.2
7397.4 264232.99585250556 48197.44317805949 4.2
7401.6 263775.24344995833 48168.59734783081 4.2
7405.8 263182.6744973389 48114.945699061 4.2
7410.0 262581.93160591804 48059.583196036365 4.2
7414.2 262055.12681104636 48017.550301397605 4.2
7418.4 261633.14465511558 47994.558392613544 4.2
7422.6 261534.5925908045 48030.8198740358 4.2
7426.8 261414.57470637248 48063.12448745543 4.2
7431.0 260946.05293350737 48031.262256272086 4.2
7435.2 260265.10523794772 47960.09116976924 4.2
7439.4 259798.97539273038 47928.29724191455 4.2
7443.6 259407.90140640867 47910.20178559575 4.2
7447.8 259067.6843156234 47901.37721307871 4.2
7452.0 258902.09355207774 47924.76588456807 4.2
7456.2 258565.25001655373 47916.379953628384 4.2
7460.4 257789.3834907353 47826.43394186659 4.2
7464.6 256987.60310397035 47731.38101311611 4.2
7468.8 256459.97444795258 47686.99981017738 4.2
7473.0 256169.4230835472 47686.5605987004 4.2
7477.2 256119.86256909624 47730.94139287463 4.2
7481.4 256212.02211220664 47801.77242917828 4.2
7485.6 256066.0615290936 47828.19596526584 4.2
7489.8 255644.711490579 47803.09325920931 4.2
7494.0 255099.65848865666 47754.68668103555 4.2
7498.2 254562.96122972324 47707.64731334241 4.2
7502.4 254074.3504307356 47669.434506042126 4.2
7506.6 253432.73227654613 47602.30690193639 4.2
7510.8 252581.1053692287 47495.44925716354 4.2
7515.0 251987.6665306774 47436.86721514991 4.2
7519.2 251863.9334050743 47466.58637992166 4.2
7523.4 251830.86034732944 47513.38806341695 4.2
7527.6 251621.75524723713 47526.95604905908 4.2
7531.8 251394.45619684254 47537.0251226939 4.2
7536.0 251317.93068991706 47575.56997306188 4.2
7540.2 251218.4454149516 47609.76085410924 4.2
7544.4 250864.8659670086 47595.730854468115 4.2
7548.6 250216.7790350689 47525.64284887534 4.2
7552.8 249313.20714134732 47406.730023627104 4.2
7557.0 248832.10315860232 47367.88568791716 4.2
7561.2 248766.4469917362 47408.03993808265 4.2
7565.4 248508.6239088895 47411.533220251644 4.2
7569.6 247737.2961474871 47316.869081915436 4.2
7573.8 246684.34511966692 47168.0584483779 4.2
7578.0 244789.08718110647 46857.59560915182 4.2
7582.2 245970.36351703576 47135.92129480264 4.2
7586.4 245675.46097541918 47131.58011593545 4.2
7590.6 241702.44435538907 46420.73365848586 4.2
7594.8 237402.10818791078 45645.29308551853 4.2
7599.0 237198.73343159907 45656.64553153245 4.2
7603.2 243090.74547621977 46842.492939385505 4.2
7607.4 251351.07689421767 48487.74644841347 4.2
7611.6 253786.98119904747 49011.72634719396 4.2
7615.8 250850.051110223 48498.019075359574 4.2
7620.0 245133.86460057335 47445.16922571177 4.2
7624.2 238100.71200941465 46134.731776234374 4.2
7628.4 234789.32094466194 45543.24801167922 4.2
7632.6 236714.16597157673 45967.19466795845 4.2
7636.8 239099.36387530575 46481.48558512495 4.2
7641.0 240286.21439751817 46763.606778465284 4.2
7645.2 240498.04616314653 46856.30090382501 4.2
7649.4 239703.57524758144 46752.84029966366 4.2
7653.6 239019.71972650214 46670.66617184108 4.2
7657.8 239164.77489962603 46750.25671361598 4.2
7662.0 239407.06332362667 46848.96491600093 4.2
7666.2 238882.84592334254 46797.64515051153 4.2
7670.4 237940.97125819942 46664.21882640561 4.2
7674.6 237280.34005132274 46585.63289204213 4.2
7678.8 236837.54044271063 46549.60498969584 4.2
7683.0 236739.97005552484 46581.34239427626 4.2
7687.2 234203.23735810042 46132.60724224051 4.2
7691.4 233246.1365401785 45994.29856009353 4.2
7695.6 232584.23966057858 45913.88054742395 4.2
7699.8 233359.97276070877 46117.313485335726 4.2
7704.0 233968.13136221963 46287.955629493394 4.2
7708.2 234088.0833200763 46362.19614430567 4.2
7712.4 234007.70794321172 46396.796989623435 4.2
7716.6 234054.6520192887 46456.6618185525 4.2
7720.8 234177.22186529657 46531.60148844864 4.2
7725.0 234228.79195889496 46592.49851047344 4.2
7729.2 233937.67229298846 46585.203824483 4.2
7733.4 233397.5573506336 46528.17303965672 4.2
7737.6 233094.8643360767 46518.317656421845 4.2
7741.8 233020.08664312927 46553.89256420412 4.2
7746.0 232771.7487954352 46554.75012649497 4.2
7750.2 232230.59495177216 46496.90011141464 4.2
7754.4 231579.89637503301 46416.88586114997 4.2
7758.6 230739.8099232752 46298.615052319445 4.2
7762.8 228745.4479546017 45948.146807672165 4.2
7767.0 225172.13435116247 45279.33083871685 4.2
7771.2 221889.6690776312 44667.53640109001 4.2
7775.4 221348.08765224792 44606.690205513536 4.2
7779.6 223756.01530259533 45140.66991667777 4.2
7783.8 226885.06967120589 45821.362625688475 4.2
7788.0 228476.41149853292 46192.556639804905 4.2
7792.2 228368.95935878533 46220.644821270704 4.2
7796.4 227818.52152718298 46158.95838024294 4.2
7800.6 227539.72945430342 46152.15664593938 4.2
7804.8 227305.3708216338 46154.2820802369 4.2
7809.0 227071.3850834493 46156.40761241655 4.2
7813.2 227115.8123657782 46215.11095025152 4.2
7817.4 227166.65638182315 46275.16756151762 4.2
7821.6 226728.46635627205 46235.54699857422 4.2
7825.8 225895.59666582147 46115.18975346534 4.2
7830.0 225198.62297632894 46022.26618731152 4.2
7834.2 224984.16156613998 46027.77696679152 4.2
7838.4 225124.31817285463 46105.84649503115 4.2
7842.6 225121.57817269707 46154.70717884182 4.2
7846.8 224557.7705525594 46088.439109847015 4.2
7851.0 223502.9707253213 45921.0701122149 4.2
7855.2 222535.22276861162 45771.16852666007 4.2
7859.4 222088.70394456558 45728.18877836671 4.2
7863.6 221802.49479727482 45718.081763078735 4.2
7867.8 221011.37756048408 45603.6915951295 4.2
7872.0 219969.81212108678 45437.2459530912 4.2
7876.2 219460.20647724858 45380.36660413578 4.2
7880.4 219329.33913670114 45401.68801112194 4.2
7884.6 218636.12592120032 45306.4464277553 4.2
7888.8 217251.7898602199 45067.55526835727 4.2
7893.0 216087.20350658274 44873.71238136991 4.2
7897.2 215905.13971481042 44883.6327297221 4.2
7901.4 216429.85008351423 45040.58265399491 4.2
7905.6 216888.02878394464 45183.929769337905 4.2
7909.8 216875.37835602785 45229.31391831895 4.2
7914.0 216453.77423047935 45189.34016507916 4.2
7918.2 215965.47087358724 45135.26534809187 4.2
7922.4 215647.14988402443 45116.562222209475 4.2
7926.6 215442.4944606838 45121.548964515314 4.2
7930.8 215418.62965638808 45164.37451173334 4.2
7935.0 215500.0585728751 45229.31391831895 4.2
7939.2 215315.73542833712 45238.479549163676 4.2
7943.4 214646.78581976285 45145.659323612075 4.2
7947.6 213708.23254347037 44995.802307114165 4.2
7951.8 212932.69853089878 44879.9123421101 4.2
7956.0 212494.5059385032 44834.878790823306 4.2
7960.2 212295.74788263562 44840.247390644974 4.2
7964.4 212236.03685353865 44874.95230499454 4.2
7968.6 212149.10334911165 44903.893584501646 4.2
7972.8 211882.70809674423 44894.79574310229 4.2
7977.0 211577.78714889774 44877.43225502688 4.2
7981.2 211454.4683902079 44898.51736449613 4.2
7985.4 211383.89879523724 44930.78434242828 4.2
7989.6 210994.52249660576 44895.20924135629 4.2
7993.8 210282.2901322987 44790.715495124074 4.2
7998.0 209520.46782389868 44675.353746136745 4.2
8002.2 208863.45202866182 44582.046447482906 4.2
8006.4 208525.26768094362 44556.59553395295 4.2
8010.6 208579.27912186124 44614.9078183533 4.2
8014.8 208671.85449360305 44681.52630072563 4.2
8019.0 208411.0913371138 44672.47351248579 4.2
8023.2 207798.313322217 44587.79543963753 4.2
8027.4 207200.80887165942 44506.14720158269 4.2
8031.6 206902.2019319387 44488.52427067876 4.2
8035.8 206805.94363003838 44514.34629201112 4.2
8040.0 206664.15526417264 44530.3388630818 4.2
8044.2 206387.56880437597 44517.21633049478 4.2
8048.4 206217.80028268718 44527.05786733707 4.2
8052.6 206293.24207520738 44589.84883078071 4.2
8056.8 206243.41387838894 44625.59297833721 4.2
8061.0 205778.22293645196 44571.37171428816 4.2
8065.2 205187.5338988617 44489.75355101516 4.2
8069.4 204824.90720742397 44457.393829094435 4.2
8073.6 204660.86108973582 44468.04126486818 4.2
8077.8 204436.79432217777 44465.583937992575 4.2
8082.0 203895.46317241134 44393.971612703004 4.2
8086.2 203192.79170207557 44286.97326365171 4.2
8090.4 202621.37876917436 44208.31885935205 4.2
8094.6 202092.62702603344 44138.74696395607 4.2
8098.8 201550.51228319996 44066.03753058235 4.2
8103.0 200913.71168880363 43972.38279504628 4.2
8107.2 199921.49042881755 43800.59397869466 4.2
8111.4 198696.22581027247 43577.268056520414 4.2
8115.6 197771.62765055537 43419.418218653635 4.2
8119.8 197123.58565297813 43321.95032118821 4.2
8124.0 196051.16404780853 43130.84830409665 4.2
8128.2 195437.76719718415 43040.37038434533 4.2
8132.4 196254.57578080535 43264.929463059794 4.2
8136.6 196532.9269066314 43371.056350043786 4.2
8140.8 196180.15987732634 43337.91365788412 4.2
8145.0 195599.20145843358 43254.17171311326 4.2
8149.2 195149.43654965964 43199.229418209325 4.2
8153.4 194439.16916317274 43086.37926737553 4.2
8157.6 193528.282375461 42928.725992994405 4.2
8161.8 193080.03009288505 42873.40732098704 4.2
8166.0 193238.87638102638 42952.8514484375 4.2
8170.2 192869.6440750252 42914.88963703691 4.2
8174.4 192490.58130638333 42874.59197337636 4.2
8178.6 192107.05678519997 42833.14860978413 4.2
8182.8 191982.38460932055 42849.326487162594 4.2
8187.0 191614.19278134906 42811.061865051684 4.2
8191.2 191292.61088783105 42783.07540064738 4.2
8195.4 191367.83513157218 42843.801647026594 4.2
8199.6 191467.87670602195 42910.14677025528 4.2
8203.8 190422.87873332517 42719.68089845937 4.2
8208.0 188847.20398792924 42409.58278510878 4.2
8212.2 188140.46775810063 42294.12066556984 4.2
8216.4 188855.70424012956 42498.343259829824 4.2
8220.6 188088.4906118879 42368.979138811796 4.2
8224.8 186572.0409674926 42070.33788141525 4.2
8229.0 186778.60612835115 42159.94153984243 4.2
8233.2 187909.1482398517 42458.4367388694 4.2
8237.4 188862.15632112988 42717.32018687892 4.2
8241.6 188650.5994966735 42712.99255446134 4.2
8245.8 186771.95339030866 42330.75358638397 4.2
8250.0 186029.30245627477 42205.397994767336 4.2
8254.2 185694.60203381575 42172.36920833436 4.2
8258.4 185724.5975985081 42222.11652667738 4.2
8262.6 185735.87554781997 42267.64001809163 4.2
8266.8 185683.96152483943 42298.79544286789 4.2
8271.0 185201.80415299968 42231.83964766062 4.2
8275.2 185715.5449392103 42392.009126034616 4.2
8279.4 186555.27117028358 42626.92452328773 4.2
8283.6 186568.798996153 42673.27750850149 4.2
8287.8 185909.99120706719 42565.72157892897 4.2
8292.0 184555.3621433725 42298.405858358245 4.2
8296.2 184424.5906904811 42311.264041925264 4.2
8300.4 183797.33554860987 42210.062965531164 4.2
8304.6 183520.17583278267 42189.07465677971 4.2
8308.8 183371.84058586808 42197.62418916189 4.2
8313.0 183036.49622618567 42163.04811358467 4.2
8317.2 182484.91303874867 42078.475793156314 4.2
8321.4 182384.72287893252 42097.85810997621 4.2
8325.6 181778.35610823645 42000.26204257208 4.2
8329.8 181836.09937833992 42056.003485146684 4.2
8334.0 181241.7564980686 41960.82322663323 4.2
8338.2 181242.74824924432 42003.356850260694 4.2
8342.4 181668.33494441834 42144.4121041803 4.2
8346.6 181463.8215620988 42139.36626932305 4.2
8350.8 181293.0225374352 42142.083182249866 4.2
8355.0 180837.4382862639 42078.475793156314 4.2
8359.2 180925.51702950467 42141.30690353939 4.2
8363.4 181454.4058954174 42306.97754649213 4.2
8367.6 181457.71269242096 42350.25210817653 4.2
8371.8 180873.75946124882 42256.35184450609 4.2
8376.0 180527.72838591455 42217.839062654944 4.2
8380.2 180642.72986083647 42287.109468318435 4.2
8384.4 180568.20304696553 42312.04345139077 4.2
8388.6 180110.18923756684 42247.01218760044 4.2
8392.8 179827.2515631407 42222.89429396949 4.2
8397.0 179957.08443338942 42295.67886726092 4.2
8401.2 180053.93093434552 42360.785044175725 4.2
8405.4 179753.139100501 42332.313137706944 4.2
8409.6 179196.9346391322 42243.51034848422 4.2
8413.8 179003.23752728538 42240.00879963378 4.2
8418.0 179481.38488062422 42395.132799778155 4.2
8422.2 179863.13303996425 42527.71021714984 4.2
8426.4 179244.20030483318 42423.64695755358 4.2
8430.6 177620.17204635576 42081.1887802025 4.2
8434.8 175620.68873073012 41648.94453326243 4.2
8439.0 173935.11991861684 41290.29635781893 4.2
8443.2 173261.91135655818 41171.43459471444 4.2
8447.4 174421.14619186413 41488.14334962618 4.2
8451.6 176571.00374666599 42041.28675661466 4.2
8455.8 177040.18310657155 42194.90369548946 4.2
8460.0 175205.8200578658 41799.20290284517 4.2
8464.2 173433.67281272818 41417.51135659404 4.2
8468.4 173629.105458616 41505.3423100406 4.2
8472.6 175556.06908597398 42007.612583186004 4.2
8476.8 177841.61004461156 42596.70438729926 4.2
8481.0 179202.11387113325 42965.117121240364 4.2
8485.2 178683.7622565799 42883.280424484765 4.2
8489.4 175826.0666646524 42239.23071708338 4.2
8493.6 171429.5345650105 41223.79786905024 4.2
8497.8 167611.6663154941 40345.58342071571 4.2
8502.0 166715.14460591457 40169.46059851501 4.2
8506.2 169174.1781029721 40802.239431223985 4.2
8510.4 173234.0699403101 41822.69357916618 4.2
8514.6 177102.525309583 42798.84017191169 4.2
8518.8 179695.17262641687 43468.234369639446 4.2
8523.0 180193.9800210606 43631.88741775098 4.2
8527.2 178321.76592293574 43221.11834023392 4.2
8531.4 174078.30347841297 42234.173529854044 4.2
8535.6 167599.66461641598 40702.398315576196 4.2
8539.8 161219.60591965276 39191.510304549025 4.2
8544.0 158775.23907588096 38635.274303080034 4.2
8548.2 161425.41268253388 39318.776931469685 4.2
8552.4 167131.08978789012 40748.53504606403 4.2
8556.6 172970.0034940698 42213.56203197644 4.2
8560.8 177219.92671122408 43293.23113134846 4.2
8565.0 179815.2495692675 43970.35783861016 4.2
8569.2 181027.55946078736 44310.22955934633 4.2
8573.4 180723.68837770078 44279.22387787044 4.2
8577.6 178692.2325870292 43824.40213126724 4.2
8581.8 174749.71522012728 42899.477236412575 4.2
8586.0 168897.60313175147 41503.43096240143 4.2
8590.2 161797.08913812268 39797.51911434291 4.2
8594.4 155871.28985834136 38377.439878024736 4.2
8598.6 154322.6818463667 38033.299205502924 4.2
8602.8 157882.35720680174 38948.61330378605 4.2
8607.0 164599.93098769247 40645.45597645757 4.2
8611.2 171698.26337402337 42439.67016809768 4.2
8615.4 177028.16307431075 43799.78714936767 4.2
8619.6 180286.42616692875 44649.43832709642 4.2
8623.8 182352.57602156137 45205.158882893404 4.2
8628.0 183608.58423051282 45560.86910994727 4.2
8632.2 183688.62647354015 45625.11792861537 4.2
8636.4 182305.49416771912 45325.645733068624 4.2
8640.6 179551.67179788175 44684.407118049865 4.2
8644.8 175475.04171581392 43712.3343962462 4.2
8649.0 169621.7191293553 42295.28931145656 4.2
8653.2 161400.08960789818 40284.31655461525 4.2
8657.4 152134.0010415429 38008.43606200693 4.2
8661.6 145255.64098989524 36325.19881866447 4.2
8665.8 143947.43528812032 36032.96501281595 4.2
8670.0 148827.4565527044 37290.65399621527 4.2
8674.2 156792.89968499664 39324.57158752186 4.2
8678.4 164044.5957637455 41183.191563775494 4.2
8682.6 169684.30223725335 42640.27530203901 4.2
8686.8 174465.52006210422 43884.18123908339 4.2
8691.0 178586.9642456536 44964.31690232251 4.2
8695.2 181600.94461976274 45767.37457153656 4.2
8699.4 183099.2874637601 46189.578591622085 4.2
8703.6 183381.45224658854 46305.43837112212 4.2
8707.8 183292.36015642708 46327.62110289195 4.2
8712.0 182933.61691760088 46281.56115382148 4.2
8716.2 181653.12809946726 46001.924408814324 4.2
8720.4 179333.0943671034 45458.175396943836 4.2
8724.6 176144.95341014987 44693.05068450644 4.2
8728.8 171713.39274928684 43610.593795081746 4.2
8733.0 165857.20192886068 42163.82479278639 4.2
8737.2 158485.19572283837 40328.49359967455 4.2
8741.4 149532.38744666008 38086.93282996522 4.2
8745.6 141246.61045392527 36011.067861360265 4.2
8749.8 137510.8613249067 35092.31345891321 4.2
8754.0 140274.96537168883 35832.07842748464 4.2
8758.2 147903.87005677502 37817.08067210403 4.2
8762.4 156718.08110029472 40109.20001604075 4.2
8766.6 164199.13784128064 42064.13862410122 4.2
8770.8 169833.29627442785 43549.18180844025 4.2
8775.0 173821.30431444774 44614.49690175891 4.2
8779.2 176634.43317934524 45379.948637437905 4.2
8783.4 178739.2504539366 45964.654497093616 4.2
8787.6 180366.83907745773 46427.574974677475 4.2
8791.8 181413.52193440293 46741.64579119934 4.2
8796.0 181619.64118942225 46839.47298961128 4.2
8800.2 181160.77503027755 46765.76037173077 4.2
8804.4 180638.25302066692 46675.39479130314 4.2
8808.6 180479.3327273386 46678.83408819387 4.2
8812.8 180330.5993991897 46684.85346757101 4.2
8817.0 179471.53327875523 46506.750957123084 4.2
8821.2 178022.0989062044 46175.11651697496 4.2
8825.4 176508.02601411953 45826.00519466943 4.2
8829.6 174652.65646337514 45387.4726270214 4.2
8833.8 171889.8093055414 44711.99005391516 4.2
8838.0 168010.82340793082 43744.55470344797 4.2
8842.2 162929.82345002313 42461.95639463129 4.2
8846.4 156247.1518412507 40759.04502178041 4.2
8850.6 147667.1278737895 38557.42300317688 4.2
8854.8 138339.9906323379 36156.301564195965 4.2
8859.0 130951.914262859 34257.84183966635 4.2
8863.2 128627.00456057405 33681.5446333679 4.2
8867.4 132921.93525220253 34839.18604951574 4.2
8871.6 141316.65539117678 37074.559527544465 4.2
8875.8 149693.25757118242 39309.3624364712 4.2
8880.0 156405.24869770356 41110.80680969398 4.2
8884.2 161760.5448941741 42558.66535774641 4.2
8888.4 165968.6545455708 43707.100838354156 4.2
8892.6 168953.71258829575 44535.26081000693 4.2
8896.8 170947.04550307276 45103.26693694761 4.2
8901.0 172172.44728865766 45469.481304895875 4.2
8905.2 172522.56221893674 45604.951689103495 4.2
8909.4 172378.99304926922 45609.99241319148 4.2
8913.6 172745.5913322106 45750.094977328925 4.2
8917.8 173417.85029677176 45971.428598023354 4.2
8922.0 172942.13531725804 45888.51460887914 4.2
8926.2 171574.2179164601 45568.42309612157 4.2
8930.4 171010.75771030434 45461.52500249083 4.2
8934.6 171297.50078525647 45580.59604166609 4.2
8938.8 171023.11567109532 45550.379539846 4.2
8943.0 169430.18818735954 45168.534495924374 4.2
8947.2 166937.9069007788 44545.92689472986 4.2
8951.4 165995.12206683683 44335.948094894105 4.2
8955.6 164811.63940142578 44061.167441264406 4.2
8959.8 163177.63098956153 43665.2549264974 4.2
8964.0 161466.17562191654 43247.79801245281 4.2
8968.2 160037.84138314443 42905.404427645706 4.2
8972.4 158867.84384309244 42631.63608545988 4.2
8976.6 157379.98807851324 42271.92252789058 4.2
8980.8 155132.64775947295 41707.29271183634 4.2
8985.0 153301.03671553466 41253.42395592792 4.2
8989.2 150686.7855058611 40587.84563659691 4.2
8993.4 147395.91069035808 39738.54850764953 4.2
8997.6 144134.48160423362 38895.557435174116 4.2
9001.8 137558.21619638486 37155.576146001855 4.2
9006.0 128303.16491821318 34688.059063667904 4.2
9010.2 120119.18929844607 32505.735711765938 4.2
9014.4 116384.62299324684 31524.484967494223 4.2
9018.6 119427.13237094221 32378.744143249427 4.2
9022.8 127776.3837921019 34674.64312781294 4.2
9027.0 138004.856488518 37485.21447121254 4.2
9031.2 145695.565902445 39611.017646001776 4.2
9035.4 148204.87430278346 40330.72229617158 4.2
9039.6 149387.69550076287 40690.40382907771 4.2
9043.8 152232.49163163907 41503.81322488797 4.2
9048.0 153979.91334464552 42019.22131922136 4.2
9052.2 155130.42177502665 42372.49137885149 4.2
9056.4 153071.40293984395 41848.89546800595 4.2
9060.6 152449.96844997533 41717.66573733124 4.2
9064.8 152367.6613185843 41733.806682906354 4.2
9069.0 152349.99732200467 41767.64606031187 4.2
9073.2 152656.84642088966 41890.54397652331 4.2
9077.4 152396.25972100624 41857.761586205655 4.2
9081.6 151172.40274466545 41560.044126610956 4.2
9085.8 150999.291395283 41550.85837024102 4.2
9090.0 150596.01789637143 41478.2094211439 4.2
9094.2 150628.88201746801 41525.608007454524 4.2
9098.4 151107.91126225254 41696.154186958105 4.2
9102.6 151915.58740853835 41957.73155282202 4.2
9106.8 152115.56573725978 42051.742849806265 4.2
9111.0 151681.69091533846 41970.486175683436 4.2
9115.2 151687.17057215018 42010.70793250242 4.2
9119.4 151863.26190602782 42098.24584736398 4.2
9123.6 151653.62006661406 42078.86335202519 4.2
9127.8 150484.9344444647 41793.043598514596 4.2
9132.0 149438.13850757474 41540.5268211097 4.2
9136.2 148891.5525438199 41426.66763359272 4.2
9140.4 150635.33285387006 41950.38974044881 4.2
9144.6 150714.77439546052 42011.09486720335 4.2
9148.8 150065.54415207298 41868.55765672244 4.2
9153.0 148486.2809955328 41465.98631283893 4.2
9157.2 147563.8085116455 41246.2053841119 4.2
9161.4 148316.5325787144 41494.63989688187 4.2
9165.6 148273.47109479818 41520.636260314364 4.2
9169.8 147203.2937686497 41258.74371196397 4.2
9174.0 146448.11401368532 41084.68863766416 4.2
9178.2 146475.9153225479 41130.12221653423 4.2
9182.4 146014.7872201105 41038.1713038576 4.2
9186.6 145532.3830903164 40940.01524061447 4.2
9190.8 143833.02805901767 40498.97204650972 4.2
9195.0 142271.4597630344 40095.90312277175 4.2
9199.2 141234.60927031972 39840.06148527185 4.2
9203.4 140638.64032798025 39708.18165493949 4.2
9207.6 137748.97192447077 38927.8125210058 4.2
9211.8 133225.77463700683 37683.913652741016 4.2
9216.0 126545.97100452473 35827.12838485095 4.2
9220.2 118238.95190979264 33505.80063170873 4.2
9224.4 108797.02012143635 30858.30022208664 4.2
9228.6 104968.16608238844 29799.432948978945 4.2
9232.8 106836.19169710403 30357.35994101465 4.2
9237.0 118065.59700043961 33578.70940119134 4.2
9241.2 123812.50654551941 35245.201677586345 4.2
9245.4 133223.80814683868 37958.75852502123 4.2
9249.6 135972.58392834815 38777.16012334611 4.2
9253.8 136974.91410877655 39098.49134270599 4.2
9258.0 136959.10263800624 39129.47310679134 4.2
9262.2 137865.92709659506 39424.30082304236 4.2
9266.4 139383.4365634636 39894.40571394603 4.2
9270.6 140206.95869698658 40166.500912317766 4.2
9274.8 141040.60039092947 40441.941813397076 4.2
9279.0 140718.4054508833 40386.107783648615 4.2
9283.2 140572.97642518717 40380.900542193216 4.2
9287.4 140634.84972909198 40435.237656251324 4.2
9291.6 139800.34530009067 40231.66441122507 4.2
9295.8 138444.50160634803 39877.50700542854 4.2
9300.0 137391.33946672725 39609.923168257454 4.2
9304.2 137492.55427822814 39674.91454410943 4.2
9308.4 137672.49393910368 39762.712218057655 4.2
9312.6 136839.461397964 39557.78812372009 4.2
9316.8 135407.8084562752 39179.239342898385 4.2
9321.0 134244.41873158378 38877.64949279966 4.2
9325.2 133906.27983553303 38814.67910101237 4.2
9329.4 133653.95875281733 38776.445828237825 4.2
9333.6 131940.73072653043 38313.8681180661 4.2
9337.8 129905.67355538374 37756.87133730353 4.2
9342.0 129860.63698428705 37777.74232182251 4.2
9346.2 130697.44996310043 38055.37448625317 4.2
9350.4 131007.71591081186 38180.00667629732 4.2
9354.6 131482.15417898947 38352.70500259189 4.2
9358.8 131964.44085056023 38527.95872656922 4.2
9363.0 131519.82064662533 38432.62071909496 4.2
9367.2 130205.60167021352 38082.72353920216 4.2
9371.4 129049.49343931054 37778.43821996226 4.2
9375.6 129169.24288558116 37847.3956282464 4.2
9379.8 130445.79928495525 38255.6865172871 4.2
9384.0 131648.90661439922 38643.103664862654 4.2
9388.2 132732.2904837174 38995.99445821497 4.2
9392.4 133680.51037981798 39309.72449074642 4.2
9396.6 132789.51198468343 39082.64969469109 4.2
9400.8 130490.72023667593 38440.40901353034 4.2
9405.0 129778.77035955407 38264.848659510855 4.2
9409.2 130205.05787031825 38424.834002622236 4.2
9413.4 131580.7107429569 38865.4768017682 4.2
9417.6 132496.6121762587 39170.940576938956 4.2
9421.8 131727.81634542905 38978.39927620187 4.2
9426.0 129627.86968914405 38391.227656255774 4.2
9430.2 129285.98471663015 38324.103114112186 4.2
9434.4 129761.14936200317 38499.22614098567 4.2
9438.6 128972.78911971748 38299.402615078376 4.2
9442.8 128855.71111044267 38298.6971205082 4.2
9447.0 130180.34675228692 38726.83453936123 4.2
9451.2 130146.15671617196 38751.09687463579 4.2
9455.4 127292.09753592478 37934.99227838001 4.2
9459.6 126510.83130433326 37735.66432341764 4.2
9463.8 127184.48838312717 37970.29751036089 4.2
9468.0 128341.9862374199 38349.879174962334 4.2
9472.2 128312.07730042622 38374.96567279734 4.2
9476.4 127412.04508230681 38139.588236919706 4.2
9480.6 127035.64816504702 38060.632393728 4.2
9484.8 127806.48754425587 38325.5150522573 4.2
9489.0 127616.95015371432 38302.57750147187 4.2
9493.2 124910.80108198206 37523.55699341511 4.2
9497.4 123636.81131602054 37173.71799525562 4.2
9501.6 125796.27110320091 37856.45998581291 4.2
9505.8 126938.07544707408 38233.84718403186 4.2
9510.0 126052.71982770361 38000.73528829832 4.2
9514.2 124659.30508110148 37613.86833460856 4.2
9518.4 122341.37339830701 36947.06971077544 4.2
9522.6 119971.52259832727 36263.35654319213 4.2
9526.8 117777.7243283439 35631.6554351125 4.2
9531.0 114359.51783967161 34628.047135115245 4.2
9535.2 110006.32115307401 33339.26337961423 4.2
9539.4 102581.99366713855 31116.5901770072 4.2
9543.6 95497.67486845428 28993.18989333015 4.2
9547.8 93630.77721127823 28451.423488420485 4.2
9552.0 97174.56991181793 29554.253898838284 4.2
9556.2 102828.80619447007 31301.417123066723 4.2
9560.4 108935.42404528853 33189.44575526083 4.2
9564.6 114477.36657134401 34908.565283868484 4.2
9568.8 119735.32572246769 36543.99308072435 4.2
9573.0 121385.03192928078 37080.02343912885 4.2
9577.2 122324.13151426437 37399.68979173149 4.2
9581.4 122257.44408004984 37412.09254724294 4.2
9585.6 121730.2882011409 37283.44204175952 4.2
9589.8 120958.99089108284 37079.681921064985 4.2
9594.0 121349.45395895337 37231.96862780471 4.2
9598.2 121943.22158369639 37446.91112837189 4.2
9602.4 122340.33589089531 37601.745010210325 4.2
9606.6 123245.15033405306 37912.98682931803 4.2
9610.8 124106.39921134984 38211.316433429565 4.2
9615.0 123458.97801067738 38045.211258003845 4.2
9619.2 122083.04293176312 37654.07644743534 4.2
9623.4 121707.17422638602 37570.93472640162 4.2
9627.6 122704.69441819827 37911.939269250885 4.2
9631.8 123387.26636175247 38156.10190462724 4.2
9636.0 122822.99182058792 38014.73785576391 4.2
9640.2 122963.7690551084 38091.49341998543 4.2
9644.4 123380.58525010852 38253.92481838184 4.2
9648.6 123399.28692206106 38293.05363176533 4.2
9652.8 123025.35836358169 38210.2606303247 4.2
9657.0 122440.41471298975 38061.68406239479 4.2
9661.2 121816.77825799257 37900.76709604942 4.2
9665.4 121662.73938979174 37885.75967254196 4.2
9669.6 122202.54102330915 38086.93282996522 4.2
9673.8 123198.9612178748 38430.850872256524 4.2
9678.0 124363.8101682506 38827.9087221167 4.2
9682.2 124867.42503006976 39018.98788287609 4.2
9686.4 125013.36813037246 39098.49134270599 4.2
9690.6 124156.05930347792 38864.04497106352 4.2
9694.8 123919.46973518604 38823.61754019743 4.2
9699.0 123546.75302864604 38740.39103001101 4.2
9703.2 123551.2912503771 38775.37441024677 4.2
9707.4 123754.04523834023 38872.636746604556 4.2
9711.6 123609.45222060378 38860.82354484076 4.2
9715.8 122954.41340373798 38688.33146097994 4.2
9720.0 122113.79404349258 38457.052930529026 4.2
9724.2 122207.39585308147 38519.7979118695 4.2
9728.4 121796.39012065534 38423.41840549917 4.2
9732.6 121570.30474504808 38385.21699017201 4.2
9736.8 122082.31495491942 38580.157830517295 4.2
9741.0 122045.61158376171 38601.839440143114 4.2
9745.2 121902.25561372738 38589.75310594162 4.2
9749.4 121003.37301137146 38338.22483663493 4.2
9753.6 120434.62723066255 38190.90940926406 4.2
9757.8 120349.81581236793 38196.88964910361 4.2
9762.0 120205.30869380514 38183.87503167884 4.2
9766.2 121727.87117959715 38700.80511592868 4.2
9770.4 121453.08943223047 38646.66299015082 4.2
9774.6 120921.42781466158 38510.57472455073 4.2
9778.8 120724.14186449093 38480.79182498831 4.2
9783.0 120296.54316836887 38377.439878024736 4.2
9787.2 120076.03214310308 38339.99041778889 4.2
9791.4 120124.52105312451 38388.398990276466 4.2
9795.6 120742.22360749757 38618.90894489868 4.2
9799.8 120817.77399638918 38676.21804590621 4.2
9804.0 120043.5000801244 38461.30359599144 4.2
9808.2 120843.31452136472 38750.739965487366 4.2
9812.4 121433.57116975368 38973.37353968714 4.2
9816.6 121544.43094816759 39042.35445699569 4.2
9820.8 121039.61154203274 38913.47362635939 4.2
9825.0 120499.19251033232 38772.874550058994 4.2
9829.2 120593.78068548482 38836.49250892348 4.2
9833.4 121413.18262114192 39133.79809498526 4.2
9837.6 122096.42127047273 39387.64364157408 4.2
9841.8 121717.26472265199 39298.86431293029 4.2
9846.0 121097.05787989039 39131.99595847886 4.2
9850.2 121449.33959349447 39279.32355321931 4.2
9854.4 122502.48010388167 39653.725875007585 4.2
9858.6 123303.31781915942 39946.98440242568 4.2
9862.8 123506.2119563593 40046.81670400184 4.2
9867.0 123272.72555324744 40005.15892198472 4.2
9871.2 122933.24689005385 39928.960129133 4.2
9875.4 122756.32080525842 39905.430468668834 4.2
9879.6 122821.5381086493 39960.59995922391 4.2
9883.8 122911.73725144772 40023.95485376645 4.2
9888.0 122566.65652959433 39945.51272824216 4.2
9892.2 122019.00467554913 39800.818189349084 4.2
9896.4 121815.56208868168 39768.20601925232 4.2
9900.6 121978.20142230904 39855.10888781853 4.2
9904.8 122558.04751176389 40078.54992400303 4.2
9909.0 123194.01171235477 40320.694131766606 4.2
9913.2 122929.89715931161 40268.365326036575 4.2
9917.4 122092.6709417579 40028.01003590534 4.2
9921.6 121908.4548365928 40001.474480358884 4.2
9925.8 122002.91700047883 40066.370251197084 4.2
9930.0 121467.12651479982 39924.179544263956 4.2
9934.2 120851.33614698634 39755.3883303608 4.2
9938.4 120803.72062401315 39773.33425186221 4.2
9942.6 120966.55688015374 39860.615454966355 4.2
9946.8 120951.28406324393 39889.261870811024 4.2
9951.0 120627.90970635638 39816.217489115385 4.2
9955.2 120131.60401099698 39685.878642801195 4.2
9959.4 119881.15101475986 39636.564047153624 4.2
9963.6 119961.16832277323 39696.48015162642 4.2
9967.8 120120.91281775887 39782.85986696165 4.2
9972.0 120172.39456779686 39833.457103263536 4.2
9976.2 119856.87779590236 39762.34599163082 4.2
9980.4 119153.10378925619 39562.16045365527 4.2
9984.6 118497.15207148134 39377.48729031568 4.2
9988.8 118393.16196079378 39376.03659679465 4.2
9993.0 118766.36920420722 39533.38482761407 4.2
9997.2 118702.67162847781 39545.40247955178 4.2
10001.4 117706.28713859546 39246.415735345836 4.2
10005.6 116355.51722726008 38828.62396521494 4.2
10009.8 115189.91408576028 38471.932315253944 4.2
10014.0 114076.99711686686 38132.212099902805 4.2
10018.2 113846.02186673785 38086.93282996522 4.2
10022.4 113071.6660491477 37859.598153813145 4.2
10026.6 111963.86335120538 37520.10110524845 4.2
10030.8 109882.8998682131 36853.606974847535 4.2
10035.0 106481.5835280272 35742.75300404053 4.2
10039.2 100286.6310325102 33691.473088097395 4.2
10043.4 93265.22348216396 31358.84077614419 4.2
10047.6 91294.49280645043 30721.894964022686 4.2
10051.8 91315.72614052857 30754.735761144842 4.2
10056.0 94949.94671776654 32005.45458377819 4.2
10060.2 100064.49899548618 33757.633980287086 4.2
10064.4 105201.38963860189 35520.24887250013 4.2
10068.6 109212.1807434718 36905.23711493772 4.2
10072.8 111724.6062804626 37785.74592442654 4.2
10077.0 112553.43082628712 38097.80898464188 4.2
10081.2 112052.30460800331 37959.807378770085 4.2
10085.4 112123.07492374117 38015.43811956326 4.2
10089.6 112061.73872078907 38026.2938581163 4.2
10093.8 112101.61364878531 38071.501038017464 4.2
10098.0 114223.25236522968 38824.33270424845 4.2
10102.2 115168.39915269181 39178.15679546497 4.2
10106.4 114482.81204073883 38977.322278107924 4.2
10110.6 113827.55222053699 38786.44715720737 4.2
10114.8 113748.75579223045 38791.8060730818 4.2
10119.0 113665.86542554088 38795.73641529055 4.2
10123.2 113847.00774604506 38889.82599632537 4.2
10127.4 114446.18692449358 39126.95041775284 4.2
10131.6 114670.89022414522 39236.29580059025 4.2
10135.8 114303.9371740286 39143.17054275822 4.2
10140.0 114298.71416978052 39173.826904837224 4.2
10144.2 115056.0999374217 39466.08073694533 4.2
10148.4 115840.94759106629 39768.20601925232 4.2
10152.6 116225.84250799815 39933.373484781696 4.2
10156.8 115991.84412915475 39885.95546474101 4.2
10161.0 114866.22592058232 39531.56428988198 4.2
10165.2 113731.66552343195 39173.46610221894 4.2
10169.4 113679.61512577452 39187.90079927961 4.2
10173.6 114594.54330852516 39535.93372129207 4.2
10177.8 115369.08010073545 39836.025343939764 4.2
10182.0 114825.69145329723 39681.12716141141 4.2
10186.2 113776.57513588303 39351.02054438663 4.2
10190.4 114245.41816791723 39545.766707846145 4.2
10194.6 115773.42304927977 40107.72236572325 4.2
10198.8 116330.90431158776 40334.06557185514 4.2
10203.0 115387.15923765408 40039.8092657177 4.2
10207.2 113815.13185788339 39526.831284126376 4.2
10211.4 113052.11129427441 39294.159167704296 4.2
10215.6 113478.47631109791 39474.80560609955 4.2
10219.8 113419.69135351709 39486.80545069076 4.2
10224.0 112128.38657352279 39069.33327708791 4.2
10228.2 111484.58759546884 38876.933346626465 4.2
10232.4 112248.93693322621 39175.63096777425 4.2
10236.6 113286.4031157956 39570.177647079705 4.2
10240.8 113479.51880992088 39670.164375420776 4.2
10245.0 112581.05891876042 39388.36919546522 4.2
10249.2 111521.17046417568 39049.54698690132 4.2
10253.4 111935.91518571266 39226.90105488853 4.2
10257.6 113718.13685368311 39884.11869090491 4.2
10261.8 114671.14856774537 40251.30821349336 4.2
10266.0 114029.89774390166 40058.99043277496 4.2
10270.2 113292.05450424655 39832.356479375114 4.2
10274.4 112846.55765867376 39708.18165493949 4.2
10278.6 113305.0648725406 39902.12272238977 4.2
10282.8 112789.96891446822 39753.1914271152 4.2
10287.0 110301.08260233143 38907.739547477984 4.2
10291.2 108808.0977909515 38412.44929591198 4.2
10295.4 109881.0511841191 38822.9023893201 4.2
10299.6 111438.82841089132 39405.423559985225 4.2
10303.8 110513.26607597983 39110.01657426896 4.2
10308.0 108470.69803670053 38418.46422624894 4.2
10312.2 106248.44924839231 37662.053850154116 4.2
10316.4 106820.08252396493 37895.531273255765 4.2
10320.6 108526.39131962627 38532.21722926323 4.2
10324.8 107411.29661358081 38167.34934397534 4.2
10329.0 103524.87144355958 36816.28811354834 4.2
10333.2 101574.24061629949 36151.972669388306 4.2
10337.4 103741.99895492924 36953.53588320578 4.2
10341.6 104341.66993906719 37197.34990275651 4.2
10345.8 106364.59665667398 37949.320145309044 4.2
10350.0 108125.60615195488 38608.950816709286 4.2
10354.2 107632.6804015857 38464.1376339782 4.2
10358.4 106804.09374081959 38199.000545558185 4.2
10362.6 104841.15230218573 37527.358838052285 4.2
10366.8 100354.26040790619 35950.422607106135 4.2
10371.0 98553.48500001409 35333.934529768005 4.2
10375.2 101418.29386150476 36390.49809220765 4.2
10379.4 105348.59710122603 37831.3640043778 4.2
10383.6 103315.46987562055 37131.286787973084 4.2
10387.8 103889.126777534 37367.66836768213 4.2
10392.0 105324.88135716884 37914.73282708652 4.2
10396.2 102470.77082753189 36917.135875525244 4.2
10400.4 98476.62806091676 35506.83810790161 4.2
10404.6 98566.75919167098 35568.04542454406 4.2
10408.8 102449.99156934312 36999.17156108117 4.2
10413.0 105459.45386127285 38116.76196202355 4.2
10417.2 104993.7023119279 37979.041501113774 4.2
10421.4 99358.52224084201 35969.63244406053 4.2
10425.6 90574.74877891438 32816.17809741512 4.2
10429.8 86881.09654736932 31503.296451121216 4.2
10434.0 92690.57791587341 33636.90278130348 4.2
10438.2 102086.90256486375 37076.608400031 4.2
10442.4 117977.88457724241 42882.49049254227 4.2
10446.6 117004.7041768849 42562.97735390615 4.2
