3063.0 187073.064713906 5850.378979602867 4.2
3067.2 213918.85415643384 6708.292642407107 4.2
3071.4 222573.00782906546 6998.806717688511 4.2
3075.6 236555.77248193906 7458.852173783572 4.2
3079.8 259336.84641052756 8199.511890558417 4.2
3084.0 283363.8965965387 8983.632963026297 4.2
3088.2 302930.09249113355 9630.126677530734 4.2
3092.4 319814.3345184377 10194.548585852133 4.2
3096.6 339380.6177232075 10847.658387127865 4.2
3100.8 360138.65971750725 11542.396793753956 4.2
3105.0 378210.90407729364 12154.469271605967 4.2
3109.2 391503.7593481528 12615.718795490526 4.2
3113.4 399509.7774728569 12908.506566007474 4.2
3117.6 413881.9333769913 13408.987934635556 4.2
3121.8 440472.8071622589 14308.957705807448 4.2
3126.0 467936.91480838455 15242.071691100324 4.2
3130.2 490561.07006736315 16021.973164750389 4.2
3134.4 511093.5702702614 16737.40018217256 4.2
3138.6 533203.8958192181 17508.300825489187 4.2
3142.8 552570.5893058392 18192.81905238542 4.2
3147.0 566249.4183217334 18693.042785119615 4.2
3151.2 577842.28487019 19126.697971303223 4.2
3155.4 592854.8981220514 19675.963126329993 4.2
3159.6 610026.9816784598 20299.811258810205 4.2
3163.8 625269.4518092981 20862.387126774884 4.2
3168.0 637721.279656102 21334.378707317603 4.2
3172.2 649926.3323305572 21800.376796944438 4.2
3176.4 663044.8101011168 22299.33952251732 4.2
3180.6 677658.898460267 22851.14678367777 4.2
3184.8 691265.568626401 23371.576060717824 4.2
3189.0 700190.5034787875 23735.80689076266 4.2
3193.2 707087.2618592301 24032.7793983913 4.2
3197.4 716155.4700894528 24405.06675968229 4.2
3201.6 728791.1868319828 24900.954802060336 4.2
3205.8 741768.5324283603 25410.897243611937 4.2
3210.0 749713.2560860702 25750.401206788254 4.2
3214.2 753743.2938752183 25956.611682091298 4.2
3218.4 757490.5436927845 26153.872366126165 4.2
3222.6 762529.1476041322 26396.60052254401 4.2
3226.8 769132.4914086739 26694.63579557289 4.2
3231.0 777054.2474583683 27039.832686004127 4.2
3235.2 784388.0829508714 27366.042683181313 4.2
3239.4 787161.9610514041 27534.17066668986 4.2
3243.6 789890.1009982585 27701.290391637045 4.2
3247.8 794530.7313353178 27936.24301933313 4.2
3252.0 800719.0866809121 28226.693013567776 4.2
3256.2 809280.564861914 28602.236939542716 4.2
3260.4 817386.5474010512 28963.297153522934 4.2
3264.6 821253.6299162251 29175.3449796431 4.2
3268.8 819159.6582499237 29175.88241430858 4.2
3273.0 814864.2113409713 29097.52165017428 4.2
3277.2 814058.0257594337 29143.38542909354 4.2
3281.4 819639.5518727632 29418.464436686194 4.2
3285.6 829453.177176493 29846.952883013244 4.2
3289.8 836970.7141831529 30194.51095802943 4.2
3294.0 840098.2210167754 30384.77326952125 4.2
3298.2 838685.7808627245 30411.090946201162 4.2
3302.4 833178.2102294961 30288.376837852466 4.2
3306.6 829693.9664427114 30238.483017361832 4.2
3310.8 830140.0400957915 30331.647487451584 4.2
3315.0 831936.5200867895 30474.458683169167 4.2
3319.2 830451.7623542022 30497.20225700153 4.2
3323.4 826745.8501662364 30437.992101225682 4.2
3327.6 823984.4643740573 30413.051684898142 4.2
3331.8 823727.2001985589 30480.35353611303 4.2
3336.0 822903.9951216598 30526.70993231154 4.2
3340.2 822963.0025533008 30605.818609245107 4.2
3344.4 824283.9151019675 30732.083180935948 4.2
3348.6 826103.9693661539 30877.348533809294 4.2
3352.8 828289.1244842083 31036.732990953635 4.2
3357.0 827748.8236384549 31094.24384267854 4.2
3361.2 823388.0220828386 31007.874669317476 4.2
3365.4 817409.8634865014 30859.72133205008 4.2
3369.6 813685.4603519813 30795.836129533265 4.2
3373.8 813239.7289401646 30855.742389066192 4.2
3378.0 814722.9764297226 30989.031253914327 4.2
3382.2 815377.42716242 31091.093727992855 4.2
3386.4 811971.421304491 31038.162318239207 4.2
3390.6 806945.3797868902 30922.599811180775 4.2
3394.8 803809.0058608914 30878.77052100061 4.2
3399.0 803531.5350257709 30944.53777997091 4.2
3403.2 803885.7117752596 31034.732043333064 4.2
3407.4 803827.7900103584 31109.13961507615 4.2
3411.6 803387.4501162774 31168.79409741541 4.2
3415.8 802883.2291202585 31225.97444845396 4.2
3420.0 800138.2695006779 31195.790851292433 4.2
3424.2 795256.0996575062 31081.645298608713 4.2
3428.4 790326.0224641786 30964.780088336218 4.2
3432.6 787652.8674980721 30935.703739687156 4.2
3436.8 785352.6895040136 30920.89101238039 4.2
3441.0 782556.8718898403 30886.16591010363 4.2
3445.2 780082.2168761194 30863.70078813117 4.2
3449.4 779539.5187895048 30917.473698061727 4.2
3453.6 778934.9370960633 30968.773092067146 4.2
3457.8 777058.1410286594 30969.343563203605 4.2
3462.0 774431.7105131939 30939.692993933655 4.2
3466.2 771787.9948951303 30908.93206450015 4.2
3470.4 768659.8297430469 30858.30022208664 4.2
3474.6 766209.6618167188 30834.435357364036 4.2
3478.8 766645.0429482465 30926.587375635347 4.2
3483.0 767054.6478221796 31017.872038413603 4.2
3487.2 765518.2393125339 31030.44473281488 4.2
3491.4 762686.46553867 30990.172953047568 4.2
3495.6 761422.6530912974 31013.301412652483 4.2
3499.8 762729.951745665 31141.24705820384 4.2
3504.0 764435.8739657913 31285.85297175323 4.2
3508.2 764604.001042145 31367.795647997085 4.2
3512.4 764556.0297336245 31440.974619176373 4.2
3516.6 764432.7962319658 31511.131639550214 4.2
3520.8 763755.8392040273 31558.47437254572 4.2
3525.0 762575.7877939396 31584.935910690238 4.2
3529.2 762599.8466573837 31661.245844476576 4.2
3533.4 764496.7531989178 31815.5913652755 4.2
3537.6 766633.5199750718 31980.40799319089 4.2
3541.8 766572.4155930995 32053.835219351444 4.2
3546.0 764060.5771550265 32024.62109391418 4.2
3550.2 760325.6036122359 31943.61037431118 4.2
3554.4 757664.0031133306 31907.14897022703 4.2
3558.6 757800.5321014246 31988.36184408557 4.2
3562.8 759938.3602594225 32154.369638835647 4.2
3567.0 758932.2988481134 32187.555853795613 4.2
3571.2 754815.6722967121 32088.395364897235 4.2
3575.4 753556.7824640984 32110.273152823836 4.2
3579.6 754022.4140717709 32205.64489386376 4.2
3583.8 755596.1292434714 32348.638003761967 4.2
3588.0 757126.3934640419 32490.171216997827 4.2
3592.2 756965.7639307844 32559.37052345896 4.2
3596.4 757295.3266110744 32649.76050853732 4.2
3600.6 758227.4453631103 32766.34502477253 4.2
3604.8 757905.2334762036 32828.87497619039 4.2
3609.0 753965.5290791633 32734.370981193802 4.2
3613.2 750117.4206650688 32643.14543979558 4.2
3617.4 749307.6839964287 32683.759038797318 4.2
3621.6 751249.665686072 32844.60172781004 4.2
3625.8 751798.6914364771 32944.88531072984 4.2
3630.0 751629.8247960495 33013.83679451688 4.2
3634.2 751601.4454129785 33089.02725195102 4.2
3638.4 751298.2352370501 33152.17299692087 4.2
3642.6 748855.9558624473 33120.737601979694 4.2
3646.8 746567.9854841271 33095.73267775849 4.2
3651.0 746809.0786021086 33182.72134253155 4.2
3655.2 749077.8660697624 33360.15040525304 4.2
3659.4 747331.8426030106 33358.921394532124 4.2
3663.6 744926.0367008812 33327.903874636344 4.2
3667.8 744577.5925994995 33388.737672512165 4.2
3672.0 743868.0568626071 33433.3580987458 4.2
3676.2 738609.6769407371 33273.00306360431 4.2
3680.4 733944.4836544647 33138.43541811073 4.2
3684.6 734535.1095763772 33240.84077119955 4.2
3688.8 738140.5027512586 33480.196633804575 4.2
3693.0 742640.5163705827 33761.05426583527 4.2
3697.2 747025.3952715296 34037.6838391877 4.2
3701.4 751306.616370402 34310.57529072456 4.2
3705.6 755899.710995686 34598.717441898465 4.2
3709.8 764582.337018223 35075.51045115894 4.2
3714.0 776449.9313848012 35700.63985911981 4.2
3718.2 788837.8879835584 36352.30889303517 4.2
3722.4 802925.3610369547 37085.146587568495 4.2
3726.6 818562.2184149866 37892.73913019078 4.2
3730.8 837254.1686278026 38845.43597140932 4.2
3735.0 860676.6928484009 40022.11172497028 4.2
3739.2 888095.8990376681 41390.054666336066 4.2
3743.4 900361.2235644835 42056.003485146684 4.2
3747.6 906431.0921569022 42434.588982802336 4.2
3751.8 937488.3868212727 43986.965234528696 4.2
3756.0 993312.9272365855 46710.6596008517 4.2
3760.2 1033178.5105588865 48694.06150894778 4.2
3764.4 1032575.2834839422 48774.40723139995 4.2
3768.6 1014736.231176676 48038.78337772563 4.2
3772.8 1048541.6542764758 49749.87570012593 4.2
3777.0 1141708.633239971 54291.0198625394 4.2
3781.2 1240069.300955526 59099.526313903334 4.2
3785.4 1264135.708399212 60380.40198082748 4.2
3789.6 1211776.4590316217 58008.01440945521 4.2
3793.8 1135105.9242811934 54458.289963133444 4.2
3798.0 1110931.6348964176 53416.570302601285 4.2
3802.2 1196959.1795158451 57680.365009909125 4.2
3806.4 1337163.167500315 64579.10175125035 4.2
3810.6 1460503.252506334 70691.63070119607 4.2
3814.8 1517363.757999473 73605.79368123242 4.2
3819.0 1497717.6160889491 72812.84492049027 4.2
3823.2 1402940.3937350924 68355.2695146521 4.2
3827.4 1268684.2537178 61949.81303356514 4.2
3831.6 1159270.8765029015 56731.46517309758 4.2
3835.8 1144778.1855542816 56145.11813881056 4.2
3840.0 1248426.0034000578 61362.63491911964 4.2
3844.2 1427622.2434205532 70324.07039640751 4.2
3848.4 1600504.2907394 79012.53577971277 4.2
3852.6 1716790.94548867 84938.38516580427 4.2
3856.8 1774446.9411641608 87982.43959223897 4.2
3861.0 1785260.7278017844 88711.51579344942 4.2
3865.2 1752739.2533599732 87285.0771267285 4.2
3869.4 1679956.3592825735 83842.45761596986 4.2
3873.6 1566548.0146128007 78352.3451879863 4.2
3877.8 1418477.4697332392 71100.39279473248 4.2
3882.0 1258641.921343901 63225.46032622189 4.2
3886.2 1147104.4376009358 57747.34209605322 4.2
3890.4 1147288.7673477314 57881.52967530933 4.2
3894.6 1272012.9585739064 64312.590019972835 4.2
3898.8 1452483.942693144 73595.62536745329 4.2
3903.0 1624037.870269369 82465.44369767413 4.2
3907.2 1751063.8012147786 89107.03644900152 4.2
3911.4 1829889.191260995 93318.55386121987 4.2
3915.6 1873909.5092165023 95768.78992960874 4.2
3919.8 1890276.945578067 96812.62592630408 4.2
3924.0 1884218.4728855141 96709.24660184408 4.2
3928.2 1862730.6991344988 95811.13832126177 4.2
3932.4 1839203.9028947218 94803.41898685793 4.2
3936.6 1817735.4558721913 93897.06122488562 4.2
3940.8 1789107.6212638556 92615.56916308306 4.2
3945.0 1737061.6795038425 90113.11448220097 4.2
3949.2 1656605.1152507206 86122.37542199418 4.2
3953.4 1541671.1270270753 80317.83622543373 4.2
3957.6 1393366.805447415 72745.81268619678 4.2
3961.8 1229951.9897337512 64350.51100939627 4.2
3966.0 1102452.368872826 57802.150975234086 4.2
3970.2 1071125.811003266 56278.69261758091 4.2
3974.4 1159135.2318825754 61031.77488499074 4.2
3978.6 1327873.482365461 70064.17296868797 4.2
3982.8 1497973.9390545425 79206.34990489636 4.2
3987.0 1627259.3791496558 86223.96699266002 4.2
3991.2 1711473.8697727965 90877.4223082307 4.2
3995.4 1763878.7337058743 93857.28775189206 4.2
3999.6 1794387.0871785334 95681.50547759833 4.2
4003.8 1810141.4122958495 96724.39011369794 4.2
4008.0 1816627.2689967446 97274.7223776964 4.2
4012.2 1820321.5374645763 97676.92972715799 4.2
4016.4 1821794.2957257244 97960.72711001529 4.2
4020.6 1819950.2574130548 98066.34745040594 4.2
4024.8 1815401.3166311053 98025.71077247693 4.2
4029.0 1813404.6287608757 98122.36335779773 4.2
4033.2 1812866.140930551 98297.84571831717 4.2
4037.4 1811997.930574596 98455.50406748941 4.2
4041.6 1809966.7509789595 98549.85735483239 4.2
4045.8 1804381.786237013 98450.06336559844 4.2
4050.0 1795292.4657154656 98157.61556299307 4.2
4054.2 1783540.255698512 97717.42181747938 4.2
4058.4 1768917.4089498362 97117.1658520567 4.2
4062.6 1748449.6334308388 96192.23155267029 4.2
4066.8 1719521.5576717535 94796.4338701445 4.2
4071.0 1679047.761057024 92756.42461652088 4.2
4075.2 1623078.0311402602 89849.56937655786 4.2
4079.4 1549418.2662546977 85948.83611113732 4.2
4083.6 1453325.4019422499 80784.4923099871 4.2
4087.8 1329737.6824319907 74066.87134029307 4.2
4092.0 1179934.785346744 65857.91845195428 4.2
4096.2 1045343.3197899739 58465.544675274476 4.2
4100.4 980845.954167368 54970.79273739491 4.2
4104.6 1022340.5174199708 57413.76138290714 4.2
4108.8 1155822.7824785267 65042.91550787988 4.2
4113.0 1314630.8990225848 74131.02413009132 4.2
4117.2 1445191.2602192294 81659.74135002994 4.2
4121.4 1530268.791204996 86643.50249844084 4.2
4125.6 1580865.8501129048 89690.82111965722 4.2
4129.8 1617451.3056703117 91953.44403609676 4.2
4134.0 1648011.774022849 93881.4956851081 4.2
4138.2 1666334.9445970892 95118.28253109074 4.2
4142.4 1674176.2956359186 95759.9697042791 4.2
4146.6 1677076.8652059997 96120.49529627593 4.2
4150.8 1677620.1684221053 96346.51274081647 4.2
4155.0 1673413.2310991501 96299.49285675501 4.2
4159.2 1664890.387579851 96002.8221547066 4.2
4163.4 1655651.69843398 95663.00082332671 4.2
4167.6 1648683.1372910845 95452.65220259933 4.2
4171.8 1643487.0833446402 95343.69965521646 4.2
4176.0 1638401.2654495505 95240.13448848114 4.2
4180.2 1633439.7984477198 95142.8157035951 4.2
4184.4 1629156.733974087 95084.12186821904 4.2
4188.6 1624648.7395047164 95011.46180306141 4.2
4192.8 1619604.4498948501 94906.50926436734 4.2
4197.0 1613404.6946025556 94732.71845042451 4.2
4201.2 1606107.2447396463 94493.07890342921 4.2
4205.4 1599626.661262453 94300.06671712657 4.2
4209.6 1594614.0754556058 94192.42976571608 4.2
4213.8 1591070.4763681227 94170.74365405267 4.2
4218.0 1587523.2845872047 94148.19539430695 4.2
4222.2 1579369.1545892786 93851.23674398943 4.2
4226.4 1571173.1882591958 93550.04483995285 4.2
4230.6 1565486.4919803701 93396.80075121333 4.2
4234.8 1559938.3890546442 93250.67840199686 4.2
4239.0 1553582.8613374345 93055.06139632862 4.2
4243.2 1548353.9627249083 92925.73396186795 4.2
4247.4 1544539.179505083 92880.38351676117 4.2
4251.6 1539616.1497314305 92767.53141859219 4.2
4255.8 1535447.0142698602 92699.20295163471 4.2
4260.0 1531475.5105953414 92642.01658693342 4.2
4264.2 1526349.972037589 92514.1152825408 4.2
4268.4 1519746.0814160816 92295.38802648259 4.2
4272.6 1511766.7264448733 91991.56344844596 4.2
4276.8 1504940.64583912 91756.32267720242 4.2
4281.0 1500495.85151854 91665.09650480692 4.2
4285.2 1494841.2106978293 91498.9267550801 4.2
4289.4 1481631.3537546138 90868.21564271147 4.2
4293.6 1463356.328791427 89923.25108697344 4.2
4297.8 1446108.4094161105 89037.30372720811 4.2
4302.0 1427895.5581733813 88087.84795269545 4.2
4306.2 1405545.3460589338 86878.43718548215 4.2
4310.4 1374972.7990091974 85154.57779293794 4.2
4314.6 1331852.6416614167 82644.888865719 4.2
4318.8 1272140.4713960732 79093.35537618973 4.2
4323.0 1190657.3127519449 74171.31862321415 4.2
4327.2 1083945.1783176842 67655.01583068926 4.2
4331.4 959720.2761991663 60017.7900537031 4.2
4335.6 855474.0486718076 53602.370960911365 4.2
4339.8 814632.6713660263 51142.26991683246 4.2
4344.0 858803.135849792 54019.67910446407 4.2
4348.2 971955.1635559391 61255.346378869006 4.2
4352.4 1099784.6440341931 69445.48254954668 4.2
4356.6 1205229.8530692381 76250.72897559432 4.2
4360.8 1276065.351729486 80887.98186270775 4.2
4365.0 1319887.0220697303 83827.01468691512 4.2
4369.2 1346683.0836127752 85693.52344400455 4.2
4373.4 1361215.399022852 86784.86655348957 4.2
4377.6 1365441.515845372 87221.59013032653 4.2
4381.8 1364269.4454693408 87314.0232350373 4.2
4386.0 1363829.2485209806 87453.25932827037 4.2
4390.2 1367038.1791839788 87826.99022258575 4.2
4394.4 1372252.6644050155 88330.7666847426 4.2
4398.6 1373992.3507546387 88611.89005957839 4.2
4402.8 1372951.9527409782 88713.9670170806 4.2
4407.0 1370500.3591945895 88724.58976883747 4.2
4411.2 1367060.5700899619 88670.67203602545 4.2
4415.4 1362953.8416826066 88572.72372577726 4.2
4419.6 1359976.252496763 88547.4380028171 4.2
4423.8 1358545.8062089183 88622.50058847843 4.2
4428.0 1357081.8129722597 88695.17603333559 4.2
4432.2 1354049.5460304958 88664.95541081634 4.2
4436.4 1351287.8177052215 88651.89022282456 4.2
4440.6 1348794.9943631983 88655.97288724837 4.2
4444.8 1343435.4577758755 88470.80928705228 4.2
4449.0 1338358.4436730824 88303.11009681989 4.2
4453.2 1335023.326040213 88249.44849625266 4.2
4457.4 1332042.3639666503 88218.5672172676 4.2
4461.6 1325793.8244832696 87970.2852086221 4.2
4465.8 1316663.256154369 87529.00669630864 4.2
4470.0 1308284.53726109 87135.67503520037 4.2
4474.2 1302010.4435723354 86880.83775857986 4.2
4478.4 1292264.7337533718 86392.49171099432 4.2
4482.6 1284473.891522379 86032.78859743723 4.2
4486.8 1284564.2531949966 86200.1457213153 4.2
4491.0 1292561.2875886222 86899.24435613073 4.2
4495.2 1298312.434514854 87449.23204957749 4.2
4499.4 1298434.5011280307 87620.95856324316 4.2
4503.6 1293604.8459323 87458.0923075203 4.2
4507.8 1286767.1827287364 87158.14931133289 4.2
4512.0 1281430.5475616136 86958.49204419395 4.2
4516.2 1277294.146382159 86839.2372128567 4.2
4520.4 1274639.9386214304 86820.04367990572 4.2
4524.6 1274737.8239904887 86988.13103460154 4.2
4528.8 1273957.5910956021 87096.3589956076 4.2
4533.0 1269982.7341158984 86985.72749692271 4.2
4537.2 1264006.7929126655 86736.9207130298 4.2
4541.4 1259695.9801702504 86601.21796393723 4.2
4545.6 1252445.4575447305 86262.09472014585 4.2
4549.8 1244493.5267999012 85872.87436711973 4.2
4554.0 1240152.8114463033 85731.41661249574 4.2
4558.2 1240196.4993378227 85892.64960378158 4.2
4562.4 1243925.9777071297 86309.77808954884 4.2
4566.6 1245257.9127967588 86561.34581084143 4.2
4570.8 1239426.6135893129 86314.54787594348 4.2
4575.0 1230424.7486792724 85845.19668441698 4.2
4579.2 1225502.0175231092 85658.80275302878 4.2
4583.4 1224305.3122501383 85732.20623165974 4.2
4587.6 1221997.0756070055 85727.46862576446 4.2
4591.8 1218965.2563786479 85671.4268308494 4.2
4596.0 1216615.1344213912 85662.74757750693 4.2
4600.2 1214830.892994566 85693.52344400455 4.2
4604.4 1212470.4537172434 85683.2635935044 4.2
4608.6 1211142.4430471568 85745.63087022273 4.2
4612.8 1208659.596583717 85725.8894819782 4.2
4617.0 1203598.1336060574 85522.42365020259 4.2
4621.2 1197081.5171479757 85214.20566090924 4.2
4625.4 1190810.5197876294 84921.95821428386 4.2
4629.6 1187337.8596495127 84828.15084687519 4.2
4633.8 1186967.1076502374 84955.59776125471 4.2
4638.0 1186980.9968718977 85110.66816958418 4.2
4642.2 1186111.6190437095 85202.43369652693 4.2
4646.4 1185965.5269329534 85346.16283459764 4.2
4650.6 1185755.8615398025 85485.41020241295 4.2
4654.8 1179427.3742122785 85182.81736965511 4.2
4659.0 1171903.4527833671 84792.21883661998 4.2
4663.2 1165899.6450878684 84509.98020899194 4.2
4667.4 1161895.8779751684 84371.5446269601 4.2
4671.6 1160609.0566240093 84429.84655969578 4.2
4675.8 1158396.9395831437 84420.51554386322 4.2
4680.0 1155211.619623806 84339.68992549482 4.2
4684.2 1153087.847845768 84335.806028671 4.2
4688.4 1150228.0125908514 84277.56903440123 4.2
4692.6 1147239.7394104965 84209.2889005087 4.2
4696.8 1144239.9851104736 84139.51416451896 4.2
4701.0 1140367.2918840542 84004.78023543252 4.2
4705.2 1134679.1587592915 83735.18805332451 4.2
4709.4 1130769.5258833035 83595.71178954841 4.2
4713.6 1129524.8874004302 83652.70713734652 4.2
4717.8 1127545.828611845 83655.01857899775 4.2
4722.0 1124245.8399820188 83558.76259965876 4.2
4726.2 1120410.223503313 83421.88520475468 4.2
4730.4 1116579.1725581475 83284.46494655934 4.2
4734.6 1112178.940214308 83103.6310799648 4.2
4738.8 1107767.1827137887 82920.89863351505 4.2
4743.0 1104187.9551876844 82799.55448370651 4.2
4747.2 1101301.4138580181 82729.42388921998 4.2
4751.4 1097513.9978957244 82590.86221607242 4.2
4755.6 1093227.6766480783 82413.81150129963 4.2
4759.8 1089060.0958243702 82244.71500096735 4.2
4764.0 1085529.7971945303 82122.84758689572 4.2
4768.2 1082919.8836185853 82069.91809468078 4.2
4772.4 1081313.3893067054 82092.59798427741 4.2
4776.6 1078945.4952369302 82057.06893868075 4.2
4780.8 1074504.1646914305 81863.06484023303 4.2
4785.0 1070960.296197608 81736.49302602361 4.2
4789.2 1068511.7617255244 81692.84107304088 4.2
4793.4 1065834.8382427904 81631.16601842792 4.2
4797.6 1061639.779360731 81452.42150333301 4.2
4801.8 1057005.1910293773 81238.89358571553 4.2
4806.0 1052431.2175449491 81028.91059296684 4.2
4810.2 1047241.8440723097 80770.3565461301 4.2
4814.4 1039960.6670965062 80348.91192922284 4.2
4818.6 1030318.5100111689 79742.8953093222 4.2
4822.8 1019461.31446912 79040.1944488308 4.2
4827.0 1006789.4525285347 78193.74253954575 4.2
4831.2 988478.4861890608 76905.25207492299 4.2
4835.4 961958.7346370227 74972.15596874646 4.2
4839.6 924498.729385776 72177.85974646351 4.2
4843.8 872193.5064360271 68212.50521594258 4.2
4848.0 801006.4854217793 62753.79577180855 4.2
4852.2 712380.2453003804 55907.23320811098 4.2
4856.4 629066.2041432812 49454.293278217556 4.2
4860.6 584754.3882248041 46050.25082072765 4.2
4864.8 603675.1155478082 47622.47911352891 4.2
4869.0 675886.3966546407 53411.158744004766 4.2
4873.2 768006.3018665741 60795.579151801525 4.2
4877.4 845155.2757876768 67018.08284229775 4.2
4881.6 898985.8874939748 71409.50128053165 4.2
4885.8 933972.0599284124 74316.2864438257 4.2
4890.0 955959.5947491549 76196.67141867089 4.2
4894.2 968299.77143281 77312.90642232614 4.2
4898.4 976690.0465923087 78116.72006359094 4.2
4902.6 983250.8555111033 78776.37639798601 4.2
4906.8 987626.0613442701 79262.5426714433 4.2
4911.0 988574.4605992571 79474.53581116833 4.2
4915.2 985677.5536417535 79377.24107423658 4.2
4919.4 981008.9760855098 79136.347182949 4.2
4923.6 977884.8744758496 79019.08564231204 4.2
4927.8 978811.6016172428 79228.96817444265 4.2
4932.0 981773.0781993932 79604.20326840946 4.2
4936.2 983503.1593031777 79880.3575251459 4.2
4940.4 982510.1115419833 79935.55598396124 4.2
4944.6 980787.5078702474 79931.13870394575 4.2
4948.8 978213.0434813697 79856.81778524161 4.2
4953.0 975368.2148290332 79759.7896604758 4.2
4957.2 973106.4981503222 79709.85149319096 4.2
4961.4 971540.1881948358 79716.45916082163 4.2
4965.6 968362.1142470931 79590.27403289282 4.2
4969.8 964387.1861020752 79397.71427346088 4.2
4974.0 962094.4134377579 79342.88721424539 4.2
4978.2 960259.414579013 79325.35055260429 4.2
4982.4 957529.3019145257 79233.34665000913 4.2
4986.6 953946.8742895875 79070.04755595211 4.2
4990.8 950545.5256354281 78920.89468900178 4.2
4995.0 946477.4463360887 78715.4531600719 4.2
4999.2 941560.501183504 78438.26882725616 4.2
5003.4 936946.5281813741 78185.10072531461 4.2
5007.6 934161.5616167836 78083.63092091422 4.2
5011.8 930914.4918074104 77942.79941917458 4.2
5016.0 926851.5895257284 77732.74422158081 4.2
5020.2 923453.8919191924 77577.53930091181 4.2
5024.4 922615.7004012478 77636.86676470829 4.2
5028.6 921889.9332488646 77705.5430707353 4.2
5032.8 919055.8639372014 77596.11892954032 4.2
5037.0 914402.3910263609 77332.13492404032 4.2
5041.2 911409.1819502478 77207.59064707169 4.2
5045.4 910470.8566778178 77256.67270662705 4.2
5049.6 909409.1097904817 77295.10651711222 4.2
5053.8 906636.4026479714 77187.68218497727 4.2
5058.0 904731.2777402402 77153.56533537887 4.2
5062.2 903704.9388129412 77194.0807736022 4.2
5066.4 902905.5128243892 77253.82651804981 4.2
5070.6 901775.7462511975 77285.14036030622 4.2
5074.8 900532.5027152563 77306.49798428803 4.2
5079.0 899292.205136557 77327.86151041354 4.2
5083.2 898311.2937514653 77371.31888852635 4.2
5087.4 897440.1255506407 77424.07046076909 4.2
5091.6 894640.7976279969 77310.05816206039 4.2
5095.8 890792.4055137872 77104.54878113142 4.2
5100.0 887958.9776994773 76986.04336654468 4.2
5104.2 887470.4234907507 77070.46867638345 4.2
5108.4 888111.4357259074 77253.11498728917 4.2
5112.6 887788.7213124055 77352.0806437871 4.2
5116.8 885458.8247071787 77275.88722244745 4.2
5121.0 882120.0695745071 77110.94047828822 4.2
5125.2 879313.2547848115 76991.7161168405 4.2
5129.4 877558.586184121 76964.06540671144 4.2
5133.6 876203.9408632292 76971.1543855544 4.2
5137.8 873982.759982831 76901.71053873064 4.2
5142.0 871768.3749378866 76832.32934457071 4.2
5146.2 869680.9032582483 76773.61668101867 4.2
5150.4 867287.9972140061 76687.39757141027 4.2
5154.6 864560.3531971812 76570.94377101268 4.2
5158.8 860597.0883218439 76344.1914658004 4.2
5163.0 855005.6893888706 75971.72718195667 4.2
5167.2 848755.7151536307 75539.13371183185 4.2
5171.4 844580.3881453275 75289.77512591332 4.2
5175.6 843730.6896862563 75336.25024268332 4.2
5179.8 844654.8344632151 75541.22096406654 4.2
5184.0 844475.917471067 75647.7473386178 4.2
5188.2 843474.2640435032 75680.50127803144 4.2
5192.4 842808.6266588728 75743.26117210358 4.2
5196.6 842656.6971342473 75852.16830270267 4.2
5200.8 841838.8200267534 75901.08777094293 4.2
5205.0 840558.1957208974 75908.07884141816 4.2
5209.2 838986.9215780916 75888.50546660408 4.2
5213.4 837064.9542242656 75836.80012542671 4.2
5217.6 834433.4239292685 75720.24317020278 4.2
5221.8 831642.7137650584 75588.54748718426 4.2
5226.0 828183.2524494792 75395.25249858304 4.2
5230.2 824351.9355443727 75167.13544991634 4.2
5234.4 822665.7943556702 75133.91167920137 4.2
5238.6 822513.0127193072 75240.55666414848 4.2
5242.8 822126.5491256702 75325.84287400899 4.2
5247.0 820176.1312826206 75267.58817309003 4.2
5251.2 817229.6895935498 75117.30530107283 4.2
5255.4 814534.907895079 74989.4209332456 4.2
5259.6 812613.1038935845 74932.11655787686 4.2
5263.8 810891.0279738375 74892.78831523225 4.2
5268.0 808145.8035930542 74758.40035884337 4.2
5272.2 804869.5569883958 74574.09643379707 4.2
5276.4 802368.4277710083 74460.85179105318 4.2
5280.6 801572.3205538016 74505.44277372056 4.2
5284.8 801235.4241308008 74592.64376576876 4.2
5289.0 801202.1770147202 74708.15307988998 4.2
5293.2 800941.2238773144 74802.48056939624 4.2
5297.4 799310.8722821246 74768.72932702092 4.2
5301.6 797684.8421863414 74734.99331337003 4.2
5305.8 794671.2550069906 74570.6622488174 4.2
5310.0 789929.281107249 74243.08334342702 4.2
5314.2 786519.4459211967 74039.58912235849 4.2
5318.4 783890.2435795835 73908.77429713041 4.2
5322.6 781969.1062678143 73844.1337090038 4.2
5326.8 780988.2007724402 73867.94208246202 4.2
5331.0 780972.7663592632 73983.01057628609 4.2
5335.2 780706.5910922741 74074.37571248318 4.2
5339.4 780067.7805094275 74130.34136127173 4.2
5343.6 779451.9939296353 74188.39916686786 4.2
5347.8 778307.0079691821 74195.91585212079 4.2
5352.0 776535.0181761512 74143.31504425309 4.2
5356.2 774603.9091847987 74075.05796583829 4.2
5360.4 772970.389756509 74034.81576751714 4.2
5364.6 770929.3219700134 73955.07809353048 4.2
5368.8 769043.3180933284 73889.71645554763 4.2
5373.0 767586.9341645293 73865.22073703434 4.2
5377.2 766113.0757660301 73838.69287260706 4.2
5381.4 764262.7732999123 73775.47255958001 4.2
5385.6 762319.5650145804 73702.80217219701 4.2
5389.8 760599.3581576933 73651.22930446969 4.2
5394.0 758911.9134886728 73602.40408721505 4.2
5398.2 756141.9152469612 73448.0043322293 4.2
5402.4 752987.5252414348 73255.4600330088 4.2
5406.6 750814.7131476376 73157.6927120906 4.2
5410.8 750153.7627390386 73206.89718097045 4.2
5415.0 748066.7174529269 73116.60201388715 4.2
5419.2 745539.9086202852 72982.71242216977 4.2
5423.4 744440.4811847403 72988.09018527303 4.2
5427.6 743446.2704578887 73003.55346160367 4.2
5431.8 742160.2898647538 72990.10694859632 4.2
5436.0 740925.1872816907 72981.36804330646 4.2
5440.2 739992.848305502 73002.20869883777 4.2
5444.4 738252.9721761348 72943.0636541774 4.2
5448.6 736931.9782454841 72924.92648745049 4.2
5452.8 735499.0518742604 72895.37928556997 4.2
5457.0 732556.8726705611 72715.66831722956 4.2
5461.2 730192.035496183 72592.54124435893 4.2
5465.4 728573.4647056153 72543.0815522897 4.2
5469.6 726932.5586281535 72490.98484296592 4.2
5473.8 724748.6319164889 72384.23685402116 4.2
5478.0 723677.7145953523 72388.23706530398 4.2
5482.2 722768.9783545202 72408.24143795171 4.2
5486.4 721018.3524459628 72343.58058506307 4.2
5490.6 718842.3300738472 72235.71901570843 4.2
5494.8 716376.7387605285 72098.12989625301 4.2
5499.0 714275.6011307875 71996.60205623161 4.2
5503.2 712726.0981990919 71950.19909164794 4.2
5507.4 710984.3057630945 71883.96101774434 4.2
5511.6 709724.6213648249 71866.08719505719 4.2
5515.8 708441.8911623155 71845.5708792592 4.2
5520.0 706700.0129309074 71778.1069133664 4.2
5524.2 705580.3340856503 71773.47935697125 4.2
5528.4 704048.1118563194 71726.55956947556 4.2
5532.6 701575.9772923766 71583.34688479023 4.2
5536.8 698939.49563189 71422.65660839676 4.2
5541.0 698259.6628680134 71461.4789473472 4.2
5545.2 697581.2929326771 71500.32238848107 4.2
5549.4 695641.0389756773 71409.50128053165 4.2
5553.6 693087.4932219988 71255.10756204561 4.2
5557.8 691288.6490786351 71177.708141611 4.2
5562.0 690232.3112165523 71176.39701184904 4.2
5566.2 689172.0259309382 71174.43036249036 4.2
5570.4 687474.3362549118 71106.28676837753 4.2
5574.6 685844.7740808066 71044.75157819346 4.2
5578.8 684188.3425714306 70980.00081529531 4.2
5583.0 682090.4971720912 70868.95028269631 4.2
5587.2 679423.8990949208 70698.14194084697 4.2
5591.4 677978.825820707 70653.87733516093 4.2
5595.6 676674.6885364602 70623.94934758096 4.2
5599.8 674584.2889989454 70511.50753727647 4.2
5604.0 673269.5940912173 70479.69240276456 4.2
5608.2 672788.0494013494 70534.89107317259 4.2
5612.4 671422.704126584 70497.22141504587 4.2
5616.6 668292.0018017811 70273.56726674287 4.2
5620.8 665857.03078909 70122.27538608096 4.2
5625.0 664250.9759246064 70057.72011704835 4.2
5629.2 662338.3422296889 69960.35426643319 4.2
5633.4 659471.5671167622 69761.53049570037 4.2
5637.6 657634.7259226465 69670.99292794953 4.2
5641.8 656861.6119417942 69692.81392541395 4.2
5646.0 655914.9158480389 69696.02347200447 4.2
5650.2 653584.3027362614 69551.74010255287 4.2
5654.4 650621.1831200637 69339.3873313369 4.2
5658.6 648006.3538460569 69163.34671555816 4.2
5662.8 646592.7160776035 69114.95029063789 4.2
5667.0 646426.0200842593 69199.66627239253 4.2
5671.2 645260.8680281308 69177.36253072451 4.2
5675.4 643203.3578973099 69058.95463112979 4.2
5679.6 641011.4006439301 68925.51186297342 4.2
5683.8 638827.6119862482 68792.3269465669 4.2
5688.0 637033.2181920103 68700.51615864388 4.2
5692.2 635624.9744227433 68649.914392309 4.2
5696.4 634173.8049540883 68594.2954963184 4.2
5700.6 632062.6356186769 68466.79522406998 4.2
5704.8 629796.7393628567 68321.91016664676 4.2
5709.0 627880.7504956748 68214.39002315374 4.2
5713.2 626403.823113002 68154.10201615206 4.2
5717.4 624885.0003592495 68088.85013508661 4.2
5721.6 622922.8603882442 67974.80963348599 4.2
5725.8 621030.4664846379 67867.83573202687 4.2
5730.0 619812.0436014293 67834.08948787123 4.2
5734.2 618505.5228308928 67790.36932938913 4.2
5738.4 616815.9835572353 67704.26067637769 4.2
5742.6 615041.0760736155 67608.29753919791 4.2
5746.8 613735.2793281283 67563.47833052077 4.2
5751.0 612923.8480837435 67572.8132148186 4.2
5755.2 612147.9702018352 67585.88421965786 4.2
5759.4 611126.013627264 67571.5684890636 4.2
5763.6 609960.3280823426 67541.07986932273 4.2
5767.8 608696.5907629932 67499.4136121949 4.2
5772.0 606748.3582396054 67381.3953171232 4.2
5776.2 604500.7030906535 67229.51837079524 4.2
5780.4 603589.2133952163 67225.80323296583 4.2
5784.6 603329.5380909232 67294.56652775784 4.2
5788.8 602981.7451254318 67353.47385240979 4.2
5793.0 602301.8508208492 67375.18954705802 4.2
5797.2 601717.5626376389 67407.46579387129 4.2
5801.4 601001.6073282793 67424.85171529824 4.2
5805.6 600386.6606770025 67453.42403592542 4.2
5809.8 600403.0506738214 67552.90035392313 4.2
5814.0 601388.6118404691 67761.65428348062 4.2
5818.2 601229.0585876694 67841.58720283865 4.2
5822.4 599251.5668332448 67716.10971954158 4.2
5826.6 596698.3620637114 67524.907821049 4.2
5830.8 595438.5720718135 67479.52238124212 4.2
5835.0 595721.856076358 67608.92023749794 4.2
5839.2 596313.3790912359 67773.51337120129 4.2
5843.4 595659.4309749732 67796.61334068647 4.2
5847.6 594070.4355543669 67712.9913492489 4.2
5851.8 592442.6358771307 67624.48955910273 4.2
5856.0 591157.3839991326 67574.68034644292 4.2
5860.2 589728.8556883323 67508.11786940647 4.2
5864.4 587854.8214990693 67390.08435551282 4.2
5868.6 585065.1586902073 67166.38894084028 4.2
5872.8 581758.6274793433 66882.42327261041 4.2
5877.0 579239.1042873404 66688.04714941636 4.2
5881.2 576699.211477434 66490.56142341543 4.2
5885.4 573526.2298718193 66219.21071935623 4.2
5889.6 570187.4505121498 65927.71139958578 4.2
5893.8 568316.7626461246 65805.16766484253 4.2
5898.0 567842.270196493 65843.96873110787 4.2
5902.2 567964.7873426033 65952.00454075001 4.2
5906.4 567946.6521755846 66043.79185499757 4.2
5910.6 567876.786144315 66129.61586910077 4.2
5914.8 567948.7215873658 66232.01988894066 4.2
5919.0 567649.9118854228 66291.2182153149 4.2
5923.2 566485.0599225038 66249.10263608463 4.2
5927.4 565406.4820220297 66216.77115841552 4.2
5931.6 563857.7340147125 66129.00679563476 4.2
5935.8 561640.9118812752 65962.33183620208 4.2
5940.0 559345.7785509154 65785.77570693026 4.2
5944.2 557676.6077098507 65682.24675074978 4.2
5948.4 556315.1982570416 65614.52663029003 4.2
5952.6 554339.5369075775 65473.868226592356 4.2
5956.8 551380.2639706933 65216.27660668797 4.2
5961.0 550517.350500751 65206.06611627599 4.2
5965.2 551116.2749908878 65369.0238902981 4.2
5969.4 551218.6361651372 65473.26519275751 4.2
5973.6 549937.0479832637 65412.989849071215 4.2
5977.8 548396.2713993872 65321.477584318454 4.2
5982.0 546815.0225195277 65224.68644635359 4.2
5986.2 545098.277309244 65111.245056421016 4.2
5990.4 543647.7679291039 65029.13841720199 4.2
5994.6 542831.2432566148 65022.55040544719 4.2
5998.8 542525.9162827969 65077.07131407846 4.2
6003.0 542181.3417665425 65126.839038437334 4.2
6007.2 541219.0468225381 65102.25022684075 4.2
6011.4 539920.7280350197 65036.92510984571 4.2
6015.6 538680.6225961156 64978.24839775492 4.2
6019.8 537458.7397623431 64921.41844445407 4.2
6024.0 535356.8061170403 64757.78715298493 4.2
6028.2 533538.7284610234 64627.893405488256 4.2
6032.4 532266.3271106752 64563.63891954827 4.2
6036.6 530660.12617896 64458.471069796615 4.2
6040.8 528883.8921320172 64332.140238742184 4.2
6045.0 527833.1283445256 64293.63790597954 4.2
6049.2 527576.409320492 64351.69640053328 4.2
6053.4 527024.1419873401 64373.63007564017 4.2
6057.6 525818.7521066169 64315.551792390965 4.2
6061.8 524206.07296673587 64207.2397310558 4.2
6066.0 522685.4884696907 64109.73769921546 4.2
6070.2 521592.399035606 64064.287434785176 4.2
6074.4 520526.06449496764 64021.81763785434 4.2
6078.6 519677.7504034522 64005.89872353234 4.2
6082.8 518893.4399087527 63997.64603003166 4.2
6087.0 517000.12870965566 63852.21980631562 4.2
6091.2 513640.82608992315 63524.901453542 4.2
6095.4 510694.0915120451 63247.5926634484 4.2
6099.6 509685.81060566514 63209.739424769265 4.2
6103.8 508478.58264378103 63146.894898990635 4.2
6108.0 507648.60599897115 63130.61207559334 4.2
6112.2 507591.2671088128 63210.32161066532 4.2
6116.4 507917.8730764046 63337.94958269761 4.2
6120.6 507767.9193897234 63406.23996795636 4.2
6124.8 506409.0183695571 63323.36715977257 4.2
6129.0 503855.50975509855 63090.50446607424 4.2
6133.2 501061.4613734303 62826.66400668406 4.2
6137.4 499777.15068886464 62751.483879120875 4.2
6141.6 498974.3252144545 62736.45865256979 4.2
6145.8 497389.26583359484 62622.73050488276 4.2
6150.0 495052.23228507244 62413.710185340504 4.2
6154.2 492799.2553598527 62214.55512786259 4.2
6158.4 491651.61174813745 62154.41740269157 4.2
6162.6 491886.94416157814 62269.015587095695 4.2
6166.8 492657.9861648563 62451.661919238 4.2
6171.0 493085.42089211586 62591.01582193032 4.2
6175.2 492550.99290475337 62608.312748277756 4.2
6179.4 491021.64583489764 62498.846222090084 4.2
6183.6 489109.927370069 62340.172547605136 4.2
6187.8 487408.0733049064 62207.67930109556 4.2
6192.0 486581.2383770725 62186.48361855638 4.2
6196.2 486795.3262711449 62298.27191804475 4.2
6200.4 487131.08018483216 62425.78323467878 4.2
6204.6 486619.6899683698 62444.75988790858 4.2
6208.8 484754.5720128585 62289.66568822128 4.2
6213.0 481870.73054817173 62002.899600631834 4.2
6217.2 479260.4354929365 61750.4319681255 4.2
6221.4 477591.95771835843 61618.62458202267 4.2
6225.6 476965.3474880865 61620.894737862654 4.2
6229.8 476884.32318264246 61693.58390199196 4.2
6234.0 476075.30995756027 61671.99536168345 4.2
6238.2 474288.57808432076 61523.35352030985 4.2
6242.4 472008.7688406462 61310.096543414555 4.2
6246.6 470112.56715122145 61145.99268247314 4.2
6250.8 469861.7022615089 61195.57220774767 4.2
6255.0 470464.2490764857 61356.418355745765 4.2
6259.2 469910.98460375523 61366.591241931186 4.2
6263.4 466510.0012497023 61004.237051872144 4.2
6267.6 461949.72291714564 60488.943613463154 4.2
6271.8 457303.84523884056 59960.88027183068 4.2
6276.0 458985.94293981005 60262.06367346399 4.2
6280.2 459483.9074146864 60408.21458712717 4.2
6284.4 458287.08106187487 60331.482891454456 4.2
6288.6 458299.42460107134 60413.778645533486 4.2
6292.8 458021.00630163116 60457.75272743008 4.2
6297.0 455870.89760955883 60254.29369677275 4.2
6301.2 453559.97851490387 60028.84675752683 4.2
6305.4 452889.20588667603 60020.00123153313 4.2
6309.6 451986.6411768803 59980.21249171995 4.2
6313.8 451497.7736716247 59995.13017716274 4.2
6318.0 452516.0750653625 60210.46760125794 4.2
6322.2 453758.5212498471 60456.08224106683 4.2
6326.4 452472.26068629307 60364.832515001566 4.2
6330.6 449377.69044840295 60031.611251735434 4.2
6334.8 447251.1218820754 59826.831128070226 4.2
6339.0 446847.9307687188 59852.183670309656 4.2
6343.2 446009.8448091792 59819.11726871877 4.2
6347.4 445190.122168792 59788.27177600774 4.2
6351.6 445277.72964556306 59879.20145670202 4.2
6355.8 446108.8196314101 60070.32754114093 4.2
6360.0 445913.91341146105 60123.46477309412 4.2
6364.2 444694.35474190954 60038.246557281636 4.2
6368.4 443013.1191409491 59890.2326292113 4.2
6372.6 441493.1160635165 59763.49674555887 4.2
6376.8 440319.23985501094 59683.186201405224 4.2
6381.0 439549.4748052142 59657.35577703116 4.2
6385.2 439238.34325179365 59693.63146204851 4.2
6389.4 439360.59114045504 59788.822448877065 4.2
6393.6 439709.98757601855 59915.060198175284 4.2
6397.8 439650.86862569855 59985.737127861066 4.2
6402.0 438807.3719559422 59949.28393088983 4.2
6406.2 437345.10346182977 59827.933189176845 4.2
6410.4 436080.82963175385 59733.230094199156 4.2
6414.6 434728.48217088985 59626.04451730336 4.2
6418.8 433185.15663786826 59492.19598980729 4.2
6423.0 432021.5499585755 59410.06123336995 4.2
6427.2 432384.0110129494 59537.69267783794 4.2
6431.4 432938.5039815834 59691.982088844394 4.2
6435.6 432254.1471568343 59675.490863121 4.2
6439.8 430273.39693559904 59479.594626962295 4.2
6444.0 427490.2275925807 59171.96613150954 4.2
6448.2 425175.52456476766 58928.311875313506 4.2
6452.4 424145.3300509357 58862.133586465105 4.2
6456.6 423944.9742209677 58910.94644058686 4.2
6460.8 423573.381639104 58935.91086256674 4.2
6465.0 422007.526129157 58794.405045958745 4.2
6469.2 419256.7842963262 58487.088146144626 4.2
6473.4 416908.1333625183 58234.989298561595 4.2
6477.6 416034.17030987085 58188.344315010356 4.2
6481.8 415908.6968548145 58246.25403345603 4.2
6486.0 415148.3976800823 58215.14720897216 4.2
6490.2 413832.97634997714 58105.86891372865 4.2
6494.4 412305.5556410753 57966.35603762328 4.2
6498.6 412588.9973213259 58081.25608583069 4.2
6502.8 412568.8747613608 58153.51900082929 4.2
6507.0 411460.0184757639 58072.16267941076 4.2
6511.2 408830.40186005726 57775.538229279504 4.2
6515.4 405843.9607124934 57427.51183663735 4.2
6519.6 403481.2452972706 57166.81545488874 4.2
6523.8 401051.34566778323 56895.77270779231 4.2
6528.0 397675.61669528374 56489.53502512103 4.2
6532.2 392697.65520784294 55854.221118793976 4.2
6536.4 385418.01653259725 54889.3388912688 4.2
6540.6 374519.1893375221 53405.74773364531 4.2
6544.8 359054.60031787155 51266.30299866741 4.2
6549.0 338812.3823833796 48438.200439353684 4.2
6553.2 314680.91880632576 45045.975885124535 4.2
6557.4 290261.81196720875 41603.70420904033 4.2
6561.6 274163.57267776155 39346.671549207065 4.2
6565.8 274904.56741402805 39503.53859339968 4.2
6570.0 294248.6748005622 42337.38207632928 4.2
6574.2 321161.4652531435 46268.77485246017 4.2
6578.4 344963.14627286623 49761.33235128752 4.2
6582.6 361871.45268529217 52267.05134639861 4.2
6586.8 372587.5175652415 53883.525119101374 4.2
6591.0 379743.74708573264 54988.516083814146 4.2
6595.2 384784.27422858565 55789.43973070582 4.2
6599.4 388225.7609345317 56360.13179347624 4.2
6603.6 390606.7437276705 56777.988171675555 4.2
6607.8 391853.27019469504 57031.658342443734 4.2
6612.0 392160.2447197294 57148.916379434195 4.2
6616.2 391983.6971409524 57195.781711526615 4.2
6620.4 391609.11763823795 57213.69546523221 4.2
6624.6 391364.9552510549 57250.59439140464 4.2
6628.8 391139.27173737023 57290.155363270256 4.2
6633.0 391014.8578652005 57344.53031958143 4.2
6637.2 390959.2075076698 57409.0023775946 4.2
6641.4 390968.68994340167 57483.0760277022 4.2
6645.6 390686.9094713701 57514.32139951323 4.2
6649.8 389952.8398712867 57478.840674173436 4.2
6654.0 389145.1854306722 57432.272376319255 4.2
6658.2 388321.62992593495 57383.09915701926 4.2
6662.4 387700.04171073315 57363.54732730081 4.2
6666.6 387293.72342637734 57375.700383798256 4.2
6670.8 386596.0519452402 57344.53031958143 4.2
6675.0 385392.0171758726 57237.94065093912 4.2
6679.2 384507.09564666 57178.400196765964 4.2
6683.4 384512.3967181578 57251.121691293854 4.2
6687.6 384514.46004119783 57323.40770504101 4.2
6691.8 383657.19703254645 57267.47039697001 4.2
6696.0 382210.28088589903 57123.1305109234 4.2
6700.2 381492.25173132506 57087.3653157117 4.2
6704.4 381263.66638253623 57124.70890315516 4.2
6708.6 380768.8909209753 57122.07827366497 4.2
6712.8 380047.46370031347 57085.26217819135 4.2
6717.0 379670.24114050943 57099.98576809655 4.2
6721.2 379244.7848045707 57107.34898706848 4.2
6725.4 378534.1060024782 57071.593672780255 4.2
6729.6 377884.21655231336 57044.79187907276 4.2
6733.8 377416.45243360376 57045.31728344207 4.2
6738.0 376501.96002566756 56978.104841425215 4.2
6742.2 375099.07417885715 56836.58818596938 4.2
6746.4 374028.8311517763 56745.05221857494 4.2
6750.6 373911.226287828 56797.86354426713 4.2
6754.8 373852.47945054824 56859.626163983754 4.2
6759.0 372855.3352228763 56778.511118680115 4.2
6763.2 371488.0036221035 56640.62018449098 4.2
6767.4 370443.14329949796 56551.483221034956 4.2
6771.6 369728.27290167613 56512.432329612515 4.2
6775.8 369001.4711890183 56471.32788534688 4.2
6780.0 368391.72558698675 56447.927328242804 4.2
6784.2 367844.24822704017 56433.89164865812 4.2
6788.4 367308.01499014464 56421.418418886475 4.2
6792.6 366607.3545673706 56383.49595483431 4.2
6796.8 365851.022584608 56336.77731374621 4.2
6801.0 365036.0068577164 56280.766039433605 4.2
6805.2 364276.76242624514 56233.09665757339 4.2
6809.4 363566.25103509426 56192.71294036343 4.2
6813.6 362730.42625846836 56132.70873483995 4.2
6817.8 361823.47521770344 56061.40787032401 4.2
6822.0 360988.88049121737 56001.028085250065 4.2
6826.2 360531.5185294664 55998.96496913509 4.2
6830.4 360227.59599244007 56020.631479708856 4.2
6834.6 359692.22491191846 56006.18620808547 4.2
6838.8 358804.1426796466 55936.5916187487 4.2
6843.0 357648.3079567321 55824.905940446006 4.2
6847.2 356046.91569123266 55643.18744414588 4.2
6851.4 353211.3153596252 55267.77743428262 4.2
6855.6 347582.82968369534 54453.775935746904 4.2
6859.8 350501.87614086753 54978.38775770238 4.2
6864.0 350860.6834696627 55102.0808929623 4.2
6868.2 351479.0050200969 55266.759373576104 4.2
6872.4 350832.96707414446 55232.66517473937 4.2
6876.6 348499.15458607004 54932.327423469826 4.2
6880.8 346800.23684545833 54731.32976632336 4.2
6885.0 347482.8425292154 54906.02456017321 4.2
6889.2 348690.1416020619 55164.03178062636 4.2
6893.4 347586.0155057726 55056.42401594801 4.2
6897.6 345803.3878025467 54840.82758967582 4.2
6901.8 345160.042958824 54805.48179685082 4.2
6906.0 344775.2695605638 54811.03462669254 4.2
6910.2 344381.6641046418 54815.073401765665 4.2
6914.4 343710.06879272463 54774.69903937324 4.2
6918.6 342005.27903421776 54569.251899959825 4.2
6922.8 339839.3658875363 54289.519766948084 4.2
6927.0 337494.63966854947 53980.38776984152 4.2
6931.2 334749.85186738183 53606.3206750729 4.2
6935.4 333148.7794464008 53414.602399675816 4.2
6939.6 332905.04600214656 53440.19079359464 4.2
6943.8 332634.16037111817 53461.359686140924 4.2
6948.0 332467.83487700566 53499.28772736108 4.2
6952.2 332464.0874896532 53563.38315630197 4.2
6956.4 332800.6469605403 53682.40942293203 4.2
6960.6 333573.7754216365 53872.11175907877 4.2
6964.8 334376.6597568523 54066.96605404697 4.2
6969.0 334851.55932164 54209.07540787758 4.2
6973.2 334987.8162718123 54296.52056767592 4.2
6977.4 334350.52765205037 54258.52706958954 4.2
6981.6 332781.61787005904 54068.957991380375 4.2
6985.8 330750.842440695 53803.682349055714 4.2
6990.0 329184.1402811788 53613.23337517476 4.2
6994.2 328226.13668302796 53521.46592232315 4.2
6998.4 327524.4545143487 53471.208539615225 4.2
7002.6 326637.93087290414 53390.501471761636 4.2
7006.8 325625.0535929053 53288.80729352294 4.2
7011.0 324980.513445132 53247.10493508048 4.2
7015.2 324702.1322698164 53265.25371382887 4.2
7019.4 324469.046091457 53290.77056190006 4.2
7023.6 324116.9283067606 53296.66080102738 4.2
7027.8 323804.1923794858 53308.93422366981 4.2
7032.0 323617.15128464956 53341.84093562089 4.2
7036.2 323540.6872367347 53392.96025183254 4.2
7040.4 323351.28128936805 53425.42676301189 4.2
7044.6 322787.40308044787 53395.910937386965 4.2
7048.8 321922.1638671766 53316.29963387877 4.2
7053.0 320947.12303623103 53218.17778178938 4.2
7057.2 320228.81172693754 53162.32914828744 4.2
7061.4 320045.42857444665 53195.14536338129 4.2
7065.6 320036.2404276808 53256.91431773584 4.2
7069.8 319844.58214387746 53288.316487729935 4.2
7074.0 319494.321564898 53293.22474908708 4.2
7078.2 319009.484368508 53275.557123675746 4.2
7082.4 318279.269264857 53216.70732951071 4.2
7086.6 317340.4366168491 53122.68284408237 4.2
7090.8 316454.1407106491 53037.1281631995 4.2
7095.0 315867.1450926374 53001.48037832301 4.2
7099.2 315426.6851806505 52990.25384895339 4.2
7103.4 314859.435751783 52957.56403193519 4.2
7107.6 314232.6423308894 52914.65878912636 4.2
7111.8 313621.75816868263 52874.223199252156 4.2
7116.0 312986.334463569 52829.43913333419 4.2
7120.2 312421.4683622119 52796.36224860023 4.2
7124.4 311869.32820972014 52765.24998137779 4.2
7128.6 311152.11845436716 52705.99299872716 4.2
7132.8 310402.46475376945 52640.98414536306 4.2
7137.0 309865.9538004303 52611.90169899063 4.2
7141.2 309077.1237620739 52539.74976401623 4.2
7145.4 307819.5248255952 52387.53934338202 4.2
7149.6 306541.8435042393 52231.44008082441 4.2
7153.8 305255.61834414495 52073.40782330167 4.2
7158.0 303136.2449874902 51772.60290506405 4.2
7162.2 302404.5812761231 51708.26906478637 4.2
7166.4 303033.8646593804 51876.659173257765 4.2
7170.6 303153.27278455684 51957.949083827414 4.2
7174.8 302082.56189196813 51835.107076434586 4.2
7179.0 301465.3124471596 51789.77210993174 4.2
7183.2 301401.450210099 51839.40402534004 4.2
7187.4 300988.30698090204 51828.90100124988 4.2
7191.6 299895.67823417566 51701.12579686506 4.2
7195.8 299443.6353267869 51683.509954872665 4.2
7200.0 299899.85919619194 51822.69566910197 4.2
7204.2 300185.51534442726 51932.59210231876 4.2
7208.4 299518.3942254493 51877.61478543565 4.2
7212.6 297707.35185992985 51624.04135453137 4.2
7216.8 295109.99251630396 51233.26104426343 4.2
7221.0 295057.4363960899 51283.77663956309 4.2
7225.2 295976.6894468506 51503.41186342691 4.2
7229.4 297085.0141090148 51756.39277129105 4.2
7233.6 296079.4568181448 51641.16129234363 4.2
7237.8 294724.40412074846 51464.52870429396 4.2
7242.0 293491.9635102922 51308.81682576068 4.2
7246.2 292757.8987320217 51239.86773101938 4.2
7250.4 292445.7543345352 51244.58731458489 4.2
7254.6 292018.46355989465 51229.014338323665 4.2
7258.8 291331.5997355325 51167.71227981421 4.2
7263.0 290732.221250682 51121.548456467055 4.2
7267.2 290219.79408912495 51090.48200693113 4.2
7271.4 289900.6459256198 51093.30544931972 4.2
7275.6 289595.3780004124 51098.482165624526 4.2
7279.8 289431.87545719394 51128.6116472883 4.2
7284.0 289308.6244995549 51165.827226353525 4.2
7288.2 288908.7471563844 51154.04721552525 4.2
7292.4 288113.95220329217 51072.133434129464 4.2
7296.6 287281.84216973314 50983.30673185958 4.2
7300.8 287218.4617054773 51030.75573245808 4.2
7305.0 287255.8052007437 51096.12904774139 4.2
7309.2 285470.7155481186 50837.010067710085 4.2
7313.4 284165.00922879507 50662.66136292356 4.2
7317.6 282748.24799319945 50467.98903153077 4.2
7321.8 281668.01384826575 50332.905377762036 4.2
7326.0 280292.4670171192 50144.58021843229 4.2
7330.2 279610.58375464287 50079.96307636941 4.2
7334.4 279375.3415928385 50095.18675549392 4.2
7338.6 279544.41607433493 50182.92831240779 4.2
7342.8 279052.4605257685 50151.97034136946 4.2
7347.0 278077.06759632524 50033.858960783626 4.2
7351.2 277066.9842824544 49909.130063260316 4.2
7355.4 276307.4939182375 49829.20978730579 4.2
7359.6 275727.97624288825 49781.50246559706 4.2
7363.8 275347.5937258983 49769.58277372108 4.2
7368.0 275327.771966747 49822.78498578036 4.2
7372.2 275645.58284473716 49937.178426348044 4.2
7376.4 275793.6968810079 50020.95741604936 4.2
7380.6 275495.12418771395 50023.72175269128 4.2
7384.8 275037.41579298483 49997.46672137202 4.2
7389.0 274808.34813840827 50012.66532264143 4.2
7393.2 274622.64458486164 50035.70231022363 4.2
7397.4 274374.0594216496 50047.224782972095 4.2
7401.6 274009.7601476923 50037.545727576384 4.2
7405.8 273296.0129798624 49963.86198069777 4.2
7410.0 272704.8355025204 49912.34792751979 4.2
7414.2 272471.23523432476 49926.141124427806 4.2
7418.4 272335.8161413667 49957.879944555905 4.2
7422.6 271682.17171876546 49894.422468340395 4.2
7426.8 271095.1807676136 49842.980009122744 4.2
7431.0 270808.7746572291 49846.652710916824 4.2
7435.2 270545.26936278015 49854.45810081209 4.2
7439.4 269986.1177109573 49807.64408820441 4.2
7443.6 269398.51677014085 49755.37456346264 4.2
7447.8 268908.9414807343 49721.016636506654 4.2
7452.0 268336.38349422853 49671.125408206935 4.2
7456.2 267501.4603537967 49572.40623650074 4.2
7460.4 266831.4571591559 49503.966713559465 4.2
7464.6 266445.3674497359 49488.011092028355 4.2
7468.8 266030.6004356685 49466.59306110048 4.2
7473.0 265474.7926141573 49418.777748871435 4.2
7477.2 265022.8134688609 49390.11074958809 4.2
7481.4 264759.47063202586 49396.47975643859 4.2
7485.6 264355.29992773564 49376.46564288578 4.2
7489.8 263878.9898680869 49342.823828667264 4.2
7494.0 263867.4847010886 49396.024800141946 4.2
7498.2 264233.0965566797 49519.92747940478 4.2
7502.4 264107.5545240715 49551.86445067134 4.2
7506.6 263430.89402227633 49480.26307436997 4.2
7510.8 262630.3179927283 49385.107106020274 4.2
7515.0 261870.92657455947 49297.39833085575 4.2
7519.2 261178.83570833947 49222.08431414697 4.2
7523.4 260723.9632498555 49191.266019727955 4.2
7527.6 260665.879922016 49235.233282472684 4.2
7531.8 260780.8498508503 49311.92993838596 4.2
7536.0 260720.67698875998 49355.55046729687 4.2
7540.2 260442.3010719278 49357.82342672845 4.2
7544.4 260130.83914898266 49353.7321751152 4.2
7548.6 259738.56047320174 49334.18976430953 4.2
7552.8 258614.74665839283 49175.41118474456 4.2
7557.0 258289.2970275438 49168.16496227977 4.2
7561.2 257620.13495096407 49095.309252116545 4.2
7565.4 256860.58333058236 49004.95559468386 4.2
7569.6 256082.2006712465 48910.71369470534 4.2
7573.8 254888.11734500588 48736.68659798446 4.2
7578.0 252755.1730135736 48382.4659897067 4.2
7582.2 254063.79618755745 48686.88621556665 4.2
7586.4 255280.58100477024 48974.273246088276 4.2
7590.6 257715.79849152203 49496.21619783266 4.2
7594.8 263417.4681994657 50647.26523107666 4.2
7599.0 268047.87319501856 51594.570320398605 4.2
7603.2 264767.3480292932 51019.47672399254 4.2
7607.4 252979.16237237508 48801.81789316987 4.2
7611.6 244076.1475274551 47136.35543468087 4.2
7615.8 242499.1350267094 46883.497229649394 4.2
7620.0 245097.74300090075 47438.17796233834 4.2
7624.2 249685.13885284014 48379.346757401305 4.2
7628.4 252370.35566298652 48953.52843353587 4.2
7632.6 250260.46588654295 48597.73180825183 4.2
7636.8 247299.034428617 48075.521062464315 4.2
7641.0 246288.909244181 47931.82885947103 4.2
7645.2 245742.09277075826 47877.9999559381 4.2
7649.4 245187.60514186847 47822.469626557766 4.2
7653.6 245413.09515669342 47919.02798380846 4.2
7657.8 246168.91726296334 48119.37745341621 4.2
7662.0 246456.88746807002 48228.5272372702 4.2
7666.2 246112.09899614486 48213.870826727776 4.2
7670.4 245618.58778884244 48169.928313748926 4.2
7674.6 245205.2452656204 48141.5423489219 4.2
7678.8 244799.5089358838 48114.502546074866 4.2
7683.0 244689.64357655888 48145.53311424276 4.2
7687.2 241940.6783422073 47656.70370651798 4.2
7691.4 240931.9850860134 47509.88727658186 4.2
7695.6 240482.94558778466 47473.14458418851 4.2
7699.8 241278.35620864358 47682.16870641495 4.2
7704.0 241501.98597146143 47778.44378205189 4.2
7708.2 241336.6642936666 47797.810158052685 4.2
7712.4 241262.68836051805 47835.24470805133 4.2
7716.6 241324.42356370096 47899.61249363271 4.2
7720.8 241184.08657901536 47923.883085886766 4.2
7725.0 240864.2130655261 47912.408182728126 4.2
7729.2 240649.0570603376 47921.67616032773 4.2
7733.4 240598.16269810734 47963.625130075205 4.2
7737.6 240463.24583487894 47988.81213578877 4.2
7741.8 240105.08591958132 47969.36837096817 4.2
7746.0 239575.4261984377 47915.4973094206 4.2
7750.2 238934.81485498376 47839.21008236969 4.2
7754.4 238199.5053381161 47743.6920239236 4.2
7758.6 237267.65092377525 47608.445365976186 4.2
7762.8 235867.69358199032 47378.793802459586 4.2
7767.0 233523.52864345105 46958.69292414869 4.2
7771.2 230715.66471403165 46444.25490719969 4.2
7775.4 229498.45924906936 46249.17605093185 4.2
7779.6 230718.65932424134 46545.31781006921 4.2
7783.8 232621.5353197232 46979.89047880563 4.2
7788.0 233789.69749848288 47266.778100508076 4.2
7792.2 234462.3280333373 47453.909753870605 4.2
7796.4 234799.42503242436 47573.37908754475 4.2
7800.6 234477.53367224106 47559.359809154106 4.2
7804.8 233753.27133075945 47463.52619465342 4.2
7809.0 233207.44402122553 47403.67369731635 4.2
7813.2 232922.46197846098 47396.68854849982 4.2
7817.4 232541.56224571532 47370.06710989561 4.2
7821.6 232039.5691317484 47318.61233190527 4.2
7825.8 231758.5501911997 47312.07547558297 4.2
7830.0 231691.30226724138 47349.129605240254 4.2
7834.2 231347.0391971737 47329.5090995315 4.2
7838.4 230709.99538200808 47249.80276801934 4.2
7842.6 230129.9402151948 47181.52782124057 4.2
7846.8 229581.07647336612 47119.426942027356 4.2
7851.0 229006.23144255718 47051.773746362865 4.2
7855.2 228731.91219203823 47045.707057587126 4.2
7859.4 228645.40064070316 47078.21630771961 4.2
7863.6 228188.85370866145 47034.44242505416 4.2
7867.8 227312.1404907414 46903.796832502834 4.2
7872.0 226301.3182810678 46745.08996982476 4.2
7876.2 225357.37925135778 46599.79433872487 4.2
7880.4 224820.92485147904 46538.45914393097 4.2
7884.6 224566.99280521978 46535.458795308055 4.2
7888.8 223929.52719686608 46452.811043145164 4.2
7893.0 222626.59763471753 46231.71455129201 4.2
7897.2 221217.24582863416 45987.94465184268 4.2
7901.4 220890.56122091357 45968.888193189734 4.2
7905.6 221825.55747551087 46212.55707940517 4.2
7909.8 222565.70745336154 46416.03083838972 4.2
7914.0 222198.52048857973 46388.67842444783 4.2
7918.2 221425.85002822764 46276.44620931455 4.2
7922.4 221058.75646757366 46248.75008223973 4.2
7926.6 221172.62317206454 46321.64778378853 4.2
7930.8 221288.71091777488 46395.087699940275 4.2
7935.0 220926.28643763025 46368.17469224467 4.2
7939.2 220339.20063820525 46293.92460388978 4.2
7943.4 219934.00845117788 46257.696248713706 4.2
7947.6 219402.33867135737 46194.68393463412 4.2
7951.8 218483.35593886185 46049.82668419653 4.2
7956.0 217586.37947963894 45909.22907591299 4.2
7960.2 217142.73101777062 45864.00752265614 4.2
7964.4 217217.6582186226 45928.26080280613 4.2
7968.6 217537.03284244443 46044.31326476434 4.2
7972.8 217640.39982151738 46114.76501882731 4.2
7977.0 217301.1729760889 46091.41063711665 4.2
7981.2 216700.9758064079 46012.517962934755 4.2
7985.4 216174.22159297433 45948.993211611036 4.2
7989.6 215831.67491030777 45924.45382636194 4.2
7993.8 215460.02116227086 45893.58667523084 4.2
7998.0 214910.90605005604 45824.738992845356 4.2
8002.2 214282.37518513013 45738.719295271796 4.2
8006.4 213606.60983907522 45642.35031958357 4.2
8010.6 212882.10805449332 45535.278801490924 4.2
8014.8 212416.31757790706 45483.30345552901 4.2
8019.0 212346.36340711595 45515.99069856125 4.2
8023.2 212393.88951308865 45573.87953170674 4.2
8027.4 212208.82783160027 45581.85549747791 4.2
8031.6 211645.53589925086 45508.44540423015 4.2
8035.8 210998.32917639476 45416.74444713369 4.2
8040.0 210729.41291277957 45406.28805914243 4.2
8044.2 210817.92537345886 45472.83174352401 4.2
8048.4 210887.16567978158 45535.278801490924 4.2
8052.6 210717.69220888906 45546.18438804666 4.2
8056.8 210366.26140227568 45517.667600517394 4.2
8061.0 209907.23716641017 45465.71235651389 4.2
8065.2 209323.97430301525 45386.63656657867 4.2
8069.4 208746.29056409333 45308.532914761214 4.2
8073.6 208358.2960121696 45271.40780905984 4.2
8077.8 208134.01515450247 45269.73997948257 4.2
8082.0 207875.6223792313 45260.56801505745 4.2
8086.2 207424.61717057778 45209.32262363683 4.2
8090.4 206736.55081961083 45106.174945772415 4.2
8094.6 205916.17831314635 44973.843054541525 4.2
8098.8 205295.72521734843 44884.8729274595 4.2
8103.0 205022.52454721753 44871.64591812886 4.2
8107.2 204768.65648224365 44862.55461033081 4.2
8111.4 204091.8290795245 44760.61036225372 4.2
8115.6 203067.29688338868 44582.046447482906 4.2
8119.8 202070.34842942355 44409.102883586995 4.2
8124.0 200985.82333287114 44216.463082719114 4.2
8128.2 200576.70487874578 44172.09525190035 4.2
8132.4 201528.18396548048 44427.51273133791 4.2
8136.6 201960.91145884735 44568.90867731903 4.2
8140.8 201867.81585794556 44594.36662416756 4.2
8145.0 201425.79083060063 44542.64475045882 4.2
8149.2 200953.3736820008 44484.017200033464 4.2
8153.4 200341.88544858692 44394.380498175065 4.2
8157.6 199822.52482638028 44324.92403801591 4.2
8161.8 199422.13332959058 44281.670905823965 4.2
8166.0 198881.553445811 44207.09735523576 4.2
8170.2 198055.94316364126 44068.87866460023 4.2
8174.4 197965.487646287 44094.05099221634 4.2
8178.6 197561.9564690828 44049.40028070775 4.2
8182.8 196834.57268475275 43932.30600866615 4.2
8187.0 196249.10008892117 43846.60782646006 4.2
8191.2 196147.2369357015 43868.824773213455 4.2
8195.4 196195.45565988406 43924.618682971544 4.2
8199.6 196191.37962879846 43968.737940602216 4.2
8203.8 195120.60160848455 43773.57328529409 4.2
8208.0 193235.34157798885 43395.03070526954 4.2
8212.2 192110.10945416422 43186.49914688761 4.2
8216.4 193420.32419831413 43525.52317273805 4.2
8220.6 194974.68227438797 43920.168740818655 4.2
8224.8 195274.9622120406 44032.76931227082 4.2
8229.0 194182.9658858682 43831.264508718035 4.2
8233.2 192543.08411420666 43505.483543222654 4.2
8237.4 191810.75019066487 43384.24060587395 4.2
8241.6 191308.4661322976 43314.76873816313 4.2
8245.8 190161.9669808301 43099.08002592691 4.2
8250.0 190687.11916205645 43262.140159891555 4.2
8254.2 191259.61595786826 43436.21758779305 4.2
8258.4 190854.07011285084 43388.23662612246 4.2
8262.6 189536.0377121116 43132.437332540976 4.2
8266.8 189177.8969151934 43094.71371794955 4.2
8271.0 189547.1300273199 43222.710694410904 4.2
8275.2 190325.18341460705 43444.21957174988 4.2
8279.4 190668.75231008063 43566.8339076441 4.2
8283.6 190666.7728120141 43610.593795081746 4.2
8287.8 190310.49125950236 43573.25462663586 4.2
8292.0 188610.84808721746 43227.88625065569 4.2
8296.2 187905.21277937945 43109.799203001996 4.2
8300.4 187317.87022048468 43018.57300039437 4.2
8304.6 187293.9792006061 43056.62652840703 4.2
8308.8 186906.60295573034 43011.045560757884 4.2
8313.0 186451.4193353349 42949.68668197885 4.2
8317.2 186306.05290222107 42959.577351471155 4.2
8321.4 186166.03863334193 42970.65760538028 4.2
8325.6 184990.81750409125 42742.507837485144 4.2
8329.8 185148.4610837786 42822.103813432695 4.2
8334.0 185011.30328354947 42833.54311947851 4.2
8338.2 184760.2915642474 42818.554305185295 4.2
8342.4 184559.0031323638 42815.005091155654 4.2
8346.6 184074.67938981607 42745.65733787998 4.2
8350.8 183931.91378187103 42755.50102247017 4.2
8355.0 183518.70934925755 42702.37204267335 4.2
8359.2 183482.9957843878 42736.996770166865 4.2
8363.4 183728.07204130408 42837.09387024614 4.2
8367.6 183613.00242651242 42853.273237731155 4.2
8371.8 183087.86715914577 42773.61932533162 4.2
8376.0 182603.00380966713 42703.158656680826 4.2
8380.2 182453.6213380141 42711.0255937537 4.2
8384.4 182477.48057949723 42759.43913099576 4.2
8388.6 182370.37138978255 42777.16510862651 4.2
8392.8 182150.97770298034 42768.49815722008 4.2
8397.0 182019.09400500508 42780.31716275718 4.2
8401.2 181895.77322118048 42794.11013068183 4.2
8405.4 181581.8696074624 42762.98373880217 4.2
8409.6 181071.69887441004 42685.46334580203 4.2
8413.8 180549.74770064655 42604.94411719496 4.2
8418.0 180255.0380468722 42577.87670241668 4.2
8422.2 180302.66839662226 42631.63608545988 4.2
8426.4 180413.53344591876 42700.405571047435 4.2
8430.6 180094.4322057917 42667.38238457186 4.2
8434.8 179065.39950549058 42465.8674654524 4.2
8439.0 177323.90265244446 42094.75633943432 4.2
8443.2 175753.14331883937 41763.41463806192 4.2
8447.4 175526.67904798238 41751.10748335515 4.2
8451.6 176384.08066749154 41996.78065648354 4.2
8455.8 177116.8379130299 42213.17323249259 4.2
8460.0 177029.04586394902 42234.173529854044 4.2
8464.2 176451.52708031578 42138.201931689684 4.2
8468.4 176091.5546704314 42093.98093250847 4.2
8472.6 176231.62585483436 42169.26194781343 4.2
8476.8 176995.1562950234 42393.961395152015 4.2
8481.0 178025.8747089352 42683.10452510118 4.2
8485.2 178148.05623092505 42754.71344428957 4.2
8489.4 176803.663953268 42474.08188679638 4.2
8493.6 174526.60717802763 41968.553407871186 4.2
8497.8 172263.09415116094 41465.222488178326 4.2
8502.0 170999.58384086913 41201.78200783906 4.2
8506.2 171328.6825060512 41321.87313357632 4.2
8510.4 173039.5228040699 41775.72542060198 4.2
8514.6 175163.95957843872 42330.36370753065 4.2
8518.8 176786.22013884576 42764.55921436542 4.2
8523.0 177546.56640103465 42990.846840237275 4.2
8527.2 177090.94535501703 42922.79557999051 4.2
8531.4 174844.76975954694 42420.130477247 4.2
8535.6 171038.21096415102 41537.46611474155 4.2
8539.8 167003.60852077152 40597.56632515645 4.2
8544.0 164400.36421620264 40004.05355386494 4.2
8548.2 164481.063487833 40063.049164679345 4.2
8552.4 167075.68294203188 40735.0262021792 4.2
8556.6 170752.39119022133 41672.35076609015 4.2
8560.8 174275.58636022304 42573.955315638676 4.2
8565.0 176803.36242540248 43233.85881640548 4.2
8569.2 177851.1576827743 43532.73969882062 4.2
8573.4 177483.94831724945 43485.45314017378 4.2
8577.6 176018.24031382243 43168.60354964819 4.2
8581.8 173505.19257796268 42593.958164805 4.2
8586.0 169660.00928480446 41690.77803276726 4.2
8590.2 164748.96846006004 40523.598145577824 4.2
8594.4 160216.0901844373 39447.18346870335 4.2
8598.6 157912.95552687033 38918.13318769212 4.2
8602.8 159038.25497807452 39233.766224660176 4.2
8607.0 162885.2087584597 40222.03133428475 4.2
8611.2 167277.64379324848 41346.999611855426 4.2
8615.4 171126.93146676882 42339.72179117402 4.2
8619.6 174538.41579527178 43225.89557876338 4.2
8623.8 177219.66154208127 43932.71064202092 4.2
8628.0 178687.0100362761 44339.62338977439 4.2
8632.2 178890.08348481514 44433.2417958944 4.2
8636.4 177983.5059182735 44251.09277375606 4.2
8640.6 176039.2271212427 43810.277089969444 4.2
8644.8 172963.85424453457 43086.77610942156 4.2
8649.0 168511.46741931568 42018.44730368953 4.2
8653.2 162676.10727785432 40602.80150633166 4.2
8657.4 156151.54554927247 39012.16029526763 4.2
8661.6 150496.0173651135 37635.70016936712 4.2
8665.8 147701.1686094292 36972.600659421485 4.2
8670.0 148667.16500489772 37250.490865122185 4.2
8674.2 152860.18889062124 38338.22483663493 4.2
8678.4 158820.26915465688 39871.63087180555 4.2
8682.6 164569.62021840742 41354.9976040405 4.2
8686.8 169292.4574934995 42582.97504521221 4.2
8691.0 173422.62470698982 43664.04842758516 4.2
8695.2 176632.2915129689 44515.16628412483 4.2
8699.4 178204.49492852678 44954.79276788919 4.2
8703.6 178518.57344400708 45077.518470060466 4.2
8707.8 178338.19364101888 45075.442621417926 4.2
8712.0 177874.42993025502 45001.604654361174 4.2
8716.2 176964.79644988297 44814.649075853726 4.2
8720.4 175425.38657734424 44467.631700958525 4.2
8724.6 172992.07384416737 43893.07428145566 4.2
8728.8 169299.69245669965 42997.57869289469 4.2
8733.0 164167.1785990654 41734.19106724113 4.2
8737.2 157812.24589903312 40157.2532984057 4.2
8741.4 150724.2971457011 38390.52047022109 4.2
8745.6 143863.3054911255 36678.19879111691 4.2
8749.8 139144.16609515922 35509.1273921502 4.2
8754.0 138744.62586803763 35441.165872488025 4.2
8758.2 142814.24816481723 36515.73107520173 4.2
8762.4 149353.3971518654 38224.340403999995 4.2
8766.6 156227.9997827471 40022.11172497028 4.2
8770.8 162228.382794724 41599.10625181955 4.2
8775.0 167047.1245856743 42875.776658499286 4.2
8779.2 170818.68294177845 43885.79802184995 4.2
8783.4 173666.4522504833 44660.131757051684 4.2
8787.6 175700.37740031068 45226.39797068749 4.2
8791.8 177001.7885233792 45604.951689103495 4.2
8796.0 177519.8054810875 45782.13060822145 4.2
8800.2 177383.07120393642 45790.56476512933 4.2
8804.4 177169.81205895418 45779.179020329386 4.2
8808.6 177292.95419051923 45854.71515548993 4.2
8812.8 177190.90497472015 45872.03426424301 4.2
8817.0 176190.94022421134 45656.64553153245 4.2
8821.2 174616.7565686955 45291.84370881922 4.2
8825.4 172957.9216828926 44904.30716655025 4.2
8829.6 171054.77247858027 44452.48048787051 4.2
8833.8 168528.80052498996 43837.724198514654 4.2
8838.0 165015.69781183836 42964.72139970986 4.2
8842.2 160225.8510011459 41757.26060729603 4.2
8846.4 154117.5546470146 40203.512668740674 4.2
8850.6 146881.74651983683 38352.3517627513 4.2
8854.8 138984.93936182838 36324.86425275996 4.2
8859.0 131818.34398233116 34484.5052867946 4.2
8863.2 127927.57162211095 33498.39505435552 4.2
8867.4 128955.73338574149 33799.63419170239 4.2
8871.6 134205.2020457956 35208.86294952347 4.2
8875.8 141610.1032549331 37186.73081095342 4.2
8880.0 148941.3627594277 39148.939318590055 4.2
8884.2 154863.33270711888 40744.03160040905 4.2
8888.4 159221.63282714525 41930.30292784979 4.2
8892.6 162487.41867633813 42830.78162791914 4.2
8896.8 165110.08433752702 43563.222668996365 4.2
8901.0 167162.8060128386 44146.471764622605 4.2
8905.2 168691.77169145268 44592.31302497746 4.2
8909.4 169591.60075557878 44872.47249200553 4.2
8913.6 169678.56104063347 44937.81996610649 4.2
8917.8 169529.70190387743 44940.71730782702 4.2
8922.0 169738.67859893112 45038.50850627039 4.2
8926.2 169657.09559673272 45059.25428245464 4.2
8930.4 168858.6960440728 44889.42061235636 4.2
8934.6 168203.4993354239 44757.31240010298 4.2
8938.8 168014.51942759773 44749.06855778538 4.2
8943.0 167395.12006894877 44626.00399713071 4.2
8947.2 165811.6205725723 44245.38719484827 4.2
8951.4 165223.31292926928 44129.8041465883 4.2
8955.6 164102.75772811566 43871.653192045116 4.2
8959.8 162746.86210370783 43549.98402140375 4.2
8964.0 161423.05378644538 43236.248073753886 4.2
8968.2 160012.78529392707 42898.687006116175 4.2
8972.4 158642.6666306118 42571.210559784 4.2
8976.6 157311.87522900256 42253.627564643844 4.2
8980.8 155474.51294323805 41799.20290284517 4.2
8985.0 154028.50203906288 41449.185420088346 4.2
8989.2 151454.8441724205 40794.72407317323 4.2
8993.4 147201.9064673298 39686.2441649348 4.2
8997.6 143184.46147769195 38639.1887856657 4.2
9001.8 137783.9196821573 37216.540465574486 4.2
9006.0 130320.68961895019 35233.51728386213 4.2
9010.2 122823.19554444728 33237.473187758194 4.2
9014.4 118025.4334635138 31968.92258884081 4.2
9018.6 117947.02860727668 31977.46262440381 4.2
9022.8 122627.13817211217 33277.29371979476 4.2
9027.0 130463.90387905191 35436.922598914505 4.2
9031.2 137537.8827825314 37393.14555077445 4.2
9035.4 141079.03727272642 38391.58125415789 4.2
9039.6 143986.8490072832 39219.3146332649 4.2
9043.8 148203.80559644965 40405.4548458449 4.2
9048.0 150646.85548213878 41109.670891816124 4.2
9052.2 152367.72153310943 41617.88444332239 4.2
9056.4 151487.9409557905 41415.98550719336 4.2
9060.6 152245.10527112638 41661.605288752595 4.2
9064.8 152925.8142761859 41886.68589251327 4.2
9069.0 152853.1703513017 41905.593899919324 4.2
9073.2 152889.0163413178 41954.25369206995 4.2
9077.4 152955.92620988307 42011.481805468786 4.2
9081.6 152495.32007568097 41923.73817165253 4.2
9085.8 152570.6193607639 41983.24467578983 4.2
9090.0 151834.1590027901 41819.22691166148 4.2
9094.2 151612.9341658902 41796.89305735309 4.2
9098.4 151854.33785560462 41902.12036083789 4.2
9102.6 152041.56709964323 41992.52602092535 4.2
9106.8 151751.7321497378 41951.162502302446 4.2
9111.0 151657.94309452828 41963.91512825508 4.2
9115.2 152349.43589397613 42194.12644379848 4.2
9119.4 152657.00018820804 42318.27924400183 4.2
9123.6 152172.71236159184 42222.89429396949 4.2
9127.8 151382.97068279085 42042.44841634544 4.2
9132.0 150861.16219471095 41936.09621345433 4.2
9136.2 149238.90658663106 41523.31328095736 4.2
9140.4 149406.96764995038 41608.302674474544 4.2
9144.6 149584.92491828892 41696.154186958105 4.2
9148.8 149939.82076507653 41833.48060484486 4.2
9153.0 149024.72531243015 41616.35121204039 4.2
9157.2 148221.72235469363 41430.10175930793 4.2
9161.4 148319.2646953741 41495.404263436154 4.2
9165.6 147687.4032770477 41356.52120652207 4.2
9169.8 147008.1890685729 41204.058965370474 4.2
9174.0 146666.7887029081 41146.03583615944 4.2
9178.2 146214.42495933257 41056.69628453847 4.2
9182.4 144793.42456964534 40694.901347244464 4.2
9186.6 143641.40385176506 40408.05996576727 4.2
9190.8 142098.86975006893 40010.686220742915 4.2
9195.0 141002.16712493525 39738.182503777345 4.2
9199.2 139725.96985447465 39414.498038770325 4.2
9203.4 138700.06323073653 39160.84010392662 4.2
9207.6 136533.85928353475 38584.42210278768 4.2
9211.8 133459.1191486215 37749.916905122074 4.2
9216.0 127414.93076107588 36073.14437818599 4.2
9220.2 118855.85250502269 33680.61399075415 4.2
9224.4 109114.13156629377 30948.243128228252 4.2
9228.6 104237.88949523105 29592.1145875614 4.2
9232.8 103682.72400547311 29461.3063447894 4.2
9237.0 112591.95690978393 32021.966584991005 4.2
9241.2 117831.2584028585 33542.544143597486 4.2
9245.4 127075.50481077988 36206.954812768796 4.2
9249.6 130058.6826153078 37090.61205943437 4.2
9253.8 132585.80713091936 37845.65273139882 4.2
9258.0 134378.84433848708 38392.28845973312 4.2
9262.2 135453.09900969974 38734.32569767727 4.2
9266.4 136198.13730481899 38982.70756617622 4.2
9270.6 137366.7328029944 39352.832767580534 4.2
9274.8 139630.45333252783 40037.59664522465 4.2
9279.0 140503.423145565 40324.40797596289 4.2
9283.2 140881.45894839294 40469.51502845762 4.2
9287.4 141319.12945860648 40631.98130506648 4.2
9291.6 141324.10510620096 40670.17114760795 4.2
9295.8 141126.22093735862 40649.94852653019 4.2
9300.0 140901.4160011442 40621.87823312987 4.2
9304.2 141483.95132772723 40826.673907965844 4.2
9308.4 142243.09054549242 41082.79666139645 4.2
9312.6 142271.97361050447 41128.22814802141 4.2
9316.8 141977.5603249074 41080.148040993976 4.2
9321.0 141691.64382822037 41034.39172265671 4.2
9325.2 140922.6965202499 40848.48933299529 4.2
9329.4 140108.93336147274 40649.199733702684 4.2
9333.6 140595.32661988382 40827.04993726019 4.2
9337.8 141823.473912492 41220.7604992743 4.2
9342.0 140697.22402011542 40930.21255602489 4.2
9346.2 137800.6017775426 40123.60995991866 4.2
9350.4 137471.5643997508 40063.78716011458 4.2
9354.6 139125.5232959245 40582.2386058265 4.2
9358.8 139237.72602368548 40651.44615356533 4.2
9363.0 138380.59956494274 40437.472251805906 4.2
9367.2 138273.0901805815 40442.314299161895 4.2
9371.4 137788.28800457236 40336.66608899256 4.2
9375.6 136878.46114405262 40106.244769843724 4.2
9379.8 136325.8135747097 39980.11140961062 4.2
9384.0 135169.04845143534 39676.37624890346 4.2
9388.2 133935.77309259266 39349.57082591892 4.2
9392.4 134134.3765381114 39443.18712929783 4.2
9396.6 135199.7145988097 39792.02126367456 4.2
9400.8 136114.26055970063 40097.01102882365 4.2
9405.0 137072.91700212515 40415.504091096336 4.2
9409.2 136863.56710258286 40389.827652942025 4.2
9413.4 136098.1519177794 40199.80995890091 4.2
9417.6 135295.9429666599 39998.52717138058 4.2
9421.8 135576.83542348622 40117.328065948226 4.2
9426.0 135469.76700871953 40121.392708556064 4.2
9430.2 134308.48417400924 39812.91713766666 4.2
9434.4 133141.266443362 39502.08325606257 4.2
9438.6 133210.38756135642 39557.78812372009 4.2
9442.8 133698.85008487297 39738.182503777345 4.2
9447.0 133339.07070026913 39666.51078651239 4.2
9451.2 133681.51160193663 39803.750930054855 4.2
9455.4 133843.54870194604 39887.424944713115 4.2
9459.6 133244.0146389799 39744.03897027329 4.2
9463.8 131105.87317991816 39141.00747098305 4.2
9468.0 131447.6287952448 39277.876476117395 4.2
9472.2 132694.0764220092 39685.513124034165 4.2
9476.4 133029.04906005698 39820.98514643592 4.2
9480.6 132746.05022828074 39771.502664305524 4.2
9484.8 131585.76190792973 39458.811485753584 4.2
9489.0 130074.55878865399 39040.196956369364 4.2
9493.2 129867.35446858709 39012.519612197044 4.2
9497.4 130623.04266232162 39274.25901659592 4.2
9501.6 129029.1296464338 38829.33922148825 4.2
9505.8 126500.40313508581 38102.0199428018 4.2
9510.0 126619.3911388131 38171.56798844456 4.2
9514.2 127557.11895440615 38488.23538982174 4.2
9518.4 126630.21713237386 38242.299640108424 4.2
9522.6 124089.25313865795 37508.00800296185 4.2
9526.8 120309.28858829549 36397.53731928754 4.2
9531.0 116324.80029809933 35223.13440804044 4.2
9535.2 112784.55781582928 34181.25466574779 4.2
9539.4 106118.50799658195 32189.334653016118 4.2
9543.6 99234.06857959168 30127.562772381632 4.2
9547.8 96250.41891764526 29247.449515285494 4.2
9552.0 97552.99945327155 29669.34782476037 4.2
9556.2 101273.26084599926 30827.904149335933 4.2
9560.4 106559.73414093003 32465.64234692923 4.2
9564.6 112610.692814406 34339.34444433123 4.2
9568.8 118918.740265263 36294.765936455515 4.2
9573.0 121040.0618385531 36974.64389729676 4.2
9577.2 122654.6848720925 37500.75401257941 4.2
9581.4 124321.80650062828 38043.80964644192 4.2
9585.6 125496.22154573096 38436.86868406034 4.2
9589.8 125570.07540299238 38493.19856627834 4.2
9594.0 125847.85754922198 38612.151363565 4.2
9598.2 125339.99248970902 38490.00787937573 4.2
9602.4 124681.3995345649 38321.279393869714 4.2
9606.6 125393.15764604954 38573.7623057426 4.2
9610.8 126952.7682618606 39087.689522702465 4.2
9615.0 126963.43903818501 39125.14859658637 4.2
9619.2 125059.113437541 38571.98595924325 4.2
9623.4 123765.66486025033 38206.38960185512 4.2
9627.6 124611.22867684721 38500.9991366941 4.2
9631.8 125430.2657935146 38787.87612905058 4.2
9636.0 124913.00956542238 38661.61573673781 4.2
9640.2 124852.47805278719 38676.57426867922 4.2
9644.4 124526.79940182697 38609.3064199257 4.2
9648.6 124027.11740053026 38487.88090170623 4.2
9652.8 123935.19053275815 38492.84403245018 4.2
9657.0 124058.00471287787 38564.52619717969 4.2
9661.2 124254.20909978783 38659.123210606645 4.2
9665.4 124235.46530910413 38686.90615643058 4.2
9669.6 123683.63387816759 38548.545850492956 4.2
9673.8 123353.3777030298 38479.01975983922 4.2
9678.0 123828.90118869385 38660.90357001681 4.2
9682.2 124108.39405693387 38781.80336228247 4.2
9686.4 124108.19408010885 38815.394100409736 4.2
9690.6 123187.86252222794 38560.974436621356 4.2
9694.8 123153.72329613456 38583.71135801287 4.2
9699.0 123053.88683000677 38585.84363161573 4.2
9703.2 122948.51529152563 38586.19902200581 4.2
9707.4 122798.03121286584 38572.341221998846 4.2
9711.6 122718.9644396702 38580.868509833104 4.2
9715.8 122627.5699634172 38585.48824449892 4.2
9720.0 122143.03999488866 38466.2632995103 4.2
9724.2 122123.00712488696 38493.19856627834 4.2
9728.4 121729.10154234424 38402.190705763605 4.2
9732.6 121864.0214057914 38477.9565599206 4.2
9736.8 122397.55877937016 38679.780421282354 4.2
9741.0 121842.32230586318 38537.54101954849 4.2
9745.2 121319.81563091012 38405.374112929654 4.2
9749.4 120523.98329675724 38186.33691644015 4.2
9753.6 120364.76513512456 38168.75550699207 4.2
9757.8 120369.76979618096 38203.22268844082 4.2
9762.0 119285.49801684676 37891.6921295805 4.2
9766.2 119685.634634541 38051.519149083535 4.2
9770.4 119433.06192838027 38003.885416216035 4.2
9774.6 119580.19756143703 38083.42505535562 4.2
9778.8 119763.95434126156 38174.732277795054 4.2
9783.0 119150.85076787762 38011.93692955661 4.2
9787.2 118592.25534889486 37866.22402947017 4.2
9791.4 119021.02035596874 38035.751381969 4.2
9795.6 120453.42951750799 38526.53933026091 4.2
9799.8 120614.30808833452 38611.08448513504 4.2
9804.0 119240.18730486903 38203.92642429107 4.2
9808.2 119654.93872472436 38369.66434157482 4.2
9812.4 120359.05441941707 38628.513858117054 4.2
9816.6 120766.6625941098 38792.520651138235 4.2
9820.8 120164.31669462516 38632.071839572796 4.2
9825.0 118826.18024283298 38234.55148401106 4.2
9829.2 118068.19142909114 38023.14187277118 4.2
9833.4 118647.2955880022 38242.299640108424 4.2
9837.6 119795.0669739474 38645.239220696385 4.2
9841.8 120618.01697598827 38943.950093153275 4.2
9846.0 121213.1093450345 39169.4974927399 4.2
9850.2 121638.52846472837 39340.511295456 4.2
9854.4 121561.732556685 39349.20840464708 4.2
9858.6 121128.61811928003 39242.43973544071 4.2
9862.8 120691.53246665705 39134.15853224568 4.2
9867.0 120279.32946255006 39033.725169811616 4.2
9871.2 119986.76719209598 38971.937733992956 4.2
9875.4 119943.26411725831 38990.96645303989 4.2
9879.6 119937.37288674661 39022.22242036908 4.2
9883.8 119977.92789659176 39068.613600000805 4.2
9888.0 120427.13077364236 39248.223141199014 4.2
9892.2 120848.00298373384 39418.85453082483 4.2
9896.4 120452.21023896261 39323.12284345179 4.2
9900.6 119634.9921320009 39089.489618775115 4.2
9904.8 119162.0136623884 38967.98954107318 4.2
9909.0 119275.0474212935 39038.03957496764 4.2
9913.2 119876.35199865233 39268.11010000619 4.2
9917.4 120192.56255622703 39405.06062429307 4.2
9921.6 119591.91679159056 39241.35544173972 4.2
9925.8 118625.54329230136 38957.223775068436 4.2
9930.0 118273.31178948455 38874.426938903154 4.2
9934.2 118806.29605524374 39082.64969469109 4.2
9938.4 119568.37040442333 39366.60839153228 4.2
9942.6 119994.49416943589 39540.303635655626 4.2
9946.8 119977.1340009475 39567.99097867158 4.2
9951.0 119264.66763820256 39366.24581333939 4.2
9955.2 118078.0781348102 39007.48947632724 4.2
9959.4 117181.45983013736 38743.95931620929 4.2
9963.6 117025.5488855371 38725.051143787634 4.2
9967.8 117739.6183738307 38994.19866765413 4.2
9972.0 118550.86170360772 39295.96877227442 4.2
9976.2 118211.2910106652 39216.42495383042 4.2
9980.4 116941.6883414587 38827.9087221167 4.2
9984.6 115890.52032289712 38511.28412208687 4.2
9988.8 115400.21542482376 38380.621233434125 4.2
9993.0 115159.95324915845 38332.928580995576 4.2
9997.2 114715.07507651947 38216.94787604617 4.2
10001.4 113650.58113775011 37894.13517600668 4.2
10005.6 112271.8763930779 37465.88536769953 4.2
10009.8 111223.98581313693 37147.36388161554 4.2
10014.0 110104.7564482201 36804.421857199246 4.2
10018.2 109445.4873881388 36614.74382982135 4.2
10022.4 108255.45539925645 36246.9943406727 4.2
10026.6 107117.85698439155 35896.16063555246 4.2
10030.8 106184.74102048074 35613.28211203137 4.2
10035.0 104850.49885289559 35195.2455878256 4.2
10039.2 99215.3896049336 33331.58761426638 4.2
10043.4 90765.27654867453 30518.276255853325 4.2
10047.6 87608.97116019702 29481.66452488902 4.2
10051.8 87260.47585121988 29388.945263010242 4.2
10056.0 89988.44046015966 30333.044343602094 4.2
10060.2 93847.78466342733 31660.371024010114 4.2
10064.4 98212.2083751499 33160.41827762237 4.2
10068.6 102806.14613082411 34740.49482395116 4.2
10072.8 107091.95155788344 36218.96202488388 4.2
10077.0 108773.40847322717 36818.32271303441 4.2
10081.2 107886.91958999439 36548.70554114898 4.2
10085.4 107798.07352437693 36549.04216871744 4.2
10089.6 107784.75939185511 36574.97180436559 4.2
10093.8 107275.33121482296 36432.418328021595 4.2
10098.0 108852.52860554561 36998.83078768719 4.2
10102.2 110428.53996427618 37565.74446848653 4.2
10106.4 111063.73858983794 37813.24947614998 4.2
10110.6 110956.15453598149 37808.02574352747 4.2
10114.8 111034.6824735996 37866.22402947017 4.2
10119.0 111511.09049264097 38060.281843963494 4.2
10123.2 111828.78863023201 38200.40787466945 4.2
10127.4 111956.50375313948 38275.775620066015 4.2
10131.6 112421.45041431164 38466.61758851973 4.2
10135.8 113050.68282692133 38713.99592414833 4.2
10140.0 113443.95129090638 38880.87231383492 4.2
10144.2 114132.583654749 39149.29989530662 4.2
10148.4 115326.76274824188 39591.68632404399 4.2
10152.6 115179.37113804868 39573.82236296945 4.2
10156.8 114040.58940511556 39214.98019395618 4.2
10161.0 113181.73627645631 38951.842007472806 4.2
10165.2 113477.40587426245 39085.8895095254 4.2
10169.4 113729.88357824055 39205.22945689685 4.2
10173.6 112796.58159765933 38915.62412380251 4.2
10177.8 111527.36199905344 38509.51065274826 4.2
10182.0 111064.44975203922 38381.32823711644 4.2
10186.2 111731.8157793115 38643.81550369458 4.2
10190.4 112953.26567270448 39098.49134270599 4.2
10194.6 113665.55430670478 39377.48729031568 4.2
10198.8 113473.67077597536 39343.410118246546 4.2
10203.0 113273.80296509566 39306.466122314145 4.2
10207.2 113606.71596989101 39454.45057773758 4.2
10211.4 113358.65317705249 39400.7056567132 4.2
10215.6 112397.71850621987 39098.85145477771 4.2
10219.8 111084.2433340406 38673.724578359404 4.2
10224.0 111871.52881083668 38979.83531995276 4.2
10228.2 113356.60531701801 39529.74383598713 4.2
10232.4 113376.28873162525 39569.08429777067 4.2
10236.6 112427.81956715097 39270.280195926614 4.2
10240.8 110392.98725125965 38591.174831174394 4.2
10245.0 107853.27304116738 37734.27411577585 4.2
10249.2 107948.67571372115 37798.624843260935 4.2
10253.4 110705.56541983169 38795.73641529055 4.2
10257.6 113811.39213455844 39916.8259159254 4.2
10261.8 113308.41447477271 39772.967927602964 4.2
10266.0 109635.38218321546 38515.1860421267 4.2
10270.2 106815.7889613665 37555.36610359 4.2
10274.4 106615.49205675274 37515.60892646241 4.2
10278.6 108333.13814725574 38151.18219221824 4.2
10282.8 109344.8862083576 38538.960821181485 4.2
10287.0 108994.29711788021 38446.78242834652 4.2
10291.2 108501.86868376339 38304.34144096726 4.2
10295.4 108731.3563197963 38416.69503132608 4.2
10299.6 109194.4430670534 38611.79573414644 4.2
10303.8 109050.18686520307 38592.24115947299 4.2
10308.0 105826.98784237317 37482.107335736706 4.2
10312.2 104641.17316373167 37092.32018457339 4.2
10316.4 106340.06199037594 37725.23901441628 4.2
10320.6 105919.36348638554 37606.59387100271 4.2
10324.8 103957.0529225464 36939.92420498616 4.2
10329.0 103179.32915348066 36693.40378314957 4.2
10333.2 103709.74923531787 36912.03593701964 4.2
10337.4 104798.39030034962 37329.82895527835 4.2
10341.6 105514.8979202549 37615.60055714443 4.2
10345.8 104624.42821891792 37328.453698888654 4.2
10350.0 102794.18678353558 36705.23424573097 4.2
10354.2 102820.60519037556 36744.471055589114 4.2
10358.4 103631.52742668326 37064.316863314685 4.2
10362.6 102372.61230849427 36643.757464783026 4.2
10366.8 99287.78327114209 35568.37301985746 4.2
10371.0 97874.14612297402 35090.374239587945 4.2
10375.2 98143.21943466771 35215.349259153874 4.2
10379.4 100561.73475432872 36112.37071099473 4.2
10383.6 103728.32266138135 37279.66490799473 4.2
10387.8 104941.21688032297 37746.09251343634 4.2
10392.0 103471.07915275033 37247.403185798416 4.2
10396.2 100575.45434695737 36234.31036854963 4.2
10400.4 99068.86090472832 35720.3742140972 4.2
10404.6 99868.94854118983 36037.94349479488 4.2
10408.8 97769.61995001102 35308.88472102737 4.2
10413.0 99618.84862547806 36005.76146528485 4.2
10417.2 99959.3101310287 36157.966661756174 4.2
10421.4 96798.61058154008 35042.89682644377 4.2
10425.6 93902.92883507845 34022.01251523876 4.2
10429.8 94314.24524207329 34198.57420658613 4.2
10434.0 94681.164324324 34359.27568051669 4.2
10438.2 103172.04217906136 37470.716708973014 4.2
