3000.0 10864.424976567107 325.9327492970132 4.2
3004.2 10092.890723858809 303.63511799854297 4.2
3008.4 10274.249187229123 309.95596598373703 4.2
3012.6 11488.68471457741 347.56176979734676 4.2
3016.8 12668.354737528189 384.3191277057922 4.2
3021.0 14421.279836919492 438.7165319204512 4.2
3025.2 16392.193472166393 500.06216867010545 4.2
3029.4 18166.029393472014 555.7148470514104 4.2
3033.6 19869.21107531322 609.5032139171257 4.2
3037.8 22541.089281564826 693.3811006438382 4.2
3042.0 25964.193392627585 800.8883936857834 4.2
3046.2 29321.651464275652 906.9513675670983 4.2
3050.4 32049.38278532572 994.0586299413 4.2
3054.6 34822.86986601952 1083.0587116967117 4.2
3058.8 37763.74806880694 1177.7578294368689 4.2
3063.0 40879.28217147736 1278.427193583511 4.2
3067.2 44192.55017213532 1385.8365142146406 4.2
3071.4 47738.46988269415 1501.1358608397227 4.2
3075.6 51172.13656756504 1613.5112581252856 4.2
3079.8 54230.07754324665 1714.604661066416 4.2
3084.0 57009.668537709804 1807.4071666786533 4.2
3088.2 59997.67448962388 1907.3219201860684 4.2
3092.4 63424.62754116612 2021.7525520911784 4.2
3096.6 67215.12889789857 2148.4042359950918 4.2
3100.8 71049.61746068417 2277.130917905117 4.2
3105.0 74296.78918973278 2387.657339993145 4.2
3109.2 77211.13500768587 2488.032219050555 4.2
3113.4 80399.14171748652 2597.765830229404 4.2
3117.6 84103.96470505744 2724.808591627749 4.2
3121.8 87966.86246456053 2857.6431826228486 4.2
3126.0 91717.3097128861 2987.5005918930615 4.2
3130.2 95294.77314058121 3112.3755861624095 4.2
3134.4 98783.50177972972 3234.982979358165 4.2
3138.6 102205.2756572519 3356.015824696675 4.2
3142.8 105414.35742588113 3470.6594366191885 4.2
3147.0 108239.99633720309 3573.2220062836386 4.2
3151.2 110750.40399534507 3665.8610539286597 4.2
3155.4 113147.35662641251 3755.1907285830935 4.2
3159.6 115592.33705252728 3846.555473128072 4.2
3163.8 118137.34633929211 3941.70392672867 4.2
3168.0 120784.41741231763 4040.731562865067 4.2
3172.2 123403.6863167338 4139.310451062713 4.2
3176.4 125865.55061318999 4233.075358638397 4.2
3180.6 128141.89598011243 4321.037148384773 4.2
3184.8 130358.97157109495 4407.415554234561 4.2
3189.0 132594.1050091143 4494.816847291318 4.2
3193.2 134732.70016449588 4579.351708711114 4.2
3197.4 136502.09393122213 4651.70323255618 4.2
3201.6 138020.3461084641 4715.8067527563635 4.2
3205.8 139267.05938366652 4770.896554256482 4.2
3210.0 140275.9407375714 4818.057736513365 4.2
3214.2 141322.5487105913 4866.715961006651 4.2
3218.4 142234.58684657322 4910.932897325616 4.2
3222.6 143147.7246338521 4955.369004245066 4.2
3226.8 144312.90138133796 5008.734367627055 4.2
3231.0 145714.6906657016 5070.560862875299 4.2
3235.2 147018.1613018736 5129.227948306168 4.2
3239.4 148083.98706884377 5179.835884741353 4.2
3243.6 149046.80513394467 5227.042123636189 4.2
3247.8 150030.20399341147 5275.1644130316345 4.2
3252.0 151198.7430797774 5330.009707450528 4.2
3256.2 152517.3008427575 5390.387667135446 4.2
3260.4 153716.1454947099 5446.782080538708 4.2
3264.6 154417.77916366348 5485.749851175447 4.2
3268.8 154512.8332611178 5503.259601869511 4.2
3273.0 154436.24875649388 5514.675978183848 4.2
3277.2 154955.63080983033 5547.432161099697 4.2
3281.4 156228.01228662976 5607.328505520741 4.2
3285.6 157858.46484548354 5680.361823998905 4.2
3289.8 159237.83423277418 5744.655636328781 4.2
3294.0 159896.17141976045 5783.143915450466 4.2
3298.2 159630.28169087486 5788.259590230841 4.2
3302.4 158788.08221736326 5772.394443962542 4.2
3306.6 157966.8405020285 5757.15603224977 4.2
3310.8 157586.6276264796 5757.898435246084 4.2
3315.0 157632.65457087016 5774.202361421903 4.2
3319.2 157908.8283140091 5798.9851952466 4.2
3323.4 158172.88049610693 5823.391658029558 4.2
3327.6 158293.4787352877 5842.571017180215 4.2
3331.8 158226.56758117682 5854.853059990514 4.2
3336.0 158080.0886485078 5864.189554133414 4.2
3340.2 158098.70453946706 5879.657115178971 4.2
3344.4 158602.06049430004 5913.219494493844 4.2
3348.6 159237.9980316187 5951.850308649267 4.2
3352.8 159610.6841215233 5980.754834452263 4.2
3357.0 159612.37954445573 5995.811903482957 4.2
3361.2 159504.35490331455 6006.756126402236 4.2
3365.4 159338.18795936904 6015.503724174411 4.2
3369.6 159099.40508567993 6021.490423591174 4.2
3373.8 158816.12192618573 6025.762356410243 4.2
3378.0 158530.9142632514 6029.926243573025 4.2
3382.2 158491.75860524466 6043.437011812819 4.2
3386.4 158680.9324324579 6065.68705304374 4.2
3390.6 158669.0199915811 6080.285891131406 4.2
3394.8 158635.6774979843 6094.077879430299 4.2
3399.0 158577.99611663993 6106.944877709202 4.2
3403.2 158393.8479898698 6114.937182827192 4.2
3407.4 158073.4807864984 6117.641171829687 4.2
3411.6 157861.79736682924 6124.519193400984 4.2
3415.8 157801.9575330707 6137.280883601098 4.2
3420.0 157683.06120851476 6147.747190397575 4.2
3424.2 157231.30131727923 6145.199690372742 4.2
3428.4 156551.87802449436 6133.664257099949 4.2
3432.6 155775.39401411652 6118.204653353262 4.2
3436.8 154987.52224859057 6102.165750211081 4.2
3441.0 154364.6702320552 6092.506483179716 4.2
3445.2 153995.62318508106 6092.787059932319 4.2
3449.4 153840.30656130635 6101.491351197652 4.2
3453.6 153708.25189770872 6111.108577495205 4.2
3457.8 153292.71451315752 6109.420249055689 4.2
3462.0 152930.8588976736 6109.814150633229 4.2
3466.2 152853.01828635597 6121.530250945065 4.2
3470.4 152831.9609163948 6135.528813916118 4.2
3474.6 152783.20778391886 6148.426702077863 4.2
3478.8 152647.7235170659 6157.834323023275 4.2
3483.0 152417.31465746762 6163.394975712253 4.2
3487.2 152158.26330622146 6167.767582396119 4.2
3491.4 152223.6178849037 6185.28905250726 4.2
3495.6 152561.79623371124 6213.953513784464 4.2
3499.8 152830.76996132339 6239.876583538322 4.2
3504.0 152744.31659852984 6251.323877019382 4.2
3508.2 152903.19709069925 6272.836963616814 4.2
3512.4 153387.26994803973 6307.772189072011 4.2
3516.6 153859.14374887958 6342.317802843487 4.2
3520.8 154159.5889360034 6369.890987398937 4.2
3525.0 154290.43805197286 6390.51708106515 4.2
3529.2 154228.5280110855 6403.184268911288 4.2
3533.4 153989.69021962796 6408.49426500871 4.2
3537.6 153839.48035299106 6417.472258855971 4.2
3541.8 153814.46792495548 6431.6736539549465 4.2
3546.0 153828.14118691126 6447.509637828665 4.2
3550.2 153774.24924686813 6460.52780572852 4.2
3554.4 153692.49266022514 6472.379892359502 4.2
3558.6 153708.8615237353 6488.375862483038 4.2
3562.8 153710.0866659674 6503.752412482188 4.2
3567.0 153349.73719546778 6503.8123145314175 4.2
3571.2 152846.99642184514 6497.764992872637 4.2
3575.4 152644.08611484608 6504.411365369658 4.2
3579.6 152879.14876829114 6529.741669508394 4.2
3583.8 153153.0762288338 6556.8009553589345 4.2
3588.0 153323.38046080843 6579.486497556831 4.2
3592.2 153419.38505971493 6599.028439147796 4.2
3596.4 153511.62775184566 6618.445545944292 4.2
3600.6 153564.73704195872 6636.208156703705 4.2
3604.8 153564.52684348793 6651.68998688671 4.2
3609.0 153577.46354860603 6667.760623341438 4.2
3613.2 153685.62640715356 6687.995927846637 4.2
3617.4 153886.38096711296 6712.309912606817 4.2
3621.6 154148.850939591 6739.380857210396 4.2
3625.8 154299.87188015183 6761.639306446477 4.2
3630.0 154226.85575297454 6774.1061852379 4.2
3634.2 154309.12428809257 6793.41271887504 4.2
3638.4 154497.11310052485 6817.419209586428 4.2
3642.6 154657.2516369436 6840.250397436177 4.2
3646.8 154732.4358727281 6859.3663722419205 4.2
3651.0 154833.73449033618 6879.676229476727 4.2
3655.2 154805.7060983521 6894.265433483606 4.2
3659.4 154533.08947343836 6897.949332177786 4.2
3663.6 154126.44241338206 6895.599031606239 4.2
3667.8 153773.66394752078 6895.599031606239 4.2
3672.0 153593.17205013605 6903.288123881539 4.2
3676.2 153730.1295932418 6925.2586753404175 4.2
3680.4 154401.39174272414 6971.399966460602 4.2
3684.6 155419.16064626147 7033.378669694034 4.2
3688.8 156752.7022335214 7109.908308915874 4.2
3693.0 158538.46151850288 7207.290047554201 4.2
3697.2 160975.34553812444 7334.727777680274 4.2
3701.4 163748.4559192688 7478.0437216169585 4.2
3705.6 166901.47673011976 7639.342825537819 4.2
3709.8 170790.71668501568 7835.09018977431 4.2
3714.0 175695.83077945298 8078.374826074319 4.2
3718.2 181487.93602703672 8363.575851660611 4.2
3722.4 187571.64002679967 8663.4724765461 4.2
3726.6 193276.7861530309 8947.135199813885 4.2
3730.8 198489.3998182158 9209.15960834062 4.2
3735.0 204746.29062381614 9520.856073725417 4.2
3739.2 212066.40033333856 9883.437038951693 4.2
3743.4 218758.4223694428 10218.237672599604 4.2
3747.6 224675.02265989227 10518.16549958329 4.2
3751.8 232332.46305699623 10901.041675824865 4.2
3756.0 241458.27158833388 11354.604196433993 4.2
3760.2 247960.99166782614 11686.487530176553 4.2
3764.4 252218.95688821995 11913.736762358072 4.2
3768.6 260057.37059673737 12311.415822209317 4.2
3772.8 274866.421191201 13041.513641951173 4.2
3777.0 291838.9707983383 13877.652230160025 4.2
3781.2 301693.50201089773 14378.182773404656 4.2
3785.4 299417.8579966853 14301.447626198116 4.2
3789.6 289003.10667195875 13834.6443778925 4.2
3793.8 283653.6591258421 13608.679936686023 4.2
3798.0 292495.5976598856 14063.972223689027 4.2
3802.2 315360.53209390346 15196.93479292517 4.2
3806.4 342777.5776203335 16554.64987460883 4.2
3810.6 360524.2885328702 17450.183572026377 4.2
3814.8 361777.62784765044 17549.46979157327 4.2
3819.0 346990.78223926894 16869.258760542605 4.2
3823.2 322786.3936398641 15727.076525449102 4.2
3827.4 299087.0090120296 14604.409438177529 4.2
3831.6 288148.87314964086 14101.197651984014 4.2
3835.8 297890.9744474572 14609.925454458125 4.2
3840.0 327300.603419342 16087.479259267498 4.2
3844.2 363601.19841427193 17910.841885062262 4.2
3848.4 395232.6759263915 19511.560280490587 4.2
3852.6 415888.98124583287 20576.144444434707 4.2
3856.8 425131.23832194903 21079.291032446956 4.2
3861.0 423917.7988395625 21064.929016382623 4.2
3865.2 412455.70303812914 20539.979225106268 4.2
3869.4 390965.10792591964 19512.099412273124 4.2
3873.6 361273.1705791287 18069.4111539062 4.2
3877.8 328314.78602322686 16456.595712415477 4.2
3882.0 301496.44288587087 15145.09493520138 4.2
3886.2 290950.40083381644 14646.977013769767 4.2
3890.4 302301.80590826046 15251.339895908879 4.2
3894.6 331631.3170505146 16767.178972111218 4.2
3898.8 367901.314821751 18641.119906366646 4.2
3903.0 399315.4851752343 20276.4536856926 4.2
3907.2 421120.09948007966 21429.695495815897 4.2
3911.4 433655.43310517375 22115.053788338304 4.2
3915.6 439125.45727903227 22442.126188090253 4.2
3919.8 439660.48795941076 22517.698507069297 4.2
3924.0 436659.8460344055 22411.968324774214 4.2
3928.2 432193.3418785738 22230.232249619712 4.2
3932.4 428140.0740679644 22068.865101387826 4.2
3936.6 424884.29488295846 21947.850838930124 4.2
3940.8 419210.80290884705 21701.012644107428 4.2
3945.0 407222.0066448934 21125.354233215476 4.2
3949.2 386344.73487570364 20085.007581447942 4.2
3953.4 356933.8519842962 18595.505983348696 4.2
3957.6 323180.7317936388 16872.832686220692 4.2
3961.8 293151.5261080849 15337.550299278953 4.2
3966.0 276599.78295122524 14502.270452019875 4.2
3970.2 281384.7033915699 14784.410072828556 4.2
3974.4 305735.667068628 16097.854584697212 4.2
3978.6 340571.81053281506 17969.996809427248 4.2
3982.8 374376.2224245866 19795.38715349801 4.2
3987.0 399154.2735351549 21150.07929729016 4.2
3991.2 414990.612697714 22035.555336341837 4.2
3995.4 424616.36110245663 22594.149601443125 4.2
3999.6 430625.88848156284 22962.12093920669 4.2
4003.8 433978.7896488348 23189.53285413468 4.2
4008.0 435714.31548003544 23331.142165291603 4.2
4012.2 436604.39943323104 23427.82654838397 4.2
4016.4 437046.1893277037 23500.656790753786 4.2
4020.6 437074.5489701788 23551.36048716249 4.2
4024.8 437123.9942556219 23603.26052430565 4.2
4029.0 437351.60026456806 23664.86329396763 4.2
4033.2 437431.18147423596 23718.542598442666 4.2
4037.4 437064.66548263334 23748.05248068676 4.2
4041.6 435891.69745011604 23733.620842830645 4.2
4045.8 433890.7929382944 23673.80140076067 4.2
4050.0 431418.9408585292 23587.830591440088 4.2
4054.2 428693.51724065206 23487.457107166552 4.2
4058.4 425206.168362064 23344.684022671165 4.2
4062.6 420429.44683055807 23130.232594535784 4.2
4066.8 414296.84397643147 22839.994763309915 4.2
4071.0 405787.85991116415 22417.129465366597 4.2
4075.2 393248.7940548011 21769.27672346839 4.2
4079.4 374942.50069316203 20798.690866781864 4.2
4083.6 350005.4963802758 19455.392641591745 4.2
4087.8 319502.29059347836 17796.393501487775 4.2
4092.0 288539.9848399737 16104.824629044952 4.2
4096.2 265785.29440031224 14865.24255678462 4.2
4100.4 260947.29845041392 14624.600119473142 4.2
4104.6 275981.2472938373 15498.868731401742 4.2
4108.8 304791.78026457975 17151.890680623143 4.2
4113.0 336486.64790334314 18974.222980550636 4.2
4117.2 361863.955833641 20446.924812423247 4.2
4121.4 378526.0050046196 21432.064124183722 4.2
4125.6 388406.97282672755 22036.367171155962 4.2
4129.8 394754.6139837363 22442.126188090253 4.2
4134.0 398951.69092638505 22726.889480191734 4.2
4138.2 401829.94874529983 22937.390059626247 4.2
4142.4 403824.9877199049 23098.086319039932 4.2
4146.6 405173.43938495754 23222.234163843157 4.2
4150.8 405835.1307156011 23307.30181250625 4.2
4155.0 405646.0005994471 23343.608984996234 4.2
4159.2 404491.7292167948 23324.26677019734 4.2
4163.4 402450.97045656637 23253.482332395488 4.2
4167.6 400026.8994040815 23160.077055947007 4.2
4171.8 397984.6254683342 23088.30229491345 4.2
4176.0 396921.1808586153 23072.996489616842 4.2
4180.2 396836.06347927055 23114.473204355956 4.2
4184.4 397274.6629525785 23186.542878040513 4.2
4188.6 397608.33323582704 23252.625658227716 4.2
4192.8 397364.4049330214 23284.987010596335 4.2
4197.0 396522.025807489 23282.199162973302 4.2
4201.2 395711.38096855883 23281.127002766432 4.2
4205.4 395296.1950070545 23303.223473890022 4.2
4209.6 395005.9097576316 23332.64642810707 4.2
4213.8 394077.2983308388 23324.26677019734 4.2
4218.0 392316.07533383876 23266.336232959333 4.2
4222.2 390283.01551308506 23191.882391550218 4.2
4226.4 388815.93847129523 23150.693221018388 4.2
4230.6 387626.37929103733 23125.759243544606 4.2
4234.8 386701.1342334464 23116.389313262393 4.2
4239.0 385931.67252470425 23116.17640442929 4.2
4243.2 384887.89278929203 23099.362801731757 4.2
4247.4 383095.39298798266 23037.32239128419 4.2
4251.6 380957.43851545634 22954.08576533428 4.2
4255.8 379132.3425460068 22889.273052455897 4.2
4260.0 377775.73265240534 22852.40961960931 4.2
4264.2 376625.8484682561 22827.79690234693 4.2
4268.4 375352.2575375091 22795.44108036812 4.2
4272.6 373863.2546728501 22749.717077156554 4.2
4276.8 372428.89793229225 22707.012550608855 4.2
4281.0 370758.22904516006 22649.572013799054 4.2
4285.2 368667.67683419865 22566.073585749364 4.2
4289.4 366150.9453996061 22455.97933658771 4.2
4293.6 363166.75890122115 22316.59849661367 4.2
4297.8 359574.47218940075 22139.101940362143 4.2
4302.0 355454.84859678504 21928.251319232713 4.2
4306.2 350823.6490350483 21684.828910952197 4.2
4310.4 344789.5595490589 21353.447422356425 4.2
4314.6 335459.56265578343 20816.130409176247 4.2
4318.8 320803.4789344282 19945.457389177634 4.2
4323.0 299758.0008219956 18673.25379914575 4.2
4327.2 273347.63318588206 17061.138164915792 4.2
4331.4 246415.86768862125 15410.048302207157 4.2
4335.6 226941.97992545433 14219.75127527769 4.2
4339.8 223259.43624172328 14016.126226078884 4.2
4344.0 237345.83857283858 14929.319073570749 4.2
4348.2 263045.109168895 16577.842147016614 4.2
4352.4 290677.65736681037 18354.729984375314 4.2
4356.6 312816.66415201064 19790.82962188641 4.2
4360.8 327802.994591828 20778.96923159001 4.2
4365.0 336884.289793891 21395.773908027364 4.2
4369.2 342075.05444590235 21767.271791317675 4.2
4373.4 344260.22914891306 21948.457288838385 4.2
4377.6 344741.13196749764 22021.353067558994 4.2
4381.8 344629.2640953271 22056.469616484887 4.2
4386.0 344572.01298042416 22095.101451387894 4.2
4390.2 344616.9575025201 22140.32542615457 4.2
4394.4 344545.10379438516 22178.082772262544 4.2
4398.6 344274.07091332966 22203.017437018632 4.2
4402.8 343826.494271537 22216.518365051743 4.2
4407.0 342798.6900752032 22192.386121001266 4.2
4411.2 341551.1541343062 22153.788233228064 4.2
4415.4 340468.665205445 22125.648058115654 4.2
4419.6 339618.48860178824 22112.4060136108 4.2
4423.8 339183.1632637222 22126.05563136872 4.2
4428.0 339201.70791449 22169.30100064554 4.2
4432.2 339408.3761365961 22224.909438824263 4.2
4436.4 339296.8763780159 22259.735523030395 4.2
4440.6 338886.24800284434 22274.912155190937 4.2
4444.8 338364.5112816355 22282.70958149619 4.2
4449.0 337903.30782821035 22294.41083910591 4.2
4453.2 337474.4155800627 22308.17280539309 4.2
4457.4 336813.92413762904 22306.529139031965 4.2
4461.6 335505.76862756844 22261.78581485587 4.2
4465.8 333446.9243836815 22166.85089434963 4.2
4470.0 331270.07684895996 22063.58092837128 4.2
4474.2 329371.8413836217 21978.3962984052 4.2
4478.4 328173.48761386954 21939.564369370346 4.2
4482.6 327990.51227675047 21968.479539297186 4.2
4486.8 328781.8480938005 22062.768090983758 4.2
4491.0 329848.97935824894 22175.8359414795 4.2
4495.2 330438.93711392145 22257.070425955655 4.2
4499.4 330168.8117559313 22280.452151116322 4.2
4503.6 329319.64137485134 22264.65654067946 4.2
4507.8 328554.9209706724 22254.4056479655 4.2
4512.0 328016.0335931222 22259.325487325397 4.2
4516.2 327198.21208583185 22245.183879863296 4.2
4520.4 326196.669259838 22218.360036645678 4.2
4524.6 325267.6502841659 22196.27004999507 4.2
4528.8 324521.1235897723 22186.459329093694 4.2
4533.0 323750.02945542114 22174.81473000871 4.2
4537.2 322838.564757415 22153.380149126297 4.2
4541.4 321509.4507286473 22103.03950978257 4.2
4545.6 319750.1979127693 22022.77288242837 4.2
4549.8 318138.80246921536 21952.298527413303 4.2
4554.0 317268.680328985 21932.695035912242 4.2
4558.2 317297.3910332267 21975.157680869488 4.2
4562.4 317747.78922063654 22046.923745919845 4.2
4566.6 317648.8665983081 22080.65743287164 4.2
4570.8 316767.64605159505 22059.92339594061 4.2
4575.0 315520.11962278583 22013.444345932236 4.2
4579.2 314512.58676913707 21983.45759385446 4.2
4583.4 313835.25861087797 21976.37210651662 4.2
4587.6 313584.1956917835 21999.053708331834 4.2
4591.8 313749.7058273297 22050.985313429675 4.2
4596.0 314155.89587522816 22119.942820819844 4.2
4600.2 314432.7886765454 22179.92125768059 4.2
4604.4 314165.9867260055 22201.58600172816 4.2
4608.6 313177.9837129127 22172.159800267586 4.2
4612.8 311650.6267554584 22104.261002636373 4.2
4617.0 310094.10171210853 22033.931756437953 4.2
4621.2 308938.2807656774 21991.760641677258 4.2
4625.4 308309.32655368187 21986.899940500305 4.2
4629.6 307974.18599106645 22002.903801876175 4.2
4633.8 307665.4183961724 22020.744603493582 4.2
4638.0 307618.01549692923 22057.282221823752 4.2
4642.2 307897.07293028146 22117.294460741883 4.2
4646.4 307796.77516760794 22150.115746917323 4.2
4650.6 307060.0244563555 22137.062947618742 4.2
4654.8 305809.66247670155 22086.759386966878 4.2
4659.0 304360.18108688627 22021.758719609465 4.2
4663.2 302962.70525959076 21960.18528131644 4.2
4667.4 302103.1203189235 21937.34170255546 4.2
4671.6 301907.5370298382 21962.612544822357 4.2
4675.8 302065.6917730742 22013.647098181336 4.2
4680.0 302135.3553117177 22058.29802059789 4.2
4684.2 301632.6816709929 22061.142506043703 4.2
4688.4 300610.35756433 22025.815651123157 4.2
4692.6 299547.8330191939 21987.30495789505 4.2
4696.8 298541.78143702855 21952.702907420593 4.2
4701.0 297731.47730737366 21932.29102446017 4.2
4705.2 297183.763342043 21931.079034756163 4.2
4709.4 296785.10153454274 21940.776828004044 4.2
4713.6 296032.78055833897 21924.212358077933 4.2
4717.8 294910.47770140326 21880.034376629173 4.2
4722.0 293714.4337739468 21830.113815856275 4.2
4726.2 292744.7147539837 21796.762896490356 4.2
4730.4 291956.0792280707 21776.696578261577 4.2
4734.6 291196.84629186 21758.6526869722 4.2
4738.8 290437.36981200863 21740.423508997053 4.2
4743.0 289891.18224325334 21738.02080137386 4.2
4747.2 289271.86578702816 21730.013693604382 4.2
4751.4 288439.0576497943 21705.810143435927 4.2
4755.6 287450.2018557038 21669.655148487902 4.2
4759.8 286393.9539624518 21628.1812288902 4.2
4764.0 285386.712788884 21590.166919652744 4.2
4768.2 284556.38039798336 21565.324624519177 4.2
4772.4 283956.34710617975 21557.778233946992 4.2
4776.6 283381.50739451504 21552.02092308904 4.2
4780.8 282771.80439378234 21543.48705081618 4.2
4785.0 282148.2562064973 21533.766524872033 4.2
4789.2 281547.2612220215 21525.636393948087 4.2
4793.4 280940.21576936694 21516.91479003622 4.2
4797.6 280213.58282126265 21498.888137613092 4.2
4801.8 279224.24168905045 21460.508093662178 4.2
4806.0 277898.19232533296 21395.97097129512 4.2
4810.2 276377.6926327242 21316.112320852342 4.2
4814.4 274825.42859237833 21233.42243272626 4.2
4818.6 273151.4448860442 21140.925705490616 4.2
4822.8 270916.0595716497 21004.483175514197 4.2
4827.0 267997.4471322324 20814.404967874227 4.2
4831.2 264038.4785113001 20542.6279186686 4.2
4835.4 258045.59061367885 20111.293312218822 4.2
4839.6 248312.34917514934 19386.34780383783 4.2
4843.8 233475.24993462663 18259.631132815983 4.2
4848.0 213617.10859849805 16735.550398565978 4.2
4852.2 191536.64137594457 15031.696552433208 4.2
4856.4 173310.2919453905 13624.858479996583 4.2
4860.6 166450.64776396725 13108.22840008598 4.2
4864.8 174039.27838143174 13729.540420317344 4.2
4869.0 192827.82631849294 15238.001079375164 4.2
4873.2 214619.30474393547 16989.32013624461 4.2
4877.4 232920.92537063835 18469.87686096593 4.2
4881.6 245272.50924408188 19482.828158480814 4.2
4885.8 252979.82299192293 20129.639629066744 4.2
4890.0 257838.36375310062 20551.52245966839 4.2
4894.2 260964.73838804124 20836.46303940231 4.2
4898.4 262959.4373757528 21031.778535299774 4.2
4902.6 264182.6747630152 21165.8639382928 4.2
4906.8 264643.07948637544 21239.094634602814 4.2
4911.0 264594.8497007224 21271.592273629652 4.2
4915.2 264303.47105504817 21284.5268325134 4.2
4919.4 263859.64945367945 21285.114953848813 4.2
4923.6 263793.28046828427 21316.112320852342 4.2
4927.8 264340.135510459 21396.759242516397 4.2
4932.0 265230.2892242454 21505.423529303407 4.2
4936.2 265727.0458135711 21582.413053688597 4.2
4940.4 265588.3547633944 21607.872073253777 4.2
4944.6 264907.9096304063 21589.172678616113 4.2
4948.8 264044.6968410217 21555.39571191009 4.2
4953.0 263449.02689621097 21543.28862888156 4.2
4957.2 263099.71198925684 21551.22693192143 4.2
4961.4 262743.97748950514 21558.572466477934 4.2
4965.6 262203.0806572434 21550.631457741736 4.2
4969.8 261682.95253580276 21544.280756830954 4.2
4974.0 261195.50145287745 21540.510913677237 4.2
4978.2 260742.94941167714 21539.518959331537 4.2
4982.4 260303.53916271235 21539.518959331537 4.2
4986.6 259573.40215842958 21515.32942357201 4.2
4990.8 258519.27059029386 21464.066243113673 4.2
4995.0 257360.72397328512 21403.854990505213 4.2
4999.2 256394.22054452728 21359.348413137086 4.2
5003.4 255441.11796961643 21315.719667169004 4.2
5007.6 254503.63710059473 21273.159680215307 4.2
5011.8 253630.68295891778 21235.769366994642 4.2
5016.0 252809.97114648583 21202.54531132732 4.2
5020.2 252310.43711203337 21196.10196282741 4.2
5024.4 252127.8618548764 21216.21950502777 4.2
5028.6 252003.79014959192 21241.246555809244 4.2
5032.8 251599.5791704151 21242.61607373176 4.2
5037.0 251120.02909181232 21237.529737930356 4.2
5041.2 250683.2979344621 21235.96495655932 4.2
5045.4 250249.9785882413 21234.595867436532 4.2
5049.6 249751.03710466437 21227.556231773226 4.2
5053.8 249310.83459950885 21225.405697514518 4.2
5058.0 249080.42880052206 21241.050917599463 4.2
5062.2 249091.3553590283 21277.274672027634 4.2
5066.4 249162.28480689233 21318.664746104354 4.2
5070.6 249086.7066342187 21347.54806185435 4.2
5074.8 248784.54197937722 21356.987821162536 4.2
5079.0 248359.52985952504 21355.80762301001 4.2
5083.2 248097.76947031528 21368.596577536402 4.2
5087.4 247813.79781158298 21379.423982343556 4.2
5091.6 247291.22111059332 21369.58066043446 4.2
5095.8 246601.94962217228 21345.188774030932 4.2
5100.0 246148.33503733313 21341.060647736784 4.2
5104.2 246051.4271306662 21367.80934384693 4.2
5108.4 246122.58187186433 21409.178345704495 4.2
5112.6 245994.62811420247 21433.24853654268 4.2
5116.8 245398.76377510055 21416.47546432651 4.2
5121.0 244513.98464404713 21374.30488923216 4.2
5125.2 243735.9664444169 21341.25720707429 4.2
5129.4 243285.44082630187 21336.736800302446 4.2
5133.6 242941.21667709164 21341.453768222356 4.2
5137.8 242452.6112595679 21333.39624549224 4.2
5142.0 241733.65026937635 21304.924524803184 4.2
5146.2 240930.58425967096 21268.84958998945 4.2
5150.4 240185.80447425408 21237.725343708553 4.2
5154.6 239423.79806061942 21204.88883274153 4.2
5158.8 238414.06488833006 21149.884498757994 4.2
5163.0 237028.738215527 21061.243050750443 4.2
5167.2 235712.55295702047 20978.382516287027 4.2
5171.4 235002.77603714674 20949.226870702154 4.2
5175.6 235064.9332440405 20988.818885725013 4.2
5179.8 235151.23941488678 21030.616308379966 4.2
5184.0 234956.3944196688 21047.28103304461 4.2
5188.2 234669.06123796751 21055.61834666535 4.2
5192.4 234697.77491407047 21092.302925635784 4.2
5196.6 234865.202522083 21141.50985892562 4.2
5200.8 234896.7179145138 21178.539144784674 4.2
5205.0 234682.00342322208 21193.369012640058 4.2
5209.2 234405.1725751627 21202.54531132732 4.2
5213.4 234006.0897043183 21200.59257466475 4.2
5217.6 233337.04401779195 21174.053204202886 4.2
5221.8 232411.0575650043 21123.992275199504 4.2
5226.0 231602.07386706516 21084.3394704701 4.2
5230.2 230915.27479748463 21055.61834666535 4.2
5234.4 230445.07987375773 21046.50563683921 4.2
5238.6 230308.92993885826 21067.839444915448 4.2
5242.8 230385.2513181216 21108.627692091683 4.2
5247.0 230241.24570637048 21129.24602571099 4.2
5251.2 229672.04425849515 21110.76639453391 4.2
5255.4 228817.74497594638 21065.89911455034 4.2
5259.6 227924.92539461414 21017.255314099846 4.2
5263.8 227161.37837178525 20980.314785704337 4.2
5268.0 226609.29628959077 20962.737691308583 4.2
5272.2 226262.97918771283 20964.08925252218 4.2
5276.4 225954.93517976327 20968.916968252255 4.2
5280.6 225849.28082434626 20992.492176274995 4.2
5284.8 226022.74343265573 21042.04766298691 4.2
5289.0 226211.20890473787 21093.080009106907 4.2
5293.2 226181.2745720877 21123.79771693641 4.2
5297.4 225899.7344061382 21130.99756623464 4.2
5301.6 225313.56518131317 21109.599802704295 4.2
5305.8 224210.27116401424 21039.528356339484 4.2
5310.0 222968.85957388126 20956.174204770377 4.2
5314.2 221889.86431809032 20887.76630981519 4.2
5318.4 221168.4932208318 20852.781854320066 4.2
5322.6 220947.756174075 20864.88522224924 4.2
5326.8 220949.21991300027 20897.96512105591 4.2
5331.0 220965.20407637066 20932.446987086216 4.2
5335.2 220975.3578629218 20966.40641734231 4.2
5339.4 221063.1430157058 21007.77222646982 4.2
5343.6 221169.56937909976 21050.96455515922 4.2
5347.8 221050.21462127235 21072.691052760743 4.2
5352.0 220510.38382767103 21054.260884543204 4.2
5356.2 219897.1923933607 21028.67940623472 4.2
5360.4 219380.9221541754 21012.222938719136 4.2
5364.6 219053.68538228498 21013.7712335615 4.2
5368.8 218912.6221960771 21033.13454788457 4.2
5373.0 218737.66591858803 21049.21964854207 4.2
5377.2 218448.40336037095 21054.260884543204 4.2
5381.4 218071.39708908528 21050.77066950336 4.2
5385.6 217667.23781676497 21044.567271300126 4.2
5389.8 217096.06645952276 21022.09527317752 4.2
5394.0 216283.49082192878 20976.064027892837 4.2
5398.2 215337.32460853763 20916.836418958326 4.2
5402.4 214545.6835106867 20872.38130357119 4.2
5406.6 214186.835581778 20869.882310611578 4.2
5410.8 214067.28058308354 20890.652260725114 4.2
5415.0 213845.60688306077 20901.430000955523 4.2
5419.2 213561.46732431324 20906.050734468856 4.2
5423.4 213203.32880205012 20903.355182457843 4.2
5427.6 212865.65091939026 20902.58508857906 4.2
5431.8 212622.74134608815 20911.057681869297 4.2
5436.0 212304.0888987708 20912.020693837374 4.2
5440.2 211867.1002001301 20901.237492557633 4.2
5444.4 211404.001804063 20887.76630981519 4.2
5448.6 211021.83857254768 20882.187935157617 4.2
5452.8 210568.84608943947 20869.49787671326 4.2
5457.0 210208.05177373887 20865.84610784784 4.2
5461.2 210008.6057296405 20878.149352505414 4.2
5465.4 209811.52953346365 20890.652260725114 4.2
5469.6 209580.13749283852 20899.69748920209 4.2
5473.8 209299.12090469874 20903.74024003652 4.2
5478.0 208941.73607107028 20900.082479403118 4.2
5482.2 208481.49090364846 20886.03493064003 4.2
5486.4 208206.5170429806 20890.45985159308 4.2
5490.6 208008.76871418048 20902.58508857906 4.2
5494.8 207644.99886052313 20897.96512105591 4.2
5499.0 207098.91106287742 20874.880595764203 4.2
5503.2 206550.6955760362 20851.437469128316 4.2
5507.4 206247.1776475956 20852.589793985764 4.2
5511.6 206221.46691030177 20881.80327458324 4.2
5515.8 206093.47103998883 20900.659978001742 4.2
5520.0 205637.87117021775 20886.227299016675 4.2
5524.2 204939.8753162689 20847.020813716346 4.2
5528.4 204282.11148087616 20811.721232343218 4.2
5532.6 203876.28432456005 20801.947693122194 4.2
5536.8 203771.56562567526 20822.841818489942 4.2
5541.0 203794.73242081297 20856.8155299886 4.2
5545.2 203701.78074590248 20878.918546121826 4.2
5549.4 203492.86909950754 20889.113037289368 4.2
5553.6 203200.16771500587 20890.652260725114 4.2
5557.8 202867.00885273315 20887.958694138673 4.2
5562.0 202545.8203354491 20886.41966916494 4.2
5566.2 202348.33758929593 20897.580169857705 4.2
5570.4 202104.7358865278 20903.932771486016 4.2
5574.6 201660.96162409306 20889.497832515797 4.2
5578.8 201073.88552676354 20860.081457956472 4.2
5583.0 200485.05268951293 20830.322794970896 4.2
5587.2 200084.21113836765 20819.965235291882 4.2
5591.4 199932.83788220613 20835.503506912864 4.2
5595.6 199829.65184117956 20856.04715066239 4.2
5599.8 199566.76724149048 20859.88933039064 4.2
5604.0 199126.47302785216 20845.1008205622 4.2
5608.2 198625.163895215 20823.800767873665 4.2
5612.4 198154.53804903151 20805.588279012154 4.2
5616.6 197770.84242685526 20796.392237545075 4.2
5620.8 197493.5833697108 20798.30774426616 4.2
5625.0 197265.98308356656 20805.396653344913 4.2
5629.2 196913.6837222129 20799.265563787994 4.2
5633.4 196395.74566060145 20775.52465230403 4.2
5637.6 195825.2716816739 20746.077694279917 4.2
5641.8 195352.0089402782 20726.787745722355 4.2
5646.0 194971.6679852869 20717.244904713585 4.2
5650.2 194615.5836894253 20710.186031098136 4.2
5654.4 194210.27314596233 20697.79113064562 4.2
5658.6 193738.20169840447 20678.16517011922 4.2
5662.8 193274.61104048585 20659.318922643593 4.2
5667.0 192821.22136585382 20641.440403362743 4.2
5671.2 192386.82526061358 20625.476945253715 4.2
5675.4 192017.27538812457 20616.36051274898 4.2
5679.6 191604.52163517204 20602.503661709965 4.2
5683.8 191066.11776125175 20575.007396089557 4.2
5688.0 190476.79690447336 20541.87111422854 4.2
5692.2 190099.49046036194 20531.46788006141 4.2
5696.4 189758.08949735854 20524.850383470155 4.2
5700.6 189260.55868623764 20501.233873570254 4.2
5704.8 188641.13806441173 20464.257883598144 4.2
5709.0 188299.500819226 20457.28520886757 4.2
5713.2 188182.13855745128 20474.627062658466 4.2
5717.4 188039.0723641254 20489.15274071377 4.2
5721.6 187664.56184166548 20478.398975738586 4.2
5725.8 187139.2593423226 20451.068341221384 4.2
5730.0 186514.2468001867 20412.67871255283 4.2
5734.2 185900.08225548326 20375.29944240876 4.2
5738.4 185438.37763002762 20354.47944468345 4.2
5742.6 185102.43057232152 20347.356767215915 4.2
5746.8 184784.30827681776 20342.110073496726 4.2
5751.0 184356.5276156229 20324.693262385463 4.2
5755.2 183777.53149379653 20290.46500247143 4.2
5759.4 183335.58581699332 20271.225274778404 4.2
5763.6 183039.82392607682 20268.051540212626 4.2
5767.8 182658.91320504367 20255.36157008296 4.2
5772.0 181901.63801329568 20200.77353874917 4.2
5776.2 180972.593522785 20126.858808675304 4.2
5780.4 180230.99071688275 20073.541490679792 4.2
5784.6 179931.24634469778 20069.289605610003 4.2
5788.8 180034.67720028706 20109.99673101901 4.2
5793.0 180261.17504628166 20164.525179802447 4.2
5797.2 180528.048573747 20223.67139447691 4.2
5801.4 180853.79797592087 20289.53061354184 4.2
5805.6 181080.22880239494 20344.358490838487 4.2
5809.8 181096.84749290478 20375.674772751812 4.2
5814.0 180970.25562762932 20390.88146332494 4.2
5818.2 180850.6036614206 20406.85130523048 4.2
5822.4 180704.5875891573 20419.824256240954 4.2
5826.6 180522.2948298585 20428.665625746904 4.2
5830.8 180307.15650974703 20433.746441488813 4.2
5835.0 180070.89948746288 20436.38143600678 4.2
5839.2 179793.7345760958 20434.311054568676 4.2
5843.4 179495.6889264019 20429.79458672367 4.2
5847.6 179152.11508999026 20420.01233063883 4.2
5851.8 178715.53498220837 20399.52241377895 4.2
5856.0 178386.9658055461 20391.257080702067 4.2
5860.2 178124.79540281903 20390.50585286687 4.2
5864.4 177715.8178672741 20372.85996369687 4.2
5868.6 176936.0127144998 20312.52907663953 4.2
5872.8 176174.41278011992 20254.055700758727 4.2
5877.0 175237.02570293582 20175.114121100058 4.2
5881.2 173651.027582823 20021.103004727614 4.2
5885.4 171269.99493558728 19774.795456308035 4.2
5889.6 169209.85546934078 19564.826457208408 4.2
5893.8 168471.50900015386 19507.24776247237 4.2
5898.0 169276.1287072593 19628.359335889065 4.2
5902.2 170797.46131629884 19832.981190586153 4.2
5906.4 172031.3287887871 20004.698024970116 4.2
5910.6 172517.88125874187 20089.817891045954 4.2
5914.8 172414.2376926692 20106.29267389029 4.2
5919.0 172039.65967684684 20091.113171225774 4.2
5923.2 171689.78650012892 20078.71891444149 4.2
5927.4 171460.7752723622 20080.383369945437 4.2
5931.6 171277.98367654113 20087.412592256955 4.2
5935.8 171095.55851486698 20094.44427517719 4.2
5940.0 170715.26822603127 20078.16412659999 4.2
5944.2 170072.6301107803 20030.87865269977 4.2
5948.4 169337.41460938542 19972.480232794616 4.2
5952.6 168732.93260475525 19929.29794703088 4.2
5956.8 168318.25380634997 19908.383588377907 4.2
5961.0 168045.5479176453 19904.166686293855 4.2
5965.2 167844.54702474095 19908.383588377907 4.2
5969.4 167603.81206634326 19907.833507010204 4.2
5973.6 167235.69450487517 19892.070969153345 4.2
5977.8 166785.57760361474 19866.437714868647 4.2
5982.0 166470.1754781963 19856.742318828772 4.2
5986.2 166330.0850218302 19867.901582025548 4.2
5990.4 166225.48519106573 19883.278701083567 4.2
5994.6 165972.76763267396 19880.89813066523 4.2
5998.8 165568.03294582388 19860.217482644024 4.2
6003.0 165149.23564777043 19837.731140487253 4.2
6007.2 164806.0202317531 19824.21504011741 4.2
6011.4 164556.10559477663 19821.841541229354 4.2
6015.6 164455.10274374497 19837.36571934084 4.2
6019.8 164369.46040974764 19854.730659825105 4.2
6024.0 164146.3871324874 19855.462148608967 4.2
6028.2 163748.7334127177 19834.990645958198 4.2
6032.4 163406.37366004448 19821.111291051464 4.2
6036.6 163049.86965237343 19805.41741773386 4.2
6040.8 162649.3530564745 19784.268619695344 4.2
6045.0 162347.14077621934 19774.97758974375 4.2
6049.2 162174.05193944217 19781.353316940174 4.2
6053.4 161998.31968634122 19787.366599639252 4.2
6057.6 161727.57333130031 19781.717706290336 4.2
6061.8 161454.46057723602 19775.70614026197 4.2
6066.0 161279.97326384988 19781.717706290336 4.2
6070.2 161107.31283573393 19787.913352337302 4.2
6074.4 160812.01027196145 19778.98494976866 4.2
6078.6 160476.01204164635 19764.962741467672 4.2
6082.8 160191.02496443014 19757.13648386912 4.2
6087.0 160033.40701821027 19764.962741467672 4.2
6091.2 159967.41828422638 19784.08640068647 4.2
6095.4 159773.5310305104 19787.366599639252 4.2
6099.6 159522.71893210596 19783.5397537297 4.2
6103.8 159213.7842569782 19772.42787429119 4.2
6108.0 158762.23274256053 19743.49345016416 4.2
6112.2 158239.22295914878 19705.524548603702 4.2
6116.4 157880.8643812723 19687.9274353661 4.2
6120.6 157719.4517764879 19694.819276833798 4.2
6124.8 157540.93954691596 19699.536137298393 4.2
6129.0 157242.52605429196 19689.19680387541 4.2
6133.2 156913.02710100837 19674.87582246835 4.2
6137.4 156535.33850322763 19654.40948442479 4.2
6141.6 155894.28680978643 19600.718883502796 4.2
6145.8 155110.21810465274 19528.8198884673 4.2
6150.0 154372.88592990118 19462.561593612292 4.2
6154.2 153855.86027921 19423.880610566066 4.2
6158.4 153638.99838562123 19422.986128403627 4.2
6162.6 153638.9376420558 19449.480244133872 4.2
6166.8 153583.84189583393 19469.01590899357 4.2
6171.0 153294.35480701897 19458.797564485325 4.2
6175.2 152939.33548854248 19440.167385130113 4.2
6179.4 152749.79556189038 19442.495181746603 4.2
6183.6 152723.71429221777 19465.60919808194 4.2
6187.8 152697.77836522565 19488.750693285045 4.2
6192.0 152621.3741137442 19505.45116129396 4.2
6196.2 152330.33596045975 19494.675028465557 4.2
6200.4 151823.09465513294 19456.10941794831 4.2
6204.6 151303.74502985325 19415.83175383769 4.2
6208.8 151055.97689594995 19410.288926180172 4.2
6213.0 151067.32792684183 19438.01889716009 4.2
6217.2 151094.12502633853 19467.760735613396 4.2
6221.4 150866.56595972457 19464.71279429144 4.2
6225.6 150460.6133222348 19438.555996890875 4.2
6229.8 149974.36988259203 19401.88830228428 4.2
6234.0 149437.5224961433 19358.513246707094 4.2
6238.2 148821.83871616525 19304.74191864131 4.2
6242.4 148330.36551222738 19266.90695219877 4.2
6246.6 148050.49405452114 19256.439964903755 4.2
6250.8 147936.05995216354 19267.439323866627 4.2
6255.0 147842.2715280008 19281.1085652994 4.2
6259.2 147643.93013866563 19281.1085652994 4.2
6263.4 147143.45822179664 19241.5476237348 4.2
6267.6 146120.3524056127 19133.393352046143 4.2
6271.8 144451.099933721 18940.175549445492 4.2
6276.0 144378.78571250252 18956.056741034452 4.2
6280.2 144013.20166418006 18933.373398119023 4.2
6284.4 143261.53983330485 18859.752972808557 4.2
6288.6 143242.96831418472 18882.522027591684 4.2
6292.8 143488.59944889534 18940.175549445492 4.2
6297.0 143288.01558493922 18938.954470564226 4.2
6301.2 142896.8732580254 18912.45902035396 4.2
6305.4 142957.8374448677 18945.75862699029 4.2
6309.6 142971.5412950353 18972.82495964082 4.2
6313.8 143049.91798792232 19008.506690355858 4.2
6318.0 143189.1172103159 19052.325823782376 4.2
6322.2 143183.44054863244 19076.908646307744 4.2
6326.4 143035.539852643 19082.532029259466 4.2
6330.6 142824.7616200345 19079.7201306106 4.2
6334.8 142577.64551392364 19071.989545614655 4.2
6339.0 142150.29037530883 19040.046294260315 4.2
6343.2 141575.61114316518 18988.20885666071 4.2
6347.4 141104.71298103651 18950.121551410233 4.2
6351.6 141079.19556204154 18971.77651155661 4.2
6355.8 141270.9316957549 19022.693041616432 4.2
6360.0 141276.85663355206 19048.641133615092 4.2
6364.2 140880.08865201267 19020.240323064536 4.2
6368.4 140351.3477439805 18973.873465665856 4.2
6372.6 140011.57346303534 18952.914350299547 4.2
6376.8 139961.20164132572 18971.077578354885 4.2
6381.0 140104.39706130064 19015.51097317635 4.2
6385.2 140344.7737641808 19073.21920186068 4.2
6389.4 140445.9111253894 19112.081996590103 4.2
6393.6 140314.428039564 19119.300539448377 4.2
6397.8 140046.39552002223 19107.857772756073 4.2
6402.0 139807.32141848188 19100.29170652872 4.2
6406.2 139554.6360623259 19090.794378369952 4.2
6410.4 139244.80305548257 19073.394873510697 4.2
6414.6 138930.6587185053 19055.309190235013 4.2
6418.8 138678.63772901002 19045.65881113693 4.2
6423.0 138453.9692229973 19039.695566876457 4.2
6427.2 138208.1411621202 19030.754201128682 4.2
6431.4 137947.620024977 19019.71478166312 4.2
6435.6 137675.02648445516 19006.931082310955 4.2
6439.8 137306.94208426285 18980.86498678451 4.2
6444.0 136794.9897528819 18934.76851202342 4.2
6448.2 136239.8811826537 18882.522027591684 4.2
6452.4 135815.9230762263 18848.291943522865 4.2
6456.6 135585.57622525713 18840.82865659593 4.2
6460.8 135506.66604437976 18854.368894407133 4.2
6465.0 135519.00248522582 18880.60906549353 4.2
6469.2 135348.07986438752 18881.304665650514 4.2
6473.4 134861.6186039801 18837.878869972537 4.2
6477.6 134189.02648522655 18768.25951724751 4.2
6481.8 133706.95602752312 18725.09371819618 4.2
6486.0 133509.25301956132 18721.644746134993 4.2
6490.2 133512.24375099453 18746.31887047177 4.2
6494.4 133579.30722383814 18780.017818961136 4.2
6498.6 133682.21790906793 18818.80317436441 4.2
6502.8 133583.3900195079 18829.205703382322 4.2
6507.0 132947.33657985396 18763.765641823633 4.2
6511.2 132123.23045070242 18671.534008112758 4.2
6515.4 131258.3944574641 18573.254085463574 4.2
6519.6 130577.20026318544 18500.693147612998 4.2
6523.8 129965.46886297267 18437.75331055661 4.2
6528.0 129082.97414188203 18336.14353711296 4.2
6532.2 127585.79030340657 18146.79779396917 4.2
6536.4 125332.58931133362 17849.25113444501 4.2
6540.6 122131.04543883401 17415.66250501138 4.2
6544.8 117518.02805594662 16779.383494288526 4.2
6549.0 110963.27697332106 15863.828274609443 4.2
6553.2 102616.78630787432 14689.398070171652 4.2
6557.4 94415.19664942256 13532.685845304048 4.2
6561.6 90052.08048482082 12923.852715194831 4.2
6565.8 92010.6196539918 13221.843124308192 4.2
6570.0 99384.46760981722 14299.735353103333 4.2
6574.2 108469.44815296016 15626.870026278137 4.2
6578.4 115672.1213206 16685.837124931095 4.2
6582.6 120270.28049545645 17371.287177960032 4.2
6586.8 123060.96066860748 17797.049156931436 4.2
6591.0 124817.2561954598 18074.071666786534 4.2
6595.2 125978.75571159617 18265.518291285913 4.2
6599.4 126797.98436170214 18407.72001468958 4.2
6603.6 127319.7382193816 18506.998936200853 4.2
6607.8 127526.2166332084 18560.59951500711 4.2
6612.0 127547.38672374352 18587.28679522332 4.2
6616.2 127568.6632740017 18614.012447633384 4.2
6620.4 127641.7631851386 18648.332325770993 4.2
6624.6 127627.9913402018 18669.98633160807 4.2
6628.8 127550.86929983173 18682.371336555756 4.2
6633.0 127556.10816753465 18706.821403657937 4.2
6637.2 127619.03186590664 18739.758939357947 4.2
6641.4 127471.75909435339 18741.830248520444 4.2
6645.6 127177.08307278063 18722.162051443174 4.2
6649.8 126924.0985132905 18708.544444929696 4.2
6654.0 126744.0736758913 18705.61536918946 4.2
6658.2 126587.72120170524 18706.13223158347 4.2
6662.4 126526.02018497091 18720.610178398816 4.2
6666.6 126516.87575029898 18742.865988953432 4.2
6670.8 126363.4325300665 18743.72914970478 4.2
6675.0 126137.06302001404 18733.71892840371 4.2
6679.2 126058.56489676108 18745.628243283652 4.2
6683.4 126124.1772076064 18778.980025498877 4.2
6687.6 126102.78452686078 18799.400494326488 4.2
6691.8 125902.78866394969 18793.16816803272 4.2
6696.0 125616.40630800536 18773.964832169175 4.2
6700.2 125364.25428861093 18759.791187439358 4.2
6704.4 125254.523721808 18766.87667172726 4.2
6708.6 125201.47894163136 18782.439560081493 4.2
6712.8 125046.00995535862 18782.612553539544 4.2
6717.0 124747.12865739355 18761.173510862445 4.2
6721.2 124403.21876629697 18732.856228629473 4.2
6725.4 124156.3726105935 18719.058433988794 4.2
6729.6 124127.14106723877 18738.033023257252 4.2
6733.8 124079.72666972755 18754.262912167527 4.2
6738.0 123725.50680030804 18724.05895986788 4.2
6742.2 123252.00481250798 18675.66177271703 4.2
6746.4 122935.4343744998 18650.90886606925 4.2
6750.6 122819.83358010161 18656.5785078684 4.2
6754.8 122775.65657234043 18673.081812914257 4.2
6759.0 122627.63762727781 18673.769767344027 4.2
6763.2 122297.27878929688 18646.614829984825 4.2
6767.4 121954.42436597531 18617.441591266124 4.2
6771.6 121753.83852757303 18609.898308993634 4.2
6775.8 121624.22828995461 18613.155260419226 4.2
6780.0 121418.78060409808 18604.756914404737 4.2
6784.2 121171.35644923362 18589.854901187246 4.2
6788.4 120954.60433519291 18579.58460576986 4.2
6792.6 120813.97486667288 18580.95365059212 4.2
6796.8 120626.92951476881 18575.135906700616 4.2
6801.0 120397.01095906422 18562.651021643946 4.2
6805.2 120172.04951341398 18550.857954313567 4.2
6809.4 120010.58753591473 18548.80775102268 4.2
6813.6 119808.59804460152 18540.43843891666 4.2
6817.8 119463.91431596933 18509.896910982145 4.2
6822.0 119091.79044921718 18474.98098166929 4.2
6826.2 118916.80650790677 18470.557328910556 4.2
6830.4 118860.34316835209 18484.51244786289 4.2
6834.6 118684.78577558127 18479.916305785253 4.2
6838.8 118404.8382001971 18458.992782594047 4.2
6843.0 118067.99133005216 18429.094627157985 4.2
6847.2 117636.80699563492 18384.338168696308 4.2
6851.4 116957.10452604803 18300.544012080743 4.2
6855.6 115495.83273413441 18094.058912346998 4.2
6859.8 116681.59226282168 18302.22963209859 4.2
6864.0 116843.0015805675 18349.99710198547 4.2
6868.2 116802.29827604396 18366.06005167701 4.2
6872.4 116193.11543194759 18292.623677256383 4.2
6876.6 115251.27242546601 18166.530820905118 4.2
6880.8 114817.31466122219 18120.24227194343 4.2
6885.0 114790.34615884836 18138.10868931925 4.2
6889.2 114950.71286639353 18185.615310581794 4.2
6893.4 114814.91141608002 18186.285305751113 4.2
6897.6 114474.62873637948 18154.4877793638 4.2
6901.8 114180.65088581895 18129.924686623843 4.2
6906.0 114072.27597414113 18134.76783393818 4.2
6910.2 113999.78185182672 18145.293612654124 4.2
6914.4 113846.64972457409 18142.954022871752 4.2
6918.6 113422.91633054413 18097.39226817688 4.2
6922.8 112945.69566530631 18043.13505999933 4.2
6927.0 112414.64140464496 17980.09574312034 4.2
6931.2 111636.03251613972 17877.220630776847 4.2
6935.4 111214.70814451788 17831.34077935638 4.2
6939.6 111335.17036550208 17872.281654545517 4.2
6943.8 111368.62243039941 17899.298060243873 4.2
6948.0 111268.85913982989 17904.90413130994 4.2
6952.2 111229.69337801173 17920.247355888758 4.2
6956.4 111401.7881430586 17969.66579290179 4.2
6960.6 111672.9272614535 18035.160019063893 4.2
6964.8 111856.17264331403 18086.561106386383 4.2
6969.0 111863.47996368907 18109.564229069227 4.2
6973.2 111730.82659967577 18109.897822642703 4.2
6977.4 111512.10471728593 18096.225523790217 4.2
6981.6 111230.35640740363 18072.24060767232 4.2
6985.8 110888.1043064159 18038.31638451872 4.2
6990.0 110447.24905445699 17988.212111752247 4.2
6994.2 110007.21272460786 17938.081794917278 4.2
6998.4 109744.74456555805 17916.781607935405 4.2
7002.6 109670.70009192573 17926.190197872133 4.2
7006.8 109663.42664366824 17946.509781976893 4.2
7011.0 109615.84106892269 17960.23438472865 4.2
7015.2 109454.37881802674 17955.27247411823 4.2
7019.4 109179.54297160228 17931.639534307968 4.2
7023.6 108931.55779852948 17912.326631150037 4.2
7027.8 108883.59898288324 17925.859988286848 4.2
7032.0 109010.29893325437 17968.176293992234 4.2
7036.2 108978.5195094795 17984.401931543354 4.2
7040.4 108626.19975786319 17947.6668735218 4.2
7044.6 108307.01281554195 17916.286555803974 4.2
7048.8 108233.7929753188 17925.52978478434 4.2
7053.0 108109.90532667919 17926.3553049458 4.2
7057.2 107811.33003271572 17898.144087051078 4.2
7061.4 107576.0585535327 17880.349354978072 4.2
7065.6 107492.74661639055 17887.7616756057 4.2
7069.8 107416.50027990188 17896.330850915787 4.2
7074.0 107299.85714480771 17898.144087051078 4.2
7078.2 107119.26771834018 17889.24450842477 4.2
7082.4 106952.84765514535 17882.655081079974 4.2
7086.6 106888.11418576639 17893.034528556665 4.2
7090.8 106842.19031105409 17906.553309869963 4.2
7095.0 106716.7167187706 17906.71823608037 4.2
7099.2 106529.63327409363 17896.495682973436 4.2
7103.4 106325.32351978951 17883.313914576214 4.2
7107.6 106084.34453462134 17863.8885262806 4.2
7111.8 105808.89651817476 17838.56848337509 4.2
7116.0 105581.87637213584 17821.325397304892 4.2
7120.2 105460.26765475472 17821.8178255263 4.2
7124.4 105366.04160609725 17826.907047285244 4.2
7128.6 105216.7207526029 17822.63856946555 4.2
7132.8 105078.32979477252 17820.176451033407 4.2
7137.0 104934.39458225553 17816.730056637338 4.2
7141.2 104633.52634373365 17786.56156790903 4.2
7145.4 104201.06636413686 17733.889579832394 4.2
7149.6 103819.22076297268 17689.68094707794 4.2
7153.8 103496.97728391299 17655.49913812934 4.2
7158.0 103052.34211177284 17600.29714298863 4.2
7162.2 103308.57384160052 17664.770521525865 4.2
7166.4 104102.98070297591 17821.489538533457 4.2
7170.6 104688.32739919091 17942.70843496335 4.2
7174.8 104858.98649981678 17993.017402600784 4.2
7179.0 104986.47351381058 18035.99058800061 4.2
7183.2 104936.2010508387 18048.453713035477 4.2
7187.4 104753.7609094788 18038.150246250156 4.2
7191.6 104464.85534699685 18009.431344419125 4.2
7195.8 104101.04439352483 17967.679821792768 4.2
7200.0 103720.41884099887 17922.888375724604 4.2
7204.2 103326.02749432049 17875.574153731854 4.2
7208.4 102884.86658085913 17820.012321898477 4.2
7212.6 102173.33274109714 17717.400399431088 4.2
7216.8 101179.35699482485 17565.479111725424 4.2
7221.0 101056.10720922246 17564.508434298135 4.2
7225.2 101438.19394361171 17651.434277219236 4.2
7229.4 102090.36233376032 17785.57867335114 4.2
7233.6 102131.6328513459 17813.44839593597 4.2
7237.8 102083.62848228638 17825.75774116308 4.2
7242.0 101909.86206152082 17816.073676135748 4.2
7246.2 101656.84369991075 17792.460076045056 4.2
7250.4 101431.61041011325 17773.62447250338 4.2
7254.6 101193.8948108664 17752.51956680955 4.2
7258.8 100989.35387400941 17737.156583908356 4.2
7263.0 100889.31338467782 17740.097402163672 4.2
7267.2 100847.01075278048 17753.173605848096 4.2
7271.4 100738.89504909664 17754.64528178751 4.2
7275.6 100480.92540404895 17729.64337413193 4.2
7279.8 100117.58352153974 17685.934000364865 4.2
7284.0 99942.30936896542 17675.34909344925 4.2
7288.2 100040.69287809724 17713.158141902797 4.2
7292.4 100117.10659781286 17747.12466404477 4.2
7296.6 99706.66197763896 17694.732435656075 4.2
7300.8 99320.83266921606 17646.55767944478 4.2
7305.0 99222.19131736939 17649.320919411886 4.2
7309.2 98761.9289359058 17587.65751499585 4.2
7313.4 98429.79936511311 17548.661627231475 4.2
7317.6 97896.67072960587 17473.664787213675 4.2
7321.8 97383.53413065587 17402.03348538839 4.2
7326.0 96773.27218684093 17312.827425636253 4.2
7330.2 96384.14655308082 17262.989246362944 4.2
7334.4 96136.44788690198 17238.36213835565 4.2
7338.6 96129.97328262098 17256.94837929673 4.2
7342.8 96069.57207798085 17265.851447735346 4.2
7347.0 95942.09003054244 17262.67125327814 4.2
7351.2 95704.59233764802 17239.632354613463 4.2
7355.4 95408.85059402774 17206.003226327004 4.2
7359.6 95185.94660862039 17185.41404595481 4.2
7363.8 95104.54792579896 17190.321535412695 4.2
7368.0 95138.00064442932 17215.989931654694 4.2
7372.2 95180.29300471816 17243.2847477405 4.2
7376.4 95108.71989631944 17249.956331965663 4.2
7380.6 94918.29248488662 17235.028265942303 4.2
7384.8 94755.35844039734 17225.03051679807 4.2
7389.0 94665.10514464574 17228.20377693658 4.2
7393.2 94610.71945622249 17237.885831387786 4.2
7397.4 94552.07166022058 17246.779065227325 4.2
7401.6 94441.3165173115 17246.143682109592 4.2
7405.8 94262.14017338313 17232.964763284464 4.2
7410.0 94097.22994549276 17222.3337052337 4.2
7414.2 93906.71760992835 17206.954091477062 4.2
7418.4 93601.05874292708 17170.383688846694 4.2
7422.6 93343.72761917015 17142.572702273792 4.2
7426.8 93301.75164088554 17154.260465586103 4.2
7431.0 93252.12391556407 17164.533317866102 4.2
7435.2 93001.06982941921 17137.678844142974 4.2
7439.4 92673.89874297984 17096.688540846782 4.2
7443.6 92507.12849988387 17085.19736294346 4.2
7447.8 92565.51957035743 17115.279667464543 4.2
7452.0 92642.77647995357 17148.88942296277 4.2
7456.2 92495.83073417186 17140.993885687767 4.2
7460.4 92138.47669636535 17094.011822955086 4.2
7464.6 91815.53597926069 17053.283029284983 4.2
7468.8 91634.62241535679 17038.839027934257 4.2
7473.0 91565.37749566174 17045.11752468475 4.2
7477.2 91545.97619602963 17060.66675475963 4.2
7481.4 91562.04925436286 17082.837118741674 4.2
7485.6 91558.7851897348 17101.41318317099 4.2
7489.8 91514.26856459297 17112.284816041578 4.2
7494.0 91459.72204934816 17121.27094280462 4.2
7498.2 91368.23053353366 17123.32107106643 4.2
7502.4 91122.33163605798 17096.373611105966 4.2
7506.6 90792.6528359011 17053.597165260497 4.2
7510.8 90555.92258247614 17028.170890551515 4.2
7515.0 90468.06155860983 17030.68043945447 4.2
7519.2 90437.7984230304 17044.018620771014 4.2
7523.4 90355.15790076775 17047.47255737205 4.2
7527.6 90194.52745246826 17036.171367166313 4.2
7531.8 90112.2214990791 17039.623713537094 4.2
7536.0 90134.58742128269 17062.86678026647 4.2
7540.2 90048.30113993131 17065.53862121696 4.2
7544.4 89765.16673875532 17030.83729854033 4.2
7548.6 89528.31880891029 17004.818465735978 4.2
7552.8 89358.79124860634 16991.510961385327 4.2
7557.0 89223.32636443707 16984.626462095122 4.2
7561.2 88793.21956084632 16921.544485102448 4.2
7565.4 88480.88635214254 16880.760179091132 4.2
7569.6 88469.87085613183 16897.404476802745 4.2
7573.8 88452.39354402196 16912.818957195876 4.2
7578.0 88005.142976055 16845.969109916477 4.2
7582.2 88779.92687414488 17013.121360891902 4.2
7586.4 89566.53630647957 17182.88169634513 4.2
7590.6 90312.74497774994 17345.22748315521 4.2
7594.8 91158.37426176092 17527.016681267003 4.2
7599.0 90444.95889023159 17409.087175232013 4.2
7603.2 87488.79308842821 16858.69679856225 4.2
7607.4 84432.32533645841 16287.708943006059 4.2
7611.6 83721.56535810701 16168.435556873457 4.2
7615.8 84806.70577779149 16396.078917769537 4.2
7620.0 85985.9140038033 16642.40168360812 4.2
7624.2 86760.2298914951 16810.78523919026 4.2
7628.4 86635.19151169257 16805.057392223986 4.2
7632.6 85520.10958737682 16607.03113940429 4.2
7636.8 84766.92337479276 16478.891717150887 4.2
7641.0 84672.98207723479 16478.739941648288 4.2
7645.2 84664.14998029417 16495.13977569743 4.2
7649.4 84677.2044517031 16515.814637572406 4.2
7653.6 84719.17790154417 16542.151730074936 4.2
7657.8 84741.70846082909 16564.716215240427 4.2
7662.0 84731.51261220666 16580.896179670937 4.2
7666.2 84595.83166894181 16572.498943377246 4.2
7670.4 84409.09228806244 16554.0399900031 4.2
7674.6 84492.42134098706 16588.533723019784 4.2
7678.8 84802.86841215621 16667.712471595732 4.2
7683.0 84960.21217918205 16716.909833521713 4.2
7687.2 83797.85345029608 16506.23409212081 4.2
7691.4 83114.05261308559 16389.43567139033 4.2
7695.6 82686.05705803787 16322.850388489593 4.2
7699.8 82845.01204456322 16372.085349329522 4.2
7704.0 83046.38004332175 16429.789528404322 4.2
7708.2 83278.19541237825 16493.620587141468 4.2
7712.4 83446.89140278554 16545.046801491506 4.2
7716.6 83451.33285964308 16563.95339943254 4.2
7720.8 83428.92535583166 16577.536774691685 4.2
7725.0 83501.11573434762 16609.93756548176 4.2
7729.2 83489.55846915672 16625.702309419485 4.2
7733.4 83378.15995089708 16621.568357270484 4.2
7737.6 83279.23076651752 16619.884449250523 4.2
7741.8 83075.57567221603 16597.244813820816 4.2
7746.0 82808.37635819818 16561.817702046967 4.2
7750.2 82704.9369306242 16559.07221002766 4.2
7754.4 82666.36766144527 16569.293847869812 4.2
7758.6 82383.9347544099 16530.576509351074 4.2
7762.8 81747.8727709877 16420.712599455626 4.2
7767.0 80672.70966090004 16222.28399138849 4.2
7771.2 79478.393929564 15999.411188030199 4.2
7775.4 79186.61421594484 15957.909581326772 4.2
7779.6 80101.88189516003 16159.800689354635 4.2
7783.8 81219.0523250949 16402.875932277562 4.2
7788.0 81764.60989244634 16530.88101662798 4.2
7792.2 81854.21971340332 16566.8522863982 4.2
7796.4 81842.90366335587 16582.423406976224 4.2
7800.6 81881.3958135035 16608.101868785572 4.2
7804.8 81849.06025527178 16619.425231216657 4.2
7809.0 81636.13008808775 16594.034932500545 4.2
7813.2 81423.05102823071 16568.530821259003 4.2
7817.4 81385.04084663991 16578.60560243983 4.2
7821.6 81423.55319225857 16604.278152245508 4.2
7825.8 81357.90661099035 16608.71374514134 4.2
7830.0 81148.73060105235 16583.798031822862 4.2
7834.2 80889.46177946293 16548.552039537262 4.2
7838.4 80712.05602688508 16529.96751162456 4.2
7842.6 80597.41717784604 16524.183152095542 4.2
7846.8 80464.45756103327 16514.59775220984 4.2
7851.0 80368.02575678508 16512.468418566317 4.2
7855.2 80353.12299776619 16527.07507879943 4.2
7859.4 80268.74441358805 16527.379521577146 4.2
7863.6 79998.60735711403 16489.367603496896 4.2
7867.8 79616.41746244626 16428.125049231196 4.2
7872.0 79291.58218846022 16378.570710073545 4.2
7876.2 79198.28613222571 16376.76058357413 4.2
7880.4 79321.10033154943 16419.653951117427 4.2
7884.6 79312.55185063298 16435.389468821686 4.2
7888.8 78962.2224065511 16380.23016845657 4.2
7893.0 78478.20284315548 16297.1626521294 4.2
7897.2 78138.1241593081 16243.813702575015 4.2
7901.4 78186.74954900882 16271.21561166564 4.2
7905.6 78530.7204301248 16360.177076370464 4.2
7909.8 78665.1272998296 16405.595526974324 4.2
7914.0 78473.88665115772 16383.09690169258 4.2
7918.2 78340.13589233757 16372.537733015335 4.2
7922.4 78314.77826478162 16384.605910172115 4.2
7926.6 78156.18798883232 16368.768250877814 4.2
7930.8 77956.30729594723 16344.212493979734 4.2
7935.0 77918.28634328574 16353.548376443568 4.2
7939.2 77867.41716436956 16360.177076370464 4.2
7943.4 77580.4670154716 16317.138505806275 4.2
7947.6 77323.8113390029 16280.359849659295 4.2
7951.8 77400.24903300671 16313.68228470913 4.2
7956.0 77526.77276544741 16357.615669312778 4.2
7960.2 77375.11289222959 16342.85772828916 4.2
7964.4 77129.25337604692 16308.123812915217 4.2
7968.6 76999.72968730233 16297.913181486434 4.2
7972.8 77015.03463530273 16318.340841297722 4.2
7977.0 77133.32813322943 16360.629131014122 4.2
7981.2 77124.589760281 16376.006423243653 4.2
7985.4 76898.15213716464 16345.115733498014 4.2
7989.6 76690.78460998055 16318.190544516392 4.2
7993.8 76549.55989599574 16305.270198557091 4.2
7998.0 76317.90764766862 16273.01407225899 4.2
8002.2 76097.51091662327 16243.06566453369 4.2
8006.4 76076.52860010967 16255.637276767602 4.2
8010.6 76121.46924334537 16282.309285886868 4.2
8014.8 76050.81555264822 16284.258955543308 4.2
8019.0 75887.25220285846 16266.270869835518 4.2
8023.2 75707.34535611885 16244.711393697873 4.2
8027.4 75593.3246718525 16237.232149930438 4.2
8031.6 75545.58918127442 16243.963314317163 4.2
8035.8 75405.49865641996 16230.80275448191 4.2
8040.0 75154.18287351637 16193.622092122321 4.2
8044.2 75040.46822060806 16186.017291016213 4.2
8048.4 75132.20761676767 16222.732235852767 4.2
8052.6 75145.8499935419 16242.616858243913 4.2
8056.8 74923.8505316678 16211.52983904486 4.2
8061.0 74712.86876369508 16182.737891248402 4.2
8065.2 74662.576342723 16188.700930578452 4.2
8069.4 74573.88467419402 16186.315451219438 4.2
8073.6 74352.36669975039 16155.038598686566 4.2
8077.8 74112.43157176864 16119.664553680153 4.2
8082.0 73940.7008111042 16099.040762156972 4.2
8086.2 73846.22466386139 16095.18600495039 4.2
8090.4 73747.15421703846 16090.294757645974 4.2
8094.6 73574.3559983221 16069.26452605134 4.2
8098.8 73436.4892164277 16055.801859626661 4.2
8103.0 73364.43493896081 16056.689160543892 4.2
8107.2 73202.0900011828 16037.77070517229 4.2
8111.4 72969.54157840858 16003.390403399033 4.2
8115.6 72841.68571766187 15991.897591676663 4.2
8119.8 72710.07461516866 15979.529947641433 4.2
8124.0 72376.47461707836 15922.673872690037 4.2
8128.2 72327.67293140793 15928.394376634269 4.2
8132.4 72927.57815264777 16077.110620901409 4.2
8136.6 73347.83882921208 16186.464533380678 4.2
8140.8 73457.99733608075 16227.514280867332 4.2
8145.0 73441.08382189718 16240.522592851923 4.2
8149.2 73514.21120561552 16273.463718466566 4.2
8153.4 73556.9573712867 16299.71459296745 4.2
8157.6 73620.10662917524 16330.519478943246 4.2
8161.8 73690.8146790527 16363.040300079274 4.2
8166.0 73480.9061934975 16333.227076949457 4.2
8170.2 72911.47414725192 16223.329914404918 4.2
8174.4 72638.26863607002 16179.161122003048 4.2
8178.6 72416.1310747544 16146.262172652929 4.2
8182.8 72083.75165190273 16088.664672216864 4.2
8187.0 71705.36881665296 16020.645109357882 4.2
8191.2 71476.98000868579 15986.007044021702 4.2
8195.4 71287.42766167491 15959.967402900644 4.2
8199.6 71035.57842758969 15919.887704807796 4.2
8203.8 70421.15217154892 15798.359783665723 4.2
8208.0 69613.67465143945 15633.204176507452 4.2
8212.2 69212.13073346367 15558.939783895958 4.2
8216.4 69810.07536998035 15709.414539556197 4.2
8220.6 70660.09570063018 15916.955423200287 4.2
8224.8 71323.81460179936 16082.886608995881 4.2
8229.0 71541.67928866384 16148.49301530576 4.2
8233.2 71135.0963316344 16073.113075127758 4.2
8237.4 70547.38883935362 15956.586836140852 4.2
8241.6 69902.73845287725 15826.905162455383 4.2
8245.8 69179.85715947949 15679.203613828668 4.2
8250.0 69284.7026787935 15718.966920251276 4.2
8254.2 69594.55775111997 15805.345724785848 4.2
8258.4 69578.23793296759 15817.724241768614 4.2
8262.6 69115.55461877311 15728.525109436465 4.2
8266.8 69000.20692077794 15718.243051740963 4.2
8271.0 69343.41296270976 15812.480392703761 4.2
8275.2 69934.62605002071 15963.495714420202 4.2
8279.4 70111.86580879195 16020.202448690256 4.2
8283.6 69875.83583731619 15982.473756963895 4.2
8287.8 69584.8555976954 15932.062447264989 4.2
8292.0 69006.6060243029 15815.684760523283 4.2
8296.2 68790.2405727682 15782.071260045821 4.2
8300.4 68484.96076139226 15727.945659831206 4.2
8304.6 68385.4669406005 15720.993929433442 4.2
8308.8 68228.31474161943 15700.735594561036 4.2
8313.0 67963.18037349632 15655.538120107482 4.2
8317.2 67777.0972416438 15628.453323192414 4.2
8321.4 67834.16096793677 15657.4127391859 4.2
8325.6 67598.67316065461 15618.812092167638 4.2
8329.8 67584.0333725314 15631.188486624693 4.2
8334.0 67331.49577694846 15588.488251665356 4.2
8338.2 67209.80555158359 15576.002205272058 4.2
8342.4 67215.15984089416 15592.939720891229 4.2
8346.6 67054.21038437774 15571.268735352747 4.2
8350.8 67004.67262512332 15575.428374714738 4.2
8355.0 66884.32465431165 15563.096129756652 4.2
8359.2 66802.97786523924 15559.799626441352 4.2
8363.4 66707.01660626047 15553.06546472682 4.2
8367.6 66549.9038290992 15532.022106520093 4.2
8371.8 66440.29705084907 15522.011469196423 4.2
8376.0 66427.5014237952 15534.597313765782 4.2
8380.2 66425.14141352155 15549.627868035757 4.2
8384.4 66377.55880158511 15554.068240239452 4.2
8388.6 66290.3454994253 15549.198221875668 4.2
8392.8 66184.98986298223 15540.035264626911 4.2
8397.0 66152.29998490936 15547.909354622218 4.2
8401.2 66153.16197257354 15563.669505969036 4.2
8405.4 66015.28208563455 15546.76378452936 4.2
8409.6 65755.27165436171 15501.010127166712 4.2
8413.8 65579.61849807325 15475.04782986396 4.2
8418.0 65551.01366393354 15483.74463062517 4.2
8422.2 65551.42756908349 15499.296986887533 4.2
8426.4 65461.373349459645 15493.445186015313 4.2
8430.6 65131.08100636693 15430.64216024005 4.2
8434.8 64498.21208462161 15295.933964396056 4.2
8439.0 63785.105906405246 15141.886970973048 4.2
8443.2 63476.22648600422 15083.565029532861 4.2
8447.4 63910.34119304154 15201.83449559344 4.2
8451.6 64676.63046051504 15399.407093722508 4.2
8455.8 64948.309279526504 15479.466904893645 4.2
8460.0 64508.438382862274 15389.90716187622 4.2
8464.2 63977.81757670105 15278.474722231966 4.2
8468.4 63966.78563779547 15291.003932531883 4.2
8472.6 64485.76375644669 15430.357919925062 4.2
8476.8 65367.42563501612 15656.835909408792 4.2
8481.0 66244.69857240663 15882.687828512257 4.2
8485.2 66213.88773408471 15891.028260412317 4.2
8489.4 64919.51412345124 15595.812311103044 4.2
8493.6 63120.385995865465 15178.6099187198 4.2
8497.8 61744.7794454913 14862.504530100721 4.2
8502.0 61325.7761550194 14776.242162975088 4.2
8506.2 62034.612712291426 14961.805337511481 4.2
8510.4 63628.15183688607 15361.301031602272 4.2
8514.6 65331.81955001314 15788.177487438063 4.2
8518.8 66365.20041908606 16053.73168149781 4.2
8523.0 66543.90420699526 16112.836490752225 4.2
8527.2 65890.73564659272 15970.407584103903 4.2
8531.4 64292.54914617197 15598.39809475636 4.2
8535.6 62039.0509085006 15066.486958535175 4.2
8539.8 59848.5806455498 14548.827679504791 4.2
8544.0 58563.46645911502 14250.431011511811 4.2
8548.2 59021.72596225428 14376.064082203226 4.2
8552.4 61088.75089397273 14894.159488115116 4.2
8556.6 63513.024468953554 15500.439059368633 4.2
8560.8 65381.75179848443 15972.172796327939 4.2
8565.0 66494.00934661517 16259.829976034818 4.2
8569.2 66905.9430415189 16376.609748729568 4.2
8573.4 66757.96376871443 16356.41044005167 4.2
8577.6 66070.20813927543 16203.767385255156 4.2
8581.8 64665.47569133706 15874.790404710133 4.2
8586.0 62431.4592993322 15341.364903151176 4.2
8590.2 59741.85508263831 14694.81084142321 4.2
8594.4 57569.19136656297 14174.247114428037 4.2
8598.6 56868.23664133128 14015.35168772094 4.2
8602.8 58017.31176175774 14312.51648829924 4.2
8607.0 60465.778497198335 14931.106734023326 4.2
8611.2 63035.02110132614 15580.737114106963 4.2
8615.4 65036.67995596761 16091.18396476373 4.2
8619.6 66378.4381939369 16439.174292827767 4.2
8623.8 67120.61124240921 16639.183069019364 4.2
8628.0 67509.51405256736 16751.897229182054 4.2
8632.2 67648.51487654656 16802.735848115917 4.2
8636.4 67302.58686732303 16733.084338428667 4.2
8640.6 66367.19355471693 16516.575236457207 4.2
8644.8 64895.615274625954 16166.053063710106 4.2
8649.0 62730.891636808716 15641.989859335648 4.2
8653.2 59777.22793276385 14919.971721521322 4.2
8657.4 56431.070265086775 14098.470502300665 4.2
8661.6 53728.536017663595 13436.309528338219 4.2
8665.8 53085.99128781748 13288.501201260666 4.2
8670.0 54724.65845719092 13711.974597009126 4.2
8674.2 57311.58137206033 14374.078092742422 4.2
8678.4 59844.732172507 15023.945517185273 4.2
8682.6 62182.14038474997 15625.862557212204 4.2
8686.8 64307.49747753764 16175.585143308477 4.2
8691.0 66120.13854079836 16647.614093962537 4.2
8695.2 67384.20411667148 16982.280111317014 4.2
8699.4 67925.15752083114 17135.15352853416 4.2
8703.6 67962.82263365855 17161.213723831897 4.2
8707.8 67867.26744210906 17153.62849091676 4.2
8712.0 67687.66322138468 17124.74053443578 4.2
8716.2 67205.20046698704 17019.07687528898 4.2
8720.4 66367.03906694148 16823.021501569932 4.2
8724.6 65339.25902265428 16578.452908542502 4.2
8728.8 64022.43224435725 16259.979735292975 4.2
8733.0 61980.965112375474 15756.654055980778 4.2
8737.2 59070.235258394685 15031.142774467695 4.2
8741.4 55747.22673493919 14199.204041116873 4.2
8745.6 52810.22705184299 13464.058811932444 4.2
8749.8 51301.37464107544 13091.939810660497 4.2
8754.0 52087.33889036963 13305.27943637891 4.2
8758.2 54726.73487703637 13992.908684345352 4.2
8762.4 57903.80529120281 14819.447072150024 4.2
8766.6 60801.58103259401 15576.002205272058 4.2
8770.8 63150.79741879738 16193.323797327037 4.2
8775.0 64924.25942564062 16664.028511454897 4.2
8779.2 66226.43372132877 17014.531689090938 4.2
8783.4 67035.97531703119 17238.99723478543 4.2
8787.6 67367.85108515734 17340.914622315144 4.2
8791.8 67533.87268061072 17400.270509529422 4.2
8796.0 67806.41968183412 17487.188843727825 4.2
8800.2 68072.57357259677 17572.59905214591 4.2
8804.4 68056.51786065067 17585.227858153678 4.2
8808.6 67706.04984593844 17511.36498437867 4.2
8812.8 67285.49104951319 17419.19175450929 4.2
8817.0 67054.44513365687 17375.927666230076 4.2
8821.2 66774.38812381834 17319.844956954166 4.2
8825.4 66071.84861163674 17153.944475341148 4.2
8829.6 65166.9200479175 16935.10914609188 4.2
8833.8 64314.09010787159 16729.385929553493 4.2
8838.0 63143.58860340088 16440.53704282421 4.2
8842.2 61311.87348526823 15978.794080036429 4.2
8846.4 58815.542815711284 15342.777960149217 4.2
8850.6 55668.79592417366 14535.701638081911 4.2
8854.8 52111.76010156343 13619.839821159607 4.2
8859.0 49101.17119637368 12845.174249314754 4.2
8863.2 48070.225119508075 12587.399033585396 4.2
8867.4 49525.01955388988 12980.636845755555 4.2
8871.6 52554.432431611494 13787.705548427135 4.2
8875.8 55944.60855740358 14691.021692167686 4.2
8880.0 58836.566811903635 15465.073913375247 4.2
8884.2 60924.026896164214 16028.91035398322 4.2
8888.4 62382.97373727743 16428.276358551393 4.2
8892.6 63435.408280563395 16721.221505492227 4.2
8896.8 64141.276573670795 16923.258956978327 4.2
8901.0 64497.02052770138 17033.19035820547 4.2
8905.2 64671.64374373063 17095.428856690236 4.2
8909.4 64911.30485424749 17174.97050865351 4.2
8913.6 65169.287445497794 17259.49164458031 4.2
8917.8 65157.107771272895 17272.531763222672 4.2
8922.0 64888.064024610794 17217.417076948157 4.2
8926.2 64676.13039108337 17177.343482432818 4.2
8930.4 64574.85375043321 17166.588626433637 4.2
8934.6 64419.748756570036 17141.467515395103 4.2
8938.8 64272.14794579929 17118.275043021506 4.2
8943.0 64240.77819344344 17126.002378435987 4.2
8947.2 64116.67080180695 17108.97532678618 4.2
8951.4 64266.89621304255 17165.165694291518 4.2
8955.6 63987.019216535795 17106.454240772488 4.2
8959.8 63499.83894039247 16992.13696331414 4.2
8964.0 63018.13685168852 16879.050012707452 4.2
8968.2 62624.27122562234 16789.277215312995 4.2
8972.4 62308.02727361359 16720.143483253414 4.2
8976.6 61950.02815305695 16639.64283298987 4.2
8980.8 61420.19698543048 16512.772592277066 4.2
8985.0 61111.80226820074 16445.231824224524 4.2
8989.2 60414.219407966084 16272.71431502299 4.2
8993.4 58965.42522204731 15897.323063344584 4.2
8997.6 57138.901983231015 15419.276630653709 4.2
9001.8 54304.83961978438 14668.172206512983 4.2
9006.0 50682.42302615625 13702.505971242368 4.2
9010.2 47415.94302919119 12831.339618864531 4.2
9014.4 45842.84944004673 12417.20925730635 4.2
9018.6 46692.056712708305 12659.017493002426 4.2
9022.8 49388.131176303104 13402.443960804721 4.2
9027.0 52905.688408871065 14370.37164644039 4.2
9031.2 55763.026229346084 15160.586406892287 4.2
9035.4 56864.1415718273 15474.335193984105 4.2
9039.6 57288.94541570965 15604.43325732481 4.2
9043.8 58159.32476152655 15856.232308335442 4.2
9048.0 58823.12202670097 16052.105300223326 4.2
9052.2 59650.34684411529 16292.960326397215 4.2
9056.4 59457.96796000831 16255.487557504784 4.2
9060.6 59777.71894841263 16358.067653181031 4.2
9064.8 60104.197324649955 16462.659663282837 4.2
9069.0 60279.612372479285 16526.009573239822 4.2
9073.2 60551.413614281155 16615.90498113812 4.2
9077.4 60688.486690970276 16668.940639283268 4.2
9081.6 60420.52795706572 16610.70249898765 4.2
9085.8 60251.92256248528 16579.67449910007 4.2
9090.0 59746.64021909967 16455.837875625963 4.2
9094.2 59572.28420173085 16422.981361455462 4.2
9098.4 59735.87127290841 16483.293814873028 4.2
9102.6 59873.4573987687 16536.515413135727 4.2
9106.8 59729.05683420942 16511.860087954235 4.2
9111.0 59630.048344192815 16499.69818098988 4.2
9115.2 59825.84624624895 16569.141239736517 4.2
9119.4 59806.546354213926 16579.063692569955 4.2
9123.6 59529.02666695213 16517.33587036996 4.2
9127.8 59379.019693400696 16490.886400320545 4.2
9132.0 59603.18245292365 16568.37822015341 4.2
9136.2 59395.02349732649 16525.70515569726 4.2
9140.4 59481.08082400812 16564.868782617552 4.2
9144.6 59248.29100351471 16515.206183683196 4.2
9148.8 59288.29857486734 16541.542305909254 4.2
9153.0 59080.79491632126 16498.78639916589 4.2
9157.2 58870.24666709895 16455.080073735455 4.2
9161.4 58960.5551140765 16495.4436301997 4.2
9165.6 58892.96972935566 16491.645851191435 4.2
9169.8 58857.46157022992 16496.811044727216 4.2
9174.0 58647.80778552817 16453.109952135237 4.2
9178.2 58142.0339766271 16326.158181777471 4.2
9182.4 57518.67060691529 16165.90416954458 4.2
9186.6 57223.13418211858 16097.55805398849 4.2
9190.8 56488.835707511986 15905.524684634336 4.2
9195.0 55713.67257809638 15701.603273249026 4.2
9199.2 55107.29995428504 15544.90241314677 4.2
9203.4 54758.64072073215 15460.658947253818 4.2
9207.6 53671.08392094179 15167.43002495275 4.2
9211.8 52029.81169506876 14717.02406405611 4.2
9216.0 49435.65839511717 13996.002133075963 4.2
9220.2 45934.24382975938 13016.553268354442 4.2
9224.4 41970.58286336624 11904.194113479565 4.2
9228.6 40469.29228384223 11488.835205127241 4.2
9232.8 41405.15346716519 11765.218576672232 4.2
9237.0 46118.94537149036 13116.561503626896 4.2
9241.2 48576.75678136457 13828.14739295182 4.2
9245.4 52028.08530311342 14824.08853200877 4.2
9249.6 52734.07720197661 15038.897522867606 4.2
9253.8 53176.16787018925 15178.749719527352 4.2
9258.0 53532.17657762567 15294.243488719621 4.2
9262.2 53973.54525249125 15434.337760840817 4.2
9266.4 54436.62203883115 15580.880618659783 4.2
9270.6 55102.27995095454 15785.70563465459 4.2
9274.8 56248.65575546944 16128.723621703995 4.2
9279.0 56842.727061369354 16313.832539967661 4.2
9283.2 57197.60450552198 16430.546165595355 4.2
9287.4 57469.43844046969 16523.57438990454 4.2
9291.6 57564.699792015366 16565.936793603738 4.2
9295.8 57888.955314453866 16674.314937063737 4.2
9300.0 58346.03626523787 16821.162255268075 4.2
9304.2 58761.812107546335 16956.33546167297 4.2
9308.4 59003.14752790464 17041.350149067737 4.2
9312.6 59224.22088338547 17120.64018349182 4.2
9316.8 59567.82036370237 17235.504493951623 4.2
9321.0 59996.26832376862 17375.127493614476 4.2
9325.2 60501.333184107156 17537.18970916703 4.2
9329.4 60998.313382537664 17697.17722215981 4.2
9333.6 61489.20598497276 17855.663795555505 4.2
9337.8 61868.29092374437 17981.9174662204 4.2
9342.0 61182.261908740555 17798.524470000288 4.2
9346.2 59753.46772580339 17398.507712275088 4.2
9350.4 59592.125362700135 17367.127793843683 4.2
9354.6 60372.45144123708 17610.350506251987 4.2
9358.8 60230.008150673355 17584.58000635116 4.2
9363.0 59609.462794638464 17419.0313185629 4.2
9367.2 59754.36956146824 17477.04482048633 4.2
9371.4 59946.56520868699 17548.984888502175 4.2
9375.6 59386.41570289317 17400.591037309543 4.2
9379.8 58227.22570204382 17076.230169457194 4.2
9384.0 56660.089540485365 16631.52220615477 4.2
9388.2 55383.524356930364 16271.365475789858 4.2
9392.4 55018.92429199553 16178.714081436507 4.2
9396.6 55266.221695983586 16265.971236812751 4.2
9400.8 55618.54561662794 16384.304097357293 4.2
9405.0 55999.952024916936 16511.40385470268 4.2
9409.2 56013.90557017404 16530.272007683212 4.2
9413.4 56126.53451967771 16578.300216051528 4.2
9417.6 56361.27042655643 16662.49376838798 4.2
9421.8 56787.07409032483 16803.35489518457 4.2
9426.0 56760.52240060836 16810.475575934386 4.2
9430.2 56286.39675222552 16684.915056973285 4.2
9434.4 55889.816491444246 16582.11795026201 4.2
9438.6 56037.41483469831 16640.715664992647 4.2
9442.8 56448.92451468848 16777.838127124185 4.2
9447.0 56461.6315987276 16796.54663162803 4.2
9451.2 56474.36386825837 16815.2759974692 4.2
9455.4 56439.27715596956 16819.767955389438 4.2
9459.6 56567.59429872048 16872.988091468458 4.2
9463.8 55991.50580302916 16715.98604846974 4.2
9468.0 55780.288508325204 16667.712471595732 4.2
9472.2 55760.612552920764 16676.61873794151 4.2
9476.4 55710.68348194162 16676.465141313998 4.2
9480.6 55645.443456856 16671.704347473857 4.2
9484.8 55276.54619037808 16575.857327450238 4.2
9489.0 54743.47492495797 16430.546165595355 4.2
9493.2 54698.57264470537 16431.60551620321 4.2
9497.4 55052.84862162367 16552.667831789615 4.2
9501.6 54367.550656218125 16361.081198148551 4.2
9505.8 53172.60157293023 16015.629004588689 4.2
9510.0 53148.6479346953 16022.563446928787 4.2
9514.2 53645.42639301777 16186.613616914894 4.2
9518.4 53472.359934592954 16148.641749107755 4.2
9522.6 52676.167584144816 15922.23391903019 4.2
9526.8 51117.68280106518 15464.789038809766 4.2
9531.0 48871.572774596876 14798.305882843475 4.2
9535.2 46568.64925292598 14113.41136038699 4.2
9539.4 43413.733430729626 13168.854522376072 4.2
9543.6 40888.08753633375 12413.664394960344 4.2
9547.8 40508.54351435419 12309.261556435882 4.2
9552.0 42021.21710171884 12780.151437658888 4.2
9556.2 44321.94330084423 13491.741140521446 4.2
9560.4 46765.88186892636 14248.199913743276 4.2
9564.6 48801.32688100915 14881.407184567044 4.2
9568.8 50747.45883713791 15488.451494317202 4.2
9573.0 51378.93962251683 15694.952295192745 4.2
9577.2 51913.479807623335 15872.15880284442 4.2
9581.4 52172.69995213891 15965.407208831632 4.2
9585.6 52452.55528981397 16065.120965281978 4.2
9589.8 52770.37191883294 16176.628055441843 4.2
9594.0 52950.4708663964 16246.058023400781 4.2
9598.2 52245.11197731342 16043.680326778109 4.2
9602.4 51451.929813618786 15813.936843040114 4.2
9606.6 51408.844076933165 15814.519460736125 4.2
9610.8 51638.09061566909 15898.933762256724 4.2
9615.0 51426.93926845848 15847.76417517262 4.2
9619.2 51044.310944409786 15743.598294660469 4.2
9623.4 50862.79001497791 15701.314041691978 4.2
9627.6 50846.513397477385 15709.99330643718 4.2
9631.8 50766.16331508406 15698.85578855598 4.2
9636.0 50619.71225047175 15667.22209752693 4.2
9640.2 50730.50278436736 15715.203167993675 4.2
9644.4 50485.98407540434 15653.087033811438 4.2
9648.6 50023.335897462355 15523.155215404091 4.2
9652.8 49698.88424212137 15435.901550602146 4.2
9657.0 49547.39111198239 15402.244030623244 4.2
9661.2 49567.28247110437 15421.833144714285 4.2
9665.4 49513.72393588073 15418.56656307348 4.2
9669.6 49128.809067386144 15312.002805316562 4.2
9673.8 48809.80200745972 15225.795765726743 4.2
9678.0 48813.732757937716 15240.246799666424 4.2
9682.2 48582.64504558451 15181.26635425721 4.2
9686.4 48339.31102538855 15118.336237989457 4.2
9690.6 48210.309512656815 15091.068832887004 4.2
9694.8 48485.90948122888 15190.497585331168 4.2
9699.0 48294.24000380682 15143.560606654499 4.2
9703.2 48039.147145504634 15076.620390320639 4.2
9707.4 48144.13674516054 15122.653449987396 4.2
9711.6 48391.78944188575 15213.600228274065 4.2
9715.8 48411.00763294757 15232.809118558776 4.2
9720.0 48163.79784268688 15168.128527001694 4.2
9724.2 48218.4770909957 15198.474529284636 4.2
9728.4 48163.541852550894 15194.275615706372 4.2
9732.6 48135.723670063875 15198.614513052977 4.2
9736.8 48171.78683490965 15223.131538381436 4.2
9741.0 47961.214060561084 15169.665344742662 4.2
9745.2 47952.995503686616 15180.147798423603 4.2
9749.4 47809.86050948921 15147.88502175636 4.2
9753.6 47767.814620218225 15147.605989972371 4.2
9757.8 47761.00205185735 15158.492039153802 4.2
9762.0 47407.1282423787 15059.13407725436 4.2
9766.2 47503.10818788819 15102.60973567796 4.2
9770.4 47107.33835342825 14989.667518698987 4.2
9774.6 47108.93287570212 15003.065316795759 4.2
9778.8 47552.58461396024 15157.375161331925 4.2
9783.0 47569.99958908547 15175.953948008553 4.2
9787.2 47195.906101880995 15069.540152263557 4.2
9791.4 47135.88538188094 15063.295644686526 4.2
9795.6 47503.2331698367 15193.715848217149 4.2
9799.8 47191.831208775504 15107.061597333777 4.2
9804.0 46294.63342377909 14832.55611331434 4.2
9808.2 46390.24099947852 14875.925681343864 4.2
9812.4 46760.02849246688 15007.349611877697 4.2
9816.6 47015.71711780411 15102.331537887885 4.2
9820.8 46935.72398033015 15089.539977649436 4.2
9825.0 46646.61530082031 15009.423097075827 4.2
9829.2 46568.142020196625 14996.986481737651 4.2
9833.4 46865.56352592637 15105.670249615428 4.2
9837.6 47174.894181053576 15218.365137141505 4.2
9841.8 47209.80256284962 15242.633240117328 4.2
9846.0 47126.10991503564 15228.600719293332 4.2
9850.2 47059.05020896867 15219.907044799496 4.2
9854.4 46984.745765218075 15208.836811311592 4.2
9858.6 46914.0323143666 15198.89448445721 4.2
9862.8 46855.09273105117 15192.736304732889 4.2
9867.0 46845.836500575155 15202.674603226145 4.2
9871.2 47022.027623108166 15272.846960865409 4.2
9875.4 47244.565964648806 15358.188725089023 4.2
9879.6 47032.55064310934 15302.27491247219 4.2
9883.8 46464.08156830318 15130.176699130376 4.2
9888.0 46308.03354640559 15092.180824898054 4.2
9892.2 46657.716299538784 15219.065984893186 4.2
9896.4 46809.1520030606 15281.430127039335 4.2
9900.6 46692.8330679052 15256.397655505518 4.2
9904.8 46785.34469667315 15299.597302717495 4.2
9909.0 46892.73871088048 15347.724684678371 4.2
9913.2 46627.00479143434 15273.690992900281 4.2
9917.4 46375.178539705914 15204.0748857871 4.2
9921.6 46474.40375827317 15249.513894818363 4.2
9925.8 46508.70150739695 15273.690992900281 4.2
9930.0 46325.78184962189 15226.496955679271 4.2
9934.2 46314.76410304723 15235.755690001217 4.2
9938.4 46396.4028102655 15275.519888995168 4.2
9942.6 46162.49985822415 15211.358434477357 4.2
9946.8 45851.1764574297 15121.53921275307 4.2
9951.0 45998.51404092702 15182.944342549352 4.2
9955.2 46360.624326541525 15315.387869616736 4.2
9959.4 46266.10126632767 15297.061051983974 4.2
9963.6 45788.950218421916 15152.071115368872 4.2
9967.8 45621.1915153404 15109.288020247903 4.2
9972.0 45908.03616105674 15217.103692519444 4.2
9976.2 45940.84302986336 15240.808281450827 4.2
9980.4 45431.529669313335 15084.537534258 4.2
9984.6 45093.70431196563 14984.974215637974 4.2
9988.8 45254.58843087083 15051.091640047134 4.2
9993.0 45265.7249211671 15067.458362160893 4.2
9997.2 44670.05566726927 14881.681312742656 4.2
10001.4 43912.04479250473 14641.447008574234 4.2
10005.6 43686.87510876652 14578.606036364128 4.2
10009.8 43983.972843604926 14690.074557528635 4.2
10014.0 44163.76401421464 14762.50303814397 4.2
10018.2 44303.88994956172 14821.7676203944 4.2
10022.4 43966.08460654864 14721.091089937367 4.2
10026.6 43282.25461691606 14504.274153132943 4.2
10030.8 42149.27532385755 14136.438234912648 4.2
10035.0 40708.63132222436 13664.696807404545 4.2
10039.2 38343.08410050227 12881.427691672581 4.2
10043.4 35658.226167166606 11989.470404794134 4.2
10047.6 35085.250385029634 11806.685638754747 4.2
10051.8 35463.82514203546 11944.060650016227 4.2
10056.0 37050.55563740008 12488.894588654583 4.2
10060.2 38994.20093759261 13155.034760773631 4.2
10064.4 40939.02323315239 13822.671913689783 4.2
10068.6 42227.471663296536 14269.606594147486 4.2
10072.8 42649.39087348659 14424.208784693938 4.2
10077.0 42750.25775739717 14470.382129881174 4.2
10081.2 43035.69225115265 14579.143141952847 4.2
10085.4 43798.072643827996 14849.77932936647 4.2
10089.6 44182.40543393889 14992.567057838389 4.2
10093.8 43731.24726551235 14851.831043921755 4.2
10098.0 43450.47434855856 14768.75887644891 4.2
10102.2 43342.836556443006 14744.43040852883 4.2
10106.4 43391.06287937948 14773.112327441606 4.2
10110.6 43146.68129203796 14702.121246533845 4.2
10114.8 43002.59410836626 14665.200332724307 4.2
10119.0 43500.48137812654 14847.317646031303 4.2
10123.2 44036.17819869269 15042.637848774102 4.2
10127.4 44177.926426346254 15103.583468300261 4.2
10131.6 43967.23797615758 15044.02339072643 4.2
10135.8 43700.377625606634 14965.112982746154 4.2
10140.0 43576.600268898495 14935.09536336012 4.2
10144.2 43527.69287958754 14930.694177997515 4.2
10148.4 43539.366068677366 14947.067645537267 4.2
10152.6 43624.925973325124 14988.839181947535 4.2
10156.8 43809.41492809742 15064.68308937979 4.2
10161.0 44148.947238459725 15193.995729383936 4.2
10165.2 44406.79187630511 15295.370451743975 4.2
10169.4 44195.14820114884 15235.054073678035 4.2
10173.6 43603.3581541771 15043.469158631902 4.2
10177.8 43112.720619329484 14886.479373313956 4.2
10182.0 43245.71374895261 14944.727479878897 4.2
10186.2 43788.176165872464 15144.676466544748 4.2
10190.4 44048.4663093888 15247.266808978115 4.2
10194.6 44062.8794372494 15264.830982420615 4.2
10198.8 43818.66117980273 15192.736304732889 4.2
10203.0 43554.54502480813 15113.60264842487 4.2
10207.2 43528.33004556021 15116.943851886022 4.2
10211.4 43840.820885758134 15238.001079375164 4.2
10215.6 44560.85301765173 15501.010127166712 4.2
10219.8 44789.9379833062 15593.51419660227 4.2
10224.0 44626.78217818197 15549.484651330082 4.2
10228.2 44464.645238643 15505.722239352617 4.2
10232.4 44375.804202718144 15487.452949136145 4.2
10236.6 44173.90450746187 15429.647342044354 4.2
10240.8 43392.381445170446 15169.10648391275 4.2
10245.0 43054.77552069565 15063.434383405347 4.2
10249.2 43491.1927996721 15228.600719293332 4.2
10253.4 43735.83821759497 15326.817987487093 4.2
10257.6 43734.65809049333 15338.963004922687 4.2
10261.8 44026.90560546409 15454.110029821226 4.2
10266.0 44326.836195880416 15572.129259240004 4.2
10270.2 44301.19616137779 15575.858745650876 4.2
10274.4 44296.38810649444 15586.909003556877 4.2
10278.6 44321.793275255826 15608.601756109585 4.2
10282.8 43811.333986154816 15441.447172927456 4.2
10287.0 43158.64240094377 15223.83260563906 4.2
10291.2 43764.02101723164 15449.982790246297 4.2
10295.4 45265.86308379995 15993.223264000595 4.2
10299.6 45391.7093465844 16050.774747189325 4.2
10303.8 43509.73258744147 15397.847001163826 4.2
10308.0 42129.70663310303 14921.620828867535 4.2
10312.2 42482.160951928396 15058.717983751198 4.2
10316.4 42118.88921131678 14942.112434187306 4.2
10320.6 41553.09359901074 14753.396013965086 4.2
10324.8 41564.05962819094 14769.302987656198 4.2
10329.0 41877.10972240161 14892.650581490087 4.2
10333.2 42012.98936663851 14953.126246639034 4.2
10337.4 41629.63584843214 14828.731445575571 4.2
10341.6 41290.846188237236 14720.006439821133 4.2
10345.8 41643.29615755992 14857.71419686006 4.2
10350.0 42032.43549258205 15008.731903513739 4.2
10354.2 42035.494014142794 15022.008382952386 4.2
10358.4 42172.35942735828 15083.148260986985 4.2
10362.6 41573.806045248515 14881.133061441014 4.2
10366.8 39780.64446465946 14250.824770912019 4.2
10371.0 39658.47281474022 14218.57260538696 4.2
10375.2 42251.32181587319 15160.446773374382 4.2
10379.4 43859.20513018738 15750.124822530579 4.2
10383.6 44009.39062886831 15816.850146175937 4.2
10387.8 42782.49378141916 15388.348031742322 4.2
10392.0 42005.57931330926 15121.121394956235 4.2
10396.2 42429.8995067588 15286.216280272554 4.2
10400.4 42833.65846461122 15444.14960808053 4.2
10404.6 42023.71838775197 15164.356998054915 4.2
10408.8 39757.57867211622 14358.20005067709 4.2
10413.0 38888.52919076304 14055.684492425155 4.2
10417.2 40180.49199176588 14534.362912137076 4.2
10421.4 40403.69868222043 14626.890157014133 4.2
10425.6 39848.42293138338 14437.500091877944 4.2
10429.8 40081.991685894034 14533.827456282597 4.2
10434.0 40294.2976263788 14622.579795861875 4.2
10438.2 45817.77835839752 16640.409134505386 4.2
