3000.0 67.13527083603847 2.0140581250811547 4.2
3004.2 76.67743405503089 2.3067684347446713 4.2
3008.4 69.13247331969352 2.085604715066239 4.2
3012.6 79.69853001482575 2.4110821064705923 4.2
3016.8 95.98872342248701 2.9120042199355622 4.2
3021.0 113.7113470135455 3.459266331832164 4.2
3025.2 138.31748105909116 4.219529232670422 4.2
3029.4 163.0316832641348 4.987282854569178 4.2
3033.6 184.60379440305155 5.662862282929495 4.2
3037.8 199.9930479324346 6.151938709098652 4.2
3042.0 209.70019546844753 6.468387065396277 4.2
3046.2 227.9546350045876 7.050890984518999 4.2
3050.4 250.45843940690457 7.768335970827442 4.2
3054.6 271.571730615957 8.446406910912811 4.2
3058.8 293.71835801257106 9.160348574732339 4.2
3063.0 323.70638150149193 10.123344121163903 4.2
3067.2 358.48010957321594 11.241596683856264 4.2
3071.4 392.4537604945542 12.340705830065685 4.2
3075.6 423.5898550705346 13.356233408029608 4.2
3079.8 446.7825735679219 14.126025958784671 4.2
3084.0 464.4217129487056 14.723803064903548 4.2
3088.2 483.42200742408994 15.367952163208903 4.2
3092.4 509.6475320793735 16.245758762708842 4.2
3096.6 539.1319079065901 17.232329889095052 4.2
3100.8 568.8237799351913 18.230727517242958 4.2
3105.0 596.6642890890195 19.174851092381548 4.2
3109.2 619.3382985142565 19.957401753542808 4.2
3113.4 640.7423246785214 20.702938880622337 4.2
3117.6 667.9754006902361 21.641133294722017 4.2
3121.8 702.3653886741293 22.816656277396312 4.2
3126.0 727.8389741194901 23.707840676876216 4.2
3130.2 749.1091132782133 24.466283288165048 4.2
3134.4 770.6983290936265 25.23899165264518 4.2
3138.6 791.220104438999 25.980529617866438 4.2
3142.8 811.7676979432729 26.726617607002936 4.2
3147.0 832.8288648573113 27.493371471535507 4.2
3151.2 852.7806140117016 28.22721297325707 4.2
3155.4 868.9852649087671 28.84031503126588 4.2
3159.6 884.1155811833441 29.42063214911221 4.2
3163.8 901.6276284958689 30.08319785245754 4.2
3168.0 922.4161728208828 30.85858443884364 4.2
3172.2 943.4353242662633 31.645502773830284 4.2
3176.4 960.9811745972713 32.3194528644663 4.2
3180.6 975.724354942642 32.90212894107067 4.2
3184.8 990.7245515788061 33.49623540263262 4.2
3189.0 1007.7022221041134 34.16016816626289 4.2
3193.2 1022.2497511903529 34.744654706153014 4.2
3197.4 1032.721725605961 35.19297653963274 4.2
3201.6 1040.6653921847876 35.556908978972004 4.2
3205.8 1048.2681860924947 35.910710681322264 4.2
3210.0 1055.3467812611232 36.2479958959758 4.2
3214.2 1061.0979150893336 36.54096396273897 4.2
3218.4 1065.2246692535416 36.77900704223862 4.2
3222.6 1068.790166049497 36.998490017431536 4.2
3226.8 1075.804008563965 37.33842545571668 4.2
3231.0 1087.1346513764984 37.829970271094716 4.2
3235.2 1098.5579894121445 38.3269270424211 4.2
3239.4 1102.9303789005012 38.57944716429224 4.2
3243.6 1099.8733298280629 38.57234122199884 4.2
3247.8 1095.5562978800933 38.52050747930427 4.2
3252.0 1098.561009610783 38.72612117127624 4.2
3256.2 1107.610618965794 39.146054824409035 4.2
3260.4 1116.8516387669015 39.574551346430965 4.2
3264.6 1120.8133679453476 39.81731766706087 4.2
3268.8 1118.563274488449 39.83969454643489 4.2
3273.0 1116.73272785639 39.876772441368956 4.2
3277.2 1118.2408734261296 40.03317177104343 4.2
3281.4 1122.491102443239 40.28839811630914 4.2
3285.6 1127.61248309178 40.575884907336444 4.2
3289.8 1128.4914218987112 40.71139650067426 4.2
3294.0 1126.4244407172475 40.74065434279429 4.2
3298.2 1124.1578047405374 40.76242380391806 4.2
3302.4 1116.9915906144936 40.60579334152911 4.2
3306.6 1109.5271450642697 40.43709981063778 4.2
3310.8 1107.774494437854 40.47585207069597 4.2
3315.0 1113.9410006239718 40.80449430860656 4.2
3319.2 1122.4898201430876 41.22189948671352 4.2
3323.4 1128.3193176886555 41.54090942526296 4.2
3327.6 1128.3478961197711 41.647026572649445 4.2
3331.8 1122.4407027585783 41.53364054890716 4.2
3336.0 1112.8001378635793 41.28079001023145 4.2
3340.2 1109.0530265671846 41.24544560792833 4.2
3344.4 1113.8246504804108 41.52713789557142 4.2
3348.6 1118.4142938458513 41.80305292900269 4.2
3352.8 1118.3299581658923 41.90482197746264 4.2
3357.0 1115.009511780105 41.88514275840265 4.2
3361.2 1110.6585008073798 41.826160534045826 4.2
3365.4 1104.3935814636382 41.6942340523096 4.2
3369.6 1100.8713152285763 41.66505888997658 4.2
3373.8 1098.536741712685 41.68041169285363 4.2
3378.0 1094.3744980935537 41.62593483434588 4.2
3382.2 1090.0607050745655 41.565020592511814 4.2
3386.4 1086.2473845936397 41.52254840030504 4.2
3390.6 1083.5479613294988 41.52216596526229 4.2
3394.8 1080.7192012972312 41.51642986228442 4.2
3399.0 1073.2451277007485 41.331388941991385 4.2
3403.2 1064.2270896724497 41.08544545256729 4.2
3407.4 1058.0422650737717 40.9475573647525 4.2
3411.6 1055.4387698459714 40.9475573647525 4.2
3415.8 1049.4177033317133 40.81426688398675 4.2
3420.0 1043.616754126356 40.68853000987837 4.2
3424.2 1039.7070979458983 40.63572382119134 4.2
3428.4 1034.451852923482 40.529570363728425 4.2
3432.6 1027.8810474783058 40.370859901054075 4.2
3436.8 1021.3738519584559 40.213511688930375 4.2
3441.0 1016.7915057537182 40.131001682794306 4.2
3445.2 1014.5661715292672 40.140982668768814 4.2
3449.4 1010.2994967540619 40.06969161302159 4.2
3453.6 1004.4519897832485 39.9348447117304 4.2
3457.8 1000.0403301068129 39.856210140387915 4.2
3462.0 999.1141912037068 39.91609062759107 4.2
3466.2 1000.2165098823581 40.057145690567566 4.2
3470.4 1000.1524090811182 40.1517057520561 4.2
3474.6 996.4043711504586 40.09811896548886 4.2
3478.8 989.3599638561774 39.91094398848024 4.2
3483.0 982.4496580010339 39.727935763872345 4.2
3487.2 978.2808285412978 39.65482156308182 4.2
3491.4 976.9988208521846 39.69830828418917 4.2
3495.6 975.9190451231896 39.7498962998733 4.2
3499.8 975.8044652362914 39.84079537308473 4.2
3504.0 974.7765204234795 39.89440571394602 4.2
3508.2 970.4665400321661 39.813283829873434 4.2
3512.4 968.1113633673124 39.8118170813103 4.2
3516.6 964.9466688153458 39.77663132202795 4.2
3520.8 959.4239237040525 39.64350091277436 4.2
3525.0 954.1903323441906 39.52137082778094 4.2
3529.2 952.4379982890509 39.542852975420054 4.2
3533.4 951.7779633840784 39.6095583490633 4.2
3537.6 950.1754478856788 39.63692911508092 4.2
3541.8 948.8317036760236 39.67491454410943 4.2
3546.0 947.0737341495441 39.695383312498436 4.2
3550.2 945.9139174690084 39.74074460167513 4.2
3554.4 945.6287209066626 39.82281901279792 4.2
3558.6 944.1628448920802 39.85510888781853 4.2
3562.8 940.3171724306237 39.786524172509885 4.2
3567.0 937.6981000393885 39.76930487057353 4.2
3571.2 939.8983969253 39.956551606306014 4.2
3575.4 944.8176183026652 40.26020667492889 4.2
3579.6 944.9400489974977 40.36007828953869 4.2
3583.8 939.7616634038966 40.23314662782005 4.2
3588.0 933.9860420689203 40.0796573505617 4.2
3592.2 929.7800804755849 39.992633204880555 4.2
3596.4 926.4740867864346 39.94367321175618 4.2
3600.6 924.6715602629703 39.95912778343398 4.2
3604.8 925.9145440770617 40.10624476984373 4.2
3609.0 928.9567411158762 40.33183669060698 4.2
3613.2 929.6880562661116 40.4575891697442 4.2
3617.4 926.8814407419934 40.429279338457974 4.2
3621.6 923.175545594369 40.36119349512138 4.2
3625.8 920.257923516434 40.32700787043202 4.2
3630.0 917.4956305239255 40.29916057950237 4.2
3634.2 914.2808147264717 40.25093748695151 4.2
3638.4 911.3314724378304 40.2138820707663 4.2
3642.6 909.3902386665992 40.22091997384155 4.2
3646.8 907.463910796505 40.22832962353559 4.2
3651.0 905.2688752662816 40.22351319597785 4.2
3655.2 904.5383085880874 40.28357449691553 4.2
3659.4 903.8356916682908 40.34484023444933 4.2
3663.6 898.80432597756 40.21240056389076 4.2
3667.8 887.6585945234137 39.804850763532144 4.2
3672.0 876.1690533646629 39.379663430809714 4.2
3676.2 872.6397529068191 39.310810673580136 4.2
3680.4 876.2483449005014 39.56361800435891 4.2
3684.6 879.0965166247752 39.78285986696165 4.2
3688.8 875.0140697492059 39.68843736843574 4.2
3693.0 871.0170160884796 39.597156495505644 4.2
3697.2 869.7758920902432 39.630723417581045 4.2
3701.4 866.6848669159147 39.579654606674865 4.2
3705.6 857.3066239421292 39.24027117799879 4.2
3709.8 849.8225696956512 38.985939096157956 4.2
3714.0 848.9878126249785 39.03588231278392 4.2
3718.2 850.8162218281998 39.20847943316398 4.2
3722.4 852.4858433040279 39.37422330504985 4.2
3726.6 847.3282683319406 39.22437208464089 4.2
3730.8 836.6837197544864 38.81896929496423 4.2
3735.0 832.1316533885081 38.694745981305665 4.2
3739.2 836.2725942601652 38.974809398279646 4.2
3743.4 839.8481747427855 39.229430188190484 4.2
3747.6 836.5555680042178 39.163364977984365 4.2
3751.8 833.9228935014102 39.127671169453414 4.2
3756.0 835.7532758241592 39.30139808602419 4.2
3760.2 839.3350601462296 39.558152466090654 4.2
3764.4 838.6982275887336 39.61649048836875 4.2
3768.6 830.8089514555159 39.331453850786936 4.2
3772.8 821.458613635309 38.97552734741294 4.2
3777.0 817.2657240156145 38.86297113265182 4.2
3781.2 819.7887539618827 39.06969312060237 4.2
3785.4 821.3300244530451 39.23015282765558 4.2
3789.6 819.6614524212229 39.237379954485924 4.2
3793.8 816.222176657513 39.1593973918362 4.2
3798.0 814.0654702597955 39.14244950555126 4.2
3802.2 814.8981647141023 39.26919513297591 4.2
3806.4 818.465552020092 39.52828753323132 4.2
3810.6 821.2030023033179 39.74806579164934 4.2
3814.8 818.2418849146342 39.692092976949965 4.2
3819.0 810.2479445361874 39.3909087393385 4.2
3823.2 798.5299685390708 38.90666450175752 4.2
3827.4 786.229888798658 38.3915812541579 4.2
3831.6 778.4754577708915 38.09640543534347 4.2
3835.8 782.1919554516763 38.36224370819761 4.2
3840.0 794.3406830245012 39.04343325202028 4.2
3844.2 807.8994378997988 39.79678602370084 4.2
3848.4 818.9489732756805 40.429279338457974 4.2
3852.6 828.2270568821964 40.97660751710014 4.2
3856.8 834.9625902981041 41.39996748197279 4.2
3861.0 836.0372950915995 41.54358775300732 4.2
3865.2 827.0529460438822 41.18660550617691 4.2
3869.4 807.8784063084622 40.31920868986179 4.2
3873.6 782.2466474498693 39.12478824231014 4.2
3877.8 755.0547466609629 37.84669845987594 4.2
3882.0 728.4809387517796 36.59384127479324 4.2
3886.2 710.8778130706876 35.786893428589835 4.2
3890.4 708.6776585380624 35.753289050085364 4.2
3894.6 723.255151545759 36.567561460493685 4.2
3898.8 751.5802166543605 38.0816712892015 4.2
3903.0 787.111308803859 39.967961651781614 4.2
3907.2 822.4054320150689 41.85005181169586 4.2
3911.4 851.735584383056 43.43581752728724 4.2
3915.6 874.2761176420695 44.68111477055517 4.2
3919.8 889.5808751700598 45.56086910994726 4.2
3924.0 897.3859326891254 46.05915859032744 4.2
3928.2 897.4165451525643 46.159383521918755 4.2
3932.4 889.2131567241839 45.835291743818594 4.2
3936.6 872.1007870644102 45.04929511757049 4.2
3940.8 847.134688732348 43.853069777498156 4.2
3945.0 817.8454457799381 42.4271637293644 4.2
3949.2 783.1753287171235 40.71514633154546 4.2
3953.4 743.4773441063735 38.73361219160163 4.2
3957.6 701.2703223404096 36.61238326614459 4.2
3961.8 660.8701852821675 34.576418013672075 4.2
3966.0 628.6715902658542 32.961578386865675 4.2
3970.2 613.5479150953192 32.23680557885634 4.2
3974.4 622.5612800271099 32.77962644014895 4.2
3978.6 654.8724164690585 34.55381470392427 4.2
3982.8 697.9499135679376 36.904557301608286 4.2
3987.0 741.7965060094509 39.305742077119156 4.2
3991.2 783.8523647217721 41.621717768663544 4.2
3995.4 825.9099993288168 43.94727992513785 4.2
3999.6 865.2231586718889 46.13600654359392 4.2
4003.8 898.3312430195815 48.00207376668083 4.2
4008.0 924.3103774734436 49.49393686532519 4.2
4012.2 946.8738169264926 50.80845629351606 4.2
4016.4 968.3834038769235 52.07148940339912 4.2
4020.6 986.8144904654415 53.173592133576484 4.2
4024.8 996.4893145591146 53.80715131247462 4.2
4029.0 997.5317325338783 53.97591335558991 4.2
4033.2 994.8961211995157 53.94559654427823 4.2
4037.4 992.68097216414 53.93764741311458 4.2
4041.6 989.3696800633336 53.86963091377314 4.2
4045.8 983.9395884437502 53.685376104480326 4.2
4050.0 971.8678335788413 53.13687380092314 4.2
4054.2 950.1647533633375 52.05806244285937 4.2
4058.4 922.9784393844519 50.67339476792624 4.2
4062.6 892.493632578615 49.101188002669375 4.2
4066.8 859.1077265221177 47.36221446089633 4.2
4071.0 822.5286801096479 45.43933846377693 4.2
4075.2 783.8183011537908 43.39023477426842 4.2
4079.4 742.1995242057753 41.17105539353446 4.2
4083.6 696.5541185351364 38.718631599702526 4.2
4087.8 647.5569607465617 36.06915764724884 4.2
4092.0 600.4847806505265 33.515985973835456 4.2
4096.2 562.6974515565597 31.471395444754886 4.2
4100.4 542.2215885567731 30.388411590684253 4.2
4104.6 544.7077734862149 30.59031858511887 4.2
4108.8 567.6900085308622 31.946258387778805 4.2
4113.0 604.4715089209463 34.085682944990296 4.2
4117.2 647.1982384095783 36.56958231445716 4.2
4121.4 689.7500191351793 39.05350344312988 4.2
4125.6 729.4155506147321 41.38357449331315 4.2
4129.8 767.1622334395012 43.61380726077025 4.2
4134.0 804.1337870790392 45.808703464313815 4.2
4138.2 838.5525848051799 47.866536039044334 4.2
4142.4 868.7627443356129 49.691716633811716 4.2
4146.6 894.6743120190471 51.27763657365969 4.2
4150.8 916.7895167258888 52.65165173649323 4.2
4155.0 934.6461007463332 53.78584549812405 4.2
4159.2 950.1882286134587 54.79084521454629 4.2
4163.4 964.5505188280736 55.731406046372385 4.2
4167.6 977.3569284356595 56.58534915390395 4.2
4171.8 987.1116901208549 57.26536062425501 4.2
4176.0 995.7544930936416 57.883129023173936 4.2
4180.2 1003.2915000314842 58.43862649556606 4.2
4184.4 1007.8476044478879 58.822028873889685 4.2
4188.6 1010.8890166423361 59.11803632157915 4.2
4192.8 1014.7170583386817 59.4609714144611 4.2
4197.0 1019.4720328697995 59.85935046614413 4.2
4201.2 1022.7807396919202 60.1738778360861 4.2
4205.4 1024.6856021606584 60.40654546953392 4.2
4209.6 1023.6879548831265 60.46833354634018 4.2
4213.8 1020.6231552838696 60.40765820947219 4.2
4218.0 1019.5208313262997 60.4627644634727 4.2
4222.2 1017.4654056178836 60.46109383863198 4.2
4226.4 1012.9687773896402 60.313703959820884 4.2
4230.6 1006.9161917458111 60.07254065455919 4.2
4234.8 1001.7409922484829 59.88251059509523 4.2
4239.0 996.0162444716858 59.65845471625768 4.2
4243.2 988.2486959569702 59.310556642387205 4.2
4247.4 978.0001677845945 58.81173612727443 4.2
4251.6 966.1052851547287 58.211394060716415 4.2
4255.8 954.5855022820142 57.63097937495894 4.2
4260.0 943.7871424850782 57.09157182320735 4.2
4264.2 932.3739328063236 56.51243232961251 4.2
4268.4 919.0074504507502 55.81205326059865 4.2
4272.6 903.3432056128534 54.96876757585365 4.2
4276.8 886.3135153608482 54.038588919412646 4.2
4281.0 869.006048086531 53.08746650681993 4.2
4285.2 850.2195016432204 52.04176293097878 4.2
4289.4 829.545400775878 50.87588769777494 4.2
4293.6 806.9044120909685 49.584278705084145 4.2
4297.8 782.1118240269348 48.15484618656221 4.2
4302.0 754.0366279892166 46.5170323255618 4.2
4306.2 723.8304708178816 44.740826233899796 4.2
4310.4 691.6814149840902 42.83709387024615 4.2
4314.6 655.3181196684723 40.66417821128673 4.2
4318.8 615.5326144894655 38.269783029560465 4.2
4323.0 575.8943047681862 35.87500745578044 4.2
4327.2 539.1521207616055 33.65146687758555 4.2
4331.4 504.55053420035773 31.552952234215923 4.2
4335.6 475.4477970705201 29.79065142968375 4.2
4339.8 458.6757964611816 28.79545862996203 4.2
4344.0 460.30916451687636 28.953961994375785 4.2
4348.2 480.3150903166331 30.270807061410075 4.2
4352.4 511.9972772687704 32.32987310457332 4.2
4356.6 547.7140485032315 34.651975606304696 4.2
4360.8 582.3511221729682 36.91441582064084 4.2
4365.0 615.2289434153204 39.07365161801456 4.2
4369.2 645.151044534324 41.05291499720271 4.2
4373.4 672.392489019848 42.868669038746724 4.2
4377.6 698.4271338069334 44.61408598894956 4.2
4381.8 723.5560057680011 46.30799737492018 4.2
4386.0 746.0432408832036 47.83876946899074 4.2
4390.2 764.4703463598157 49.114304675293425 4.2
4394.4 779.0441714910461 50.146427647069295 4.2
4398.6 790.9414121346916 51.00960963658434 4.2
4402.8 802.19387024887 51.83415224727 4.2
4407.0 813.5254685862303 52.6666870114743 4.2
4411.2 823.3865285136432 53.406731512935245 4.2
4415.4 830.571735866021 53.97541622134534 4.2
4419.6 836.294662359869 54.450766792027956 4.2
4423.8 842.6637004310229 54.96978014729783 4.2
4428.0 850.4367718905845 55.58223422274906 4.2
4432.2 856.0330963761229 56.05417951128841 4.2
4436.4 859.2506344425175 56.37155306250791 4.2
4440.6 862.3388365027314 56.68132579681039 4.2
4444.8 866.2531095789199 57.04636810669777 4.2
4449.0 869.4656784853104 57.366189077108395 4.2
4453.2 871.5430698869433 57.61187370889202 4.2
4457.4 873.1121609864491 57.82451515492887 4.2
4461.6 873.695284509403 57.9722291236923 4.2
4465.8 873.9261123252745 58.09677165383703 4.2
4470.0 874.5934257341789 58.25054593417353 4.2
4474.2 875.7304841970005 58.43593535932739 4.2
4478.4 875.1600662269917 58.50756179634184 4.2
4482.6 873.4645450089558 58.50378979602867 4.2
4486.8 872.2155645348904 58.52965982534917 4.2
4491.0 872.0695943242887 58.6294742852124 4.2
4495.2 870.5048929405926 58.63379442368233 4.2
4499.4 867.5051201666 58.54098156008864 4.2
4503.6 864.572930516136 58.452084035885534 4.2
4507.8 863.0897843539209 58.46069848803675 4.2
4512.0 862.0948938013711 58.502173298910066 4.2
4516.2 860.3970682451895 58.49570775707275 4.2
4520.4 857.7318208947987 58.423019630368465 4.2
4524.6 855.3677507616721 58.37031002430184 4.2
4528.8 854.4270143724833 58.4144107303698 4.2
4533.0 853.5516704171953 58.46285229943731 4.2
4537.2 850.8351197749735 58.38482731072006 4.2
4541.4 847.137181111467 58.238743968107585 4.2
4545.6 843.0839506879937 58.067349099459776 4.2
4549.8 839.2447670709006 57.909791327930144 4.2
4554.0 836.3560487022895 57.81705946709564 4.2
4558.2 835.6386160607098 57.87406663622612 4.2
4562.4 835.5617245178697 57.97543287598851 4.2
4566.6 833.8104045146061 57.960483546548936 4.2
4570.8 829.6230642224524 57.775538229279505 4.2
4575.0 826.9039336606445 57.692053821586086 4.2
4579.2 825.7375427598732 57.71650171902295 4.2
4583.4 824.407119971872 57.72926125622894 4.2
4587.6 821.6486889026866 57.641596371510786 4.2
4591.8 819.0818967111572 57.56678823728978 4.2
4596.0 815.810357280987 57.441794639611544 4.2
4600.2 811.1923146464748 57.221073347420145 4.2
4604.4 807.0030279306476 57.02955725720585 4.2
4608.6 805.7925053838995 57.047944377876625 4.2
4612.8 805.7494256841111 57.1489163794342 4.2
4617.0 803.6251236962362 57.102089448063985 4.2
4621.2 798.9723047698332 56.87481539121545 4.2
4625.4 793.9820105332805 56.62236434846515 4.2
4629.6 790.9814817134729 56.51087085497441 4.2
4633.8 790.4941936174813 56.57857434526586 4.2
4638.0 790.0594391227984 56.65001119195279 4.2
4642.2 787.6650222586029 56.580658815373184 4.2
4646.4 784.3033415713905 56.44116897274295 4.2
4650.6 782.181032239448 56.39024740447512 4.2
4654.8 779.5845138281167 56.304615881909804 4.2
4659.0 777.0694473942613 56.224292605515174 4.2
4663.2 774.0360180730556 56.105831101330274 4.2
4667.4 769.1502950471213 55.852163411147444 4.2
4671.6 765.5647972513435 55.69189555650277 4.2
4675.8 763.5357943453304 55.644212438977576 4.2
4680.0 761.5624959783684 55.600154706388714 4.2
4684.2 758.2883700611229 55.46052801679142 4.2
4688.4 755.5860656732117 55.36202919260411 4.2
4692.6 753.8382712794025 55.33297234198515 4.2
4696.8 752.22042215889 55.31310012642822 4.2
4701.0 749.6538096096028 55.22300049913423 4.2
4705.2 745.7359469362735 55.032596018695116 4.2
4709.4 741.4981909127822 54.81759778730852 4.2
4713.6 737.5913320776438 54.62607542126913 4.2
4717.8 732.5650627935552 54.35055709776917 4.2
4722.0 727.5205902876334 54.07244405830335 4.2
4726.2 723.284341377623 53.85326019976488 4.2
4730.4 719.9088670105033 53.69724447025825 4.2
4734.6 716.9199522430059 53.56930352735183 4.2
4738.8 713.4187104353892 53.40230464883727 4.2
4743.0 708.8902536926214 53.157432942305476 4.2
4747.2 703.4321226860122 52.84160496182515 4.2
4751.4 697.502980962471 52.48896388239465 4.2
4755.6 690.9563588067299 52.08827797418925 4.2
4759.8 683.7728385805206 51.63783197096086 4.2
4764.0 676.5341894938207 51.18138099452716 4.2
4768.2 670.7618099245667 50.834200788336375 4.2
4772.4 666.0511471845573 50.56616296765352 4.2
4776.6 660.4493333052552 50.22916978918777 4.2
4780.8 652.0608159913817 49.67844575512369 4.2
4785.0 643.5901230197975 49.11928088146322 4.2
4789.2 634.6222683565238 48.51991149497495 4.2
4793.4 623.7548157281091 47.77272340003624 4.2
4797.6 610.977452101913 46.87615698387257 4.2
4801.8 597.7961588765027 45.94518451666521 4.2
4806.0 584.2540368380803 44.98295691472191 4.2
4810.2 569.6485375474945 43.93513852041589 4.2
4814.4 553.8356581575562 42.790168828986225 4.2
4818.6 537.600299680199 41.608302674474544 4.2
4822.8 521.2028120988829 40.40954868113435 4.2
4827.0 504.2926716707988 39.16661148383307 4.2
4831.2 486.46905739272523 37.84809280945962 4.2
4835.4 467.2662809277535 36.41732148299512 4.2
4839.6 446.4515330515319 34.85555481249412 4.2
4843.8 423.8545494109629 33.14881439628892 4.2
4848.0 398.67227314364595 31.233452992038394 4.2
4852.2 372.41560258608234 29.226983877606084 4.2
4856.4 348.88665174306703 27.42786479787919 4.2
4860.6 333.53198611515745 26.26612459286704 4.2
4864.8 332.63142314615004 26.24049359216368 4.2
4869.0 346.4955852923994 27.381422087720484 4.2
4873.2 370.1014474839607 29.297327105287835 4.2
4877.4 395.8881541062458 31.392651585177 4.2
4881.6 419.5897535633716 33.329438716669905 4.2
4885.8 440.20795291281803 35.027407914136795 4.2
4890.0 458.52554577447927 36.54769567704642 4.2
4894.2 475.25405309944693 37.94617454028632 4.2
4898.4 491.7957392772837 39.33435200617602 4.2
4902.6 507.14521588176933 40.63160707241203 4.2
4906.8 519.6519263028255 41.70498794534912 4.2
4911.0 529.6163530946903 42.577484547486165 4.2
4915.2 539.4943076549848 43.445820145431036 4.2
4919.4 549.2081598410261 44.30370024371683 4.2
4923.6 557.277782117861 45.03145711843863 4.2
4927.8 564.4365235310615 45.68777411858146 4.2
4932.0 572.2622774096768 46.400215757913614 4.2
4936.2 579.7326489612908 47.086021869862016 4.2
4940.4 584.2531043418467 47.53396039621848 4.2
4944.6 586.5255368181078 47.800011379240146 4.2
4948.8 588.7425836606905 48.06223914013833 4.2
4953.0 591.9657755552507 48.40742708922834 4.2
4957.2 595.2732578435038 48.76048312365073 4.2
4961.4 597.6525407075352 49.03836705118274 4.2
4965.6 598.7062474069569 49.20803240363621 4.2
4969.8 599.3374714042172 49.343278294962595 4.2
4974.0 601.2037666433491 49.58062533500903 4.2
4978.2 603.0378528377935 49.81590218911793 4.2
4982.4 603.6261877178799 49.948678210521855 4.2
4986.6 603.0984180917694 49.98917852207298 4.2
4990.8 603.2272081999223 50.08411452998189 4.2
4995.0 603.7126410761897 50.2088182922232 4.2
4999.2 603.9990164262821 50.31714601695003 4.2
5003.4 603.5855113319791 50.367222227110915 4.2
5007.6 602.1961757567955 50.33568695376173 4.2
5011.8 600.6006406821746 50.286568400960235 4.2
5016.0 599.7443966279629 50.299075179083616 4.2
5020.2 599.8341892594476 50.39088664686395 4.2
5024.4 599.4001410979531 50.438713402482435 4.2
5028.6 598.630820383983 50.45822860098413 4.2
5032.8 597.4559772206387 50.44335919360958 4.2
5037.0 595.581710923842 50.36907785833375 4.2
5041.2 594.0259254010975 50.32131713219834 4.2
5045.4 593.4034254752718 50.352379638173396 4.2
5049.6 593.5691218145543 50.45032868264867 4.2
5053.8 593.823188492817 50.55591791106421 4.2
5058.0 593.8429496346267 50.64166779778773 4.2
5062.2 593.2403135052165 50.67432821495052 4.2
5066.4 592.093515345814 50.66032831486796 4.2
5070.6 591.0695010992005 50.65659566144849 4.2
5074.8 590.8855810407797 50.72475989699781 4.2
5079.0 590.4468759035509 50.7710330283503 4.2
5083.2 588.668584952709 50.7018726390796 4.2
5087.4 586.2157511727811 50.57408102425321 4.2
5091.6 584.3118568398813 50.493095951852986 4.2
5095.8 583.5962677214761 50.514493179881896 4.2
5100.0 583.8010913590084 50.61555462082603 4.2
5104.2 583.9906425497198 50.71541691146658 4.2
5108.4 583.2670760129414 50.73597375164759 4.2
5112.6 581.5427199017354 50.669194469093746 4.2
5116.8 579.6533773004121 50.587591158957096 4.2
5121.0 578.9321966806756 50.6076300709737 4.2
5125.2 579.0280725294473 50.69907082747024 4.2
5129.4 578.970078588135 50.777112432738434 4.2
5133.6 577.8101973920208 50.75840889872369 4.2
5137.8 574.850437082219 50.581068574428194 4.2
5142.0 571.9592791062234 50.40899046963441 4.2
5146.2 570.6370078669395 50.374645162204615 4.2
5150.4 570.546881625155 50.4489347078099 4.2
5154.6 570.0846085949566 50.490305677350946 4.2
5158.8 568.7217955861464 50.45172269600451 4.2
5163.0 566.746705988349 50.35840891233714 4.2
5167.2 564.7272073870985 50.260638329606834 4.2
5171.4 562.8556015180912 50.17553362767154 4.2
5175.6 561.0477775155077 50.09564815133939 4.2
5179.8 559.4061957540434 50.03017246563147 4.2
5184.0 558.4898298660777 50.0292508842849 4.2
5188.2 558.1306028987514 50.07811809633216 4.2
5192.4 557.84940246808 50.13395882449097 4.2
5196.6 556.8916122986676 50.12887982270711 4.2
5200.8 554.3817801236597 49.983653819195766 4.2
5205.0 551.452089989687 49.79984602767617 4.2
5209.2 549.5955288717545 49.71231639553418 4.2
5213.4 549.0490690515338 49.74300297555777 4.2
5217.6 547.403653662827 49.673870411883485 4.2
5221.8 545.1610093009485 49.55003892614807 4.2
5226.0 543.4535673900064 49.47433893819862 4.2
5230.2 542.6810567004037 49.4834532876611 4.2
5234.4 541.8055384123331 49.48299753031272 4.2
5238.6 540.1256195952594 49.40876516051437 4.2
5242.8 538.1590812020697 49.30784249086648 4.2
5247.0 537.0356622745159 49.28377883800219 4.2
5251.2 535.2591942295085 49.19942192523786 4.2
5255.4 532.7233111628225 49.044690699599926 4.2
5259.6 530.2929108096321 48.89900250464919 4.2
5263.8 528.9498462553067 48.85308567781003 4.2
5268.0 528.6469393229585 48.90305606076475 4.2
5272.2 528.6077196304079 48.977430835958366 4.2
5276.4 527.960986148173 48.995478112527316 4.2
5280.6 526.3888869879114 48.927384454972476 4.2
5284.8 523.9720750879316 48.78024755663353 4.2
5289.0 521.6679081123166 48.64296060868653 4.2
5293.2 520.3896461060488 48.60086512081607 4.2
5297.4 519.8136986929437 48.62414748229805 4.2
5301.6 519.1625292464531 48.64027257361655 4.2
5305.8 517.835123122297 48.592808439494746 4.2
5310.0 515.8794314822693 48.485960126724045 4.2
5314.2 514.2726929494638 48.41143989546332 4.2
5318.4 512.4780386352944 48.31878442161868 4.2
5322.6 510.50687541304484 48.20898634639355 4.2
5326.8 509.0500360918808 48.147306893906126 4.2
5331.0 507.7429356439086 48.09943777283711 4.2
5335.2 506.6217676815812 48.068879642559985 4.2
5339.4 505.67134075204405 48.05427174813043 4.2
5343.6 504.6350043542678 48.03126225627209 4.2
5347.8 503.4808316642667 47.99676867460108 4.2
5352.0 502.0523973297542 47.93580224027779 4.2
5356.2 500.47188414410437 47.85992348949324 4.2
5360.4 499.25549971079005 47.81850563984918 4.2
5364.6 498.722043207811 47.842294489654094 4.2
5368.8 498.1897674342589 47.86609517398518 4.2
5373.0 497.0494225415077 47.83127966242098 4.2
5377.2 495.7524564380022 47.781084189386014 4.2
5381.4 494.36840345278796 47.72214983830186 4.2
5385.6 493.29312881978746 47.6927099275138 4.2
5389.8 492.59268081600453 47.69929937406172 4.2
5394.0 491.2735364121714 47.645731608222405 4.2
5398.2 489.13789810322163 47.512512842525354 4.2
5402.4 486.59963776324423 47.339536342003115 4.2
5406.6 484.52118930886814 47.210652187878466 4.2
5410.8 483.8004767719866 47.21369606923142 4.2
5415.0 483.9587349163008 47.30248971977043 4.2
5419.2 483.71649365849686 47.352182414850056 4.2
5423.4 482.16311161521446 47.273308698334816 4.2
5427.6 480.50021588814406 47.18326608498224 4.2
5431.8 479.15686327565595 47.12420102942645 4.2
5436.0 478.1876533684862 47.10163687684497 4.2
5440.2 477.4935642915236 47.10597529771091 4.2
5444.4 476.57713715555116 47.08819031123268 4.2
5448.6 475.27766158450936 47.03227645880776 4.2
5452.8 473.5939188457633 46.93793724631928 4.2
5457.0 471.5908250346532 46.811439894974534 4.2
5461.2 470.04679046123897 46.73002356174617 4.2
5465.4 469.3462473290381 46.732175608411396 4.2
5469.6 469.118025754771 46.781269171280364 4.2
5473.8 468.34663498695966 46.77609900005469 4.2
5478.0 467.43066363992835 46.756285303160574 4.2
5482.2 466.57719098502366 46.742506812064306 4.2
5486.4 465.60573304114314 46.71668308422669 4.2
5490.6 464.1577895711758 46.64273410689566 4.2
5494.8 462.3868511190943 46.53588740469681 4.2
5499.0 460.94150486651904 46.46136875533391 4.2
5503.2 460.39930762010584 46.47763275208446 4.2
5507.4 460.3710591387071 46.545746510263264 4.2
5511.6 459.6654604194052 46.5453178100696 4.2
5515.8 458.0239984411362 46.44981621628138 4.2
5520.0 456.1914057232476 46.33444869649881 4.2
5524.2 454.2076741507626 46.20319409367263 4.2
5528.4 452.1331373328718 46.06212822975136 4.2
5532.6 450.3713027835086 45.952378983283495 4.2
5536.8 449.4564138094761 45.92868381966856 4.2
5541.0 448.6182680680007 45.9126119175477 4.2
5545.2 447.51420534710076 45.86907688023489 4.2
5549.4 446.5243994674027 45.83698040947667 4.2
5553.6 446.49855946421224 45.9037324898464 4.2
5557.8 447.09460139012646 46.0345603704776 4.2
5562.0 447.0038726230951 46.09480690287981 4.2
5566.2 445.3891578520477 45.9976876701108 4.2
5570.4 443.17218052425073 45.837824765635965 4.2
5574.6 441.2064307291243 45.70334636997456 4.2
5578.8 440.1124663172139 45.658748146174425 4.2
5583.0 439.93245174681704 45.708818961487154 4.2
5587.2 440.0082499081718 45.785504084550325 4.2
5591.4 439.10878966215637 45.760630538903484 4.2
5595.6 437.1152231989758 45.62133607957119 4.2
5599.8 434.9909507581884 45.467806178155755 4.2
5604.0 433.5717740905223 45.3874726270214 4.2
5608.2 432.58381716145874 45.35195363629107 4.2
5612.4 431.81728530103663 45.339424159496346 4.2
5616.6 431.21142941806335 45.34360026709789 4.2
5620.8 429.5374057454235 45.23514637760719 4.2
5625.0 427.4134663123709 45.07876402513286 4.2
5629.2 425.89240639519977 44.985442833474465 4.2
5633.4 425.3751113935177 44.99787448810023 4.2
5637.6 425.11334436304554 45.03726406348334 4.2
5641.8 424.3594537845477 45.02440683459741 4.2
5646.0 422.91345952187265 44.93781996610649 4.2
5650.2 421.2749280681768 44.83033663148268 4.2
5654.4 419.94479141628113 44.75525129715538 4.2
5658.6 418.9047300822116 44.71075463304209 4.2
5662.8 418.0216815569258 44.682760913978875 4.2
5667.0 417.49841344156386 44.69305068450643 4.2
5671.2 416.8764175404468 44.69263904819334 4.2
5675.4 415.7768484587516 44.64080319520227 4.2
5679.6 414.30269055093635 44.54838866164366 4.2
5683.8 413.1727581745011 44.49262200389509 4.2
5688.0 412.23995237131976 44.45780329870975 4.2
5692.2 411.127902724331 44.40337693141623 4.2
5696.4 409.6720161322798 44.311453913150096 4.2
5700.6 408.22924875598613 44.22053575702004 4.2
5704.8 406.65340007830935 44.11476803963631 4.2
5709.0 405.09153562271894 44.01006398783805 4.2
5713.2 403.98235789573914 43.95416154378252 4.2
5717.4 403.1736125309178 43.9306875125136 4.2
5721.6 402.2038923227416 43.88943600086476 4.2
5725.8 401.12978088850633 43.83651293416616 4.2
5730.0 400.54933106743545 43.83732044001334 4.2
5734.2 399.6608262891749 43.804224894592586 4.2
5738.4 398.202166957976 43.708308526864904 4.2
5742.6 396.52276097323283 43.58770470435027 4.2
5746.8 395.28022540976474 43.51470062661592 4.2
5751.0 394.36150879843507 43.47704312120316 4.2
5755.2 393.38737119341164 43.43301720691351 4.2
5759.4 392.2534487015131 43.37105635004378 4.2
5763.6 391.50885511919915 43.351886402656696 4.2
5767.8 390.99289835222964 43.357876100844024 4.2
5772.0 390.3198245403303 43.34629676422817 4.2
5776.2 389.34339392262996 43.300807956783885 4.2
5780.4 388.59523416661955 43.28047315890038 4.2
5784.6 388.1240801335967 43.29083872508657 4.2
5788.8 387.4040569144637 43.273298451643775 4.2
5793.0 386.09501800532286 43.18968136297637 4.2
5797.2 385.43281568390245 43.17814694515447 4.2
5801.4 385.3750849679915 43.23425701679427 4.2
5805.6 385.28227936298674 43.28645299030192 4.2
5809.8 384.56600461207285 43.26851597424505 4.2
5814.0 383.33564079873685 43.19246599440273 4.2
5818.2 381.78245186323466 43.07963351178644 4.2
5822.4 380.20793659028294 42.96392996758333 4.2
5826.6 379.02411791787904 42.891970636290225 4.2
5830.8 378.75028167929736 42.92279557999051 4.2
5835.0 379.2097839168664 43.036802784063106 4.2
5839.2 379.33118998311085 43.11257868406914 4.2
5843.4 377.6400289769957 42.98213659542431 4.2
5847.6 375.697183996816 42.82249822140062 4.2
5851.8 374.8955673788313 42.792533566442295 4.2
5856.0 375.10004704422676 42.87735628958416 4.2
5860.2 374.23497969904633 42.839855768783956 4.2
5864.4 372.9907696935636 42.75865148027318 4.2
5868.6 372.1107667043633 42.718893980103765 4.2
5872.8 371.5547626993139 42.71613988000928 4.2
5877.0 370.2558024623702 42.62770974748774 4.2
5881.2 367.98435731684873 42.42677296254528 4.2
5885.4 365.3602408441276 42.1844120056013 4.2
5889.6 363.40061212556384 42.018060301270125 4.2
5893.8 362.6790469841335 41.994459892742974 4.2
5898.0 362.5298057155195 42.037027612205236 4.2
5902.2 362.10073901539454 42.047095376261005 4.2
5906.4 361.0701146678798 41.987111653601694 4.2
5910.6 360.14891920591117 41.93957256901535 4.2
5914.8 359.42900969724957 41.91524413048356 4.2
5919.0 358.8331642310038 41.90520793691373 4.2
5923.2 358.3475673299512 41.90790975260828 4.2
5927.4 357.53353517957015 41.87202841357321 4.2
5931.6 356.20953602186404 41.77611019102404 4.2
5935.8 354.6293987997774 41.649711742239695 4.2
5940.0 353.3884611098772 41.56272368805488 4.2
5944.2 352.91200172524447 41.56540342226209 4.2
5948.4 352.4138149434584 41.56540342226209 4.2
5952.6 350.9262493060562 41.44842190490878 4.2
5956.8 348.6159208999156 41.23367086659555 4.2
5961.0 347.2793908574854 41.13353175967222 4.2
5965.2 347.20281397561087 41.18243294833871 4.2
5969.4 347.41126151705265 41.26520433797889 4.2
5973.6 347.37053544242383 41.31844797889161 4.2
5977.8 346.63985416670585 41.28953576945709 4.2
5982.0 345.44303236671635 41.20481797917689 4.2
5986.2 344.41559627597076 41.139972778992664 4.2
5990.4 343.821958048306 41.12671295601167 4.2
5994.6 343.37196674805335 41.13050104070399 4.2
5998.8 342.58195950385795 41.09339285080017 4.2
6003.0 341.1839304732099 40.983023963959894 4.2
6007.2 339.613598917411 40.851499271807434 4.2
6011.4 338.43089365852444 40.76617833479434 4.2
6015.6 337.76866192950826 40.743281074523566 4.2
6019.8 337.2322727683072 40.735401387363424 4.2
6024.0 336.7808031737355 40.73765257103714 4.2
6028.2 336.3240695910486 40.739153429268214 4.2
6032.4 335.70746003014204 40.72114677936024 4.2
6036.6 334.7653161615905 40.66342915634115 4.2
6040.8 333.59869280398107 40.578127275560455 4.2
6045.0 332.7918211529751 40.53629016122515 4.2
6049.2 332.6820490720896 40.57924850614218 4.2
6053.4 332.6155201058939 40.62749074069516 4.2
6057.6 331.8364358787756 40.58859329922944 4.2
6061.8 330.5811209599014 40.49113960833576 4.2
6066.0 329.72542959820714 40.44231429916189 4.2
6070.2 329.6637951244644 40.490766672874976 4.2
6074.4 329.52356767561594 40.529570363728425 4.2
6078.6 328.6806394632456 40.481817252206504 4.2
6082.8 327.31219019266484 40.369000797057936 4.2
6087.0 326.22906486682365 40.29099568906198 4.2
6091.2 325.9654240096938 40.314010074138196 4.2
6095.4 326.25474244420826 40.40545484584456 4.2
6099.6 326.2319884382965 40.458334432941854 4.2
6103.8 325.5792099359867 40.433003184181636 4.2
6108.0 324.35992994732385 40.337037605127655 4.2
6112.2 323.1038564546626 40.23611122483568 4.2
6116.4 322.5503336330537 40.22240179458988 4.2
6120.6 322.6541525386671 40.29062459698665 4.2
6124.8 322.52057930436115 40.32923648482234 4.2
6129.0 321.5659175038244 40.265027496222594 4.2
6133.2 320.36347860094935 40.169460598515016 4.2
6137.4 319.02770282880635 40.05677675232073 4.2
6141.6 317.80022439528267 39.9572876399663 4.2
6145.8 317.0008367081799 39.91131158355183 4.2
6150.0 316.8772228243582 39.95029586758096 4.2
6154.2 316.8152241759901 39.99705359832625 4.2
6158.4 316.5843682480343 40.022480343938945 4.2
6162.6 316.2927924565456 40.04017804768781 4.2
6166.8 315.8446517078799 40.03796540681568 4.2
6171.0 314.964902619076 39.98084787726188 4.2
6175.2 314.0416126617888 39.91792887382286 4.2
6179.4 313.7593218557136 39.9363159928821 4.2
6183.6 313.71152773500404 39.98453041901955 4.2
6187.8 313.2858057476598 39.98453041901955 4.2
6192.0 312.1040177120055 39.887792323165314 4.2
6196.2 310.3947735108441 39.72317924709849 4.2
6200.4 309.3013670722003 39.63692911508092 4.2
6204.6 308.92259739805667 39.642040419130154 4.2
6208.8 308.6525816455222 39.661031034063186 4.2
6213.0 307.8609090997295 39.61284184278039 4.2
6217.2 307.4111234282145 39.60846391164029 4.2
6221.4 307.22814948423 39.638389420414256 4.2
6225.6 306.76289509546035 39.6318184700651 4.2
6229.8 305.74336839932363 39.55341627700597 4.2
6234.0 304.0574569297032 39.388369195465216 4.2
6238.2 302.3476977657994 39.219675858165054 4.2
6242.4 301.48247151456303 39.16011874123763 4.2
6246.6 301.749014926764 39.24750016886983 4.2
6250.8 301.4963423238097 39.26738676134906 4.2
6255.0 300.3797328183859 39.17454852004224 4.2
6259.2 299.15729467410637 39.06753410922741 4.2
6263.4 297.926379382853 38.95901786283334 4.2
6267.6 295.78402259426747 38.730758298727174 4.2
6271.8 292.4238920864432 38.34210922250239 4.2
6276.0 292.484856250647 38.40148331778395 4.2
6280.2 292.6754573086232 38.47795655992061 4.2
6284.4 292.40016598653114 38.49319856627834 4.2
6288.6 292.9040063291754 38.611084485135045 4.2
6292.8 292.6020716113549 38.622821769364954 4.2
6297.0 291.2284964939798 38.49284403245018 4.2
6301.2 289.8402703054321 38.36047710226536 4.2
6305.4 289.323672996766 38.343168668768826 4.2
6309.6 288.1519739995694 38.23877755634608 4.2
6313.8 287.3635056649696 38.18493010571229 4.2
6318.0 287.58485526222313 38.26520109341404 4.2
6322.2 288.2416889387891 38.4036055208149 4.2
6326.4 287.59938925952633 38.36895755274742 4.2
6330.6 286.633870340821 38.290937537888745 4.2
6334.8 286.11685236092325 38.272602955270486 4.2
6339.0 285.8720863046138 38.29058486694492 4.2
6343.2 284.70064105000205 38.184226719784235 4.2
6347.4 283.3045305253908 38.04731377216916 4.2
6351.6 282.27666297650376 37.95945775763339 4.2
6355.8 281.69608380980077 37.93149849736794 4.2
6360.0 281.425225934658 37.94512606322181 4.2
6364.2 281.09790978399764 37.951067816327395 4.2
6368.4 280.5644152074161 37.92905304211706 4.2
6372.6 279.88262357989277 37.88680650922982 4.2
6376.8 278.85321916110036 37.79723231611091 4.2
6381.0 277.90717880708735 37.71863780847988 4.2
6385.2 277.41647226558825 37.70161897598862 4.2
6389.4 277.3173872802467 37.737749730914516 4.2
6393.6 277.26964750683834 37.780873964403675 4.2
6397.8 276.7170604457731 37.755132609157606 4.2
6402.0 275.38603625043305 37.622876762966314 4.2
6406.2 273.5824714534903 37.42553350726571 4.2
6410.4 272.191773466656 37.284128834467765 4.2
6414.6 271.2352279275805 37.20180397269997 4.2
6418.8 270.409264458585 37.13710110357796 4.2
6423.0 269.752458001268 37.095395008059306 4.2
6427.2 268.88193567227455 37.02405649823771 4.2
6431.4 267.3807961520803 36.86548908916141 4.2
6435.6 265.13018123990963 36.60294253320199 4.2
6439.8 262.540613180769 36.29276026898671 4.2
6444.0 260.5542678312976 36.06517135691685 4.2
6448.2 259.27954517954464 35.93552549119554 4.2
6452.4 258.4084372739496 35.86146275113362 4.2
6456.6 256.9292156939988 35.70261280390136 4.2
6460.8 254.88991953238045 35.46532957098441 4.2
6465.0 253.21661351039555 35.27832850672844 4.2
6469.2 252.24589013479329 35.188762981087535 4.2
6473.4 250.99921761832502 35.06033003976078 4.2
6477.6 248.97572299535116 34.82282497358704 4.2
6481.8 246.73229692363026 34.55381470392427 4.2
6486.0 244.29319306237892 34.256579757379995 4.2
6490.2 241.37989527777893 33.89190652984304 4.2
6494.4 238.4268640976637 33.52061669828813 4.2
6498.6 236.0356717605324 33.2273724842879 4.2
6502.8 233.59549373800385 32.92638105930466 4.2
6507.0 230.07829017139207 32.47252052661043 4.2
6511.2 225.83704561934593 31.91508460086181 4.2
6515.4 221.78853267896855 31.383400564323864 4.2
6519.6 218.40941346015833 30.94510780467205 4.2
6523.8 214.6623986527668 30.453414941972188 4.2
6528.0 209.90025356801303 29.816179891153688 4.2
6532.2 204.4420881348838 29.07823218508921 4.2
6536.4 199.1131816613796 28.356720332522084 4.2
6540.6 193.37399725296842 27.57477643216715 4.2
6544.8 186.90137456781252 26.686031848577283 4.2
6549.0 179.8072810282761 25.70608859580475 4.2
6553.2 171.84717990628516 24.599597431420644 4.2
6557.4 163.44434612102685 23.4267476819424 4.2
6561.6 157.12082500659645 22.549244725305737 4.2
6565.8 155.75068145745325 22.381232562921905 4.2
6570.0 159.8271353939996 22.99640772189484 4.2
6574.2 167.39074052368764 24.115484961972026 4.2
6578.4 175.91898079009812 25.376516200578262 4.2
6582.6 183.35059507926385 26.482318227336986 4.2
6586.8 189.03590511381776 27.33833116088993 4.2
6591.0 193.62196862469403 28.037287822661728 4.2
6595.2 198.02558936850127 28.71150778019702 4.2
6599.4 202.5836305012414 29.40979518403537 4.2
6603.6 206.84629057959495 30.066854780344745 4.2
6607.8 210.36790188172753 30.61766027976315 4.2
6612.0 213.43201518250277 31.10312315588305 4.2
6616.2 216.1483899014883 31.539005872629367 4.2
6620.4 218.26936989171318 31.888933877961463 4.2
6624.6 220.1901737678807 32.210391242801165 4.2
6628.8 222.4658855978346 32.584570432715665 4.2
6633.0 224.35164597685593 32.90243198227277 4.2
6637.2 225.28871903777244 33.08171379140875 4.2
6641.4 225.79066312804608 33.19739454536292 4.2
6645.6 226.67146932422096 33.36906208721718 4.2
6649.8 228.3263780483131 33.65518638069658 4.2
6654.0 230.216083684305 33.976606466128416 4.2
6658.2 231.41930335169604 34.19731430775958 4.2
6662.4 231.59855624594408 34.266993326921174 4.2
6666.6 231.72050097512766 34.32827653159707 4.2
6670.8 232.51416438577255 34.489269826378624 4.2
6675.0 233.3279227403894 34.65357142549921 4.2
6679.2 233.35459586134613 34.70116057929902 4.2
6683.4 233.3814565950223 34.74881508646578 4.2
6687.6 233.7699459953269 34.85041868656846 4.2
6691.8 234.2908616362337 34.97196217563826 4.2
6696.0 234.7763598729115 35.088435127425235 4.2
6700.2 234.70466496544688 35.12173809396401 4.2
6704.4 234.03963919008254 35.066143037922885 4.2
6708.6 233.9189786306547 35.09199024825049 4.2
6712.8 234.44114757166795 35.21437623653762 4.2
6717.0 234.2969084540154 35.23676256017707 4.2
6721.2 233.51759934836755 35.16349222173652 4.2
6725.4 233.10147178040637 35.14471290967718 4.2
6729.6 233.19688919107315 35.20302629234152 4.2
6733.8 233.44298514736963 35.284177649007745 4.2
6738.0 233.08549144738794 35.274104729226345 4.2
6742.2 232.03526378033402 35.15895836580282 4.2
6746.4 231.64614655089005 35.143741838788706 4.2
6750.6 232.08149028745504 35.253642816142786 4.2
6754.8 231.97023652043512 35.280603057943665 4.2
6759.0 230.88321530952646 35.15895836580282 4.2
6763.2 230.2993932406381 35.11365194589444 4.2
6767.4 230.30404222814315 35.15798690130329 4.2
6771.6 229.99725992935163 35.154748880160255 4.2
6775.8 229.39930492870866 35.106861020247635 4.2
6780.0 229.10041030513187 35.104597670234746 4.2
6784.2 228.94331641763287 35.12400254909677 4.2
6788.4 228.72961825251627 35.13467980426089 4.2
6792.6 228.42160205065753 35.13079679052985 4.2
6796.8 227.8873788848931 35.09199024825049 4.2
6801.0 227.36714319345106 35.055163739265836 4.2
6805.2 227.1033120934064 35.05774679434639 4.2
6809.4 227.03434559646533 35.090374239587945 4.2
6813.6 226.70441932326244 35.08261843385028 4.2
6817.8 225.9980753407244 35.0164407435459 4.2
6822.0 225.05767322716508 34.913709979225075 4.2
6826.2 224.56974082707205 34.88092553182735 4.2
6830.4 224.5892577317574 34.92689672213835 4.2
6834.6 224.58619136113742 34.96938544116914 4.2
6838.8 224.37240789248838 34.97904917447703 4.2
6843.0 223.76913070135794 34.927861801292046 4.2
6847.2 222.8615917070157 34.828919378164805 4.2
6851.4 221.67392346636268 34.68582271394459 4.2
6855.6 219.26550548391924 34.35104868938726 4.2
6859.8 221.10285322212454 34.68135044702255 4.2
6864.0 219.8237969526584 34.52295800743612 4.2
6868.2 218.13602168794066 34.299832562252966 4.2
6872.4 217.63883695178407 34.26352178538893 4.2
6876.6 217.37907124492568 34.26446853456251 4.2
6880.8 216.51469891412674 34.16992298885298 4.2
6885.0 216.30639808123436 34.1787361906144 4.2
6889.2 216.68241579117287 34.27993580801734 4.2
6893.4 216.91935033767825 34.35927568051668 4.2
6897.6 216.51163702933454 34.336498068850794 4.2
6901.8 215.81245958801682 34.26730893904673 4.2
6906.0 215.2821919676707 34.224727584115456 4.2
6910.2 215.036419568071 34.22724944814451 4.2
6914.4 214.56765494617844 34.19416476375796 4.2
6918.6 213.46604790995386 34.05994952294789 4.2
6922.8 212.54049353488986 33.953457083773614 4.2
6927.0 211.7107347765083 33.8619527987098 4.2
6931.2 210.27730074647215 33.673479918281934 4.2
6935.4 209.5087793173715 33.59108253398023 4.2
6939.6 209.95797624671033 33.70388777221737 4.2
6943.8 210.1371547875721 33.77349458933113 4.2
6948.0 209.9740549031275 33.7881178270941 4.2
6952.2 209.8286275607003 33.805549525840306 4.2
6956.4 209.75105885138277 33.83389521922568 4.2
6960.6 209.53660372460422 33.84012822711091 4.2
6964.8 209.29745867455333 33.842310051138305 4.2
6969.0 209.19742074155417 33.866943248185514 4.2
6973.2 209.0609943795658 33.885663984920384 4.2
6977.4 208.81515404731314 33.88660029335285 4.2
6981.6 208.00766019377795 33.796209997675454 4.2
6985.8 206.77449033426865 33.63628317236315 4.2
6990.0 205.96759750641377 33.54532470307709 4.2
6994.2 205.71841095499275 33.545015740641475 4.2
6998.4 205.76131747264824 33.59232009799116 4.2
7002.6 205.7001535255939 33.62265466291824 4.2
7006.8 205.1265199528697 33.56912335813471 4.2
7011.0 204.10860782175206 33.44259735337316 4.2
7015.2 203.14266265193095 33.32422054212576 4.2
7019.4 202.60272019294902 33.27545479939559 4.2
7023.6 202.35862249453385 33.27514832254246 4.2
7027.8 202.23041234537376 33.293848577200045 4.2
7032.0 202.08567559721544 33.30979807554307 4.2
7036.2 202.0416486369699 33.342334180662604 4.2
7040.4 201.6854582380526 33.32329977260512 4.2
7044.6 201.1113483998216 33.268100133939626 4.2
7048.8 200.74968766206047 33.24788318462623 4.2
7053.0 200.551302562686 33.25462080227342 4.2
7057.2 200.48246977289665 33.28281109076658 4.2
7061.4 200.38611629850533 33.306423506133186 4.2
7065.6 200.0539634336545 33.290782241635405 4.2
7069.8 199.8641949553027 33.29875530157514 4.2
7074.0 199.48541279563253 33.27514832254246 4.2
7078.2 198.48312778320326 33.14728787212118 4.2
7082.4 197.32420070441353 32.99286272137949 4.2
7086.6 197.28652123308035 33.025697602890354 4.2
7090.8 197.5416980780244 33.107622908685414 4.2
7095.0 196.9030553423513 33.03969275151668 4.2
7099.2 196.02453484551708 32.93123362767458 4.2
7103.4 195.7747656764484 32.92820068864304 4.2
7107.6 195.5056430540817 32.921832425868665 4.2
7111.8 194.69293185471471 32.82373517167193 4.2
7116.0 194.4560124990535 32.82252592285424 4.2
7120.2 194.6923419290065 32.90121983421111 4.2
7124.4 194.47002264556465 32.90243198227277 4.2
7128.6 193.6799936477693 32.80741407097296 4.2
7132.8 193.09061292342832 32.746131386500814 4.2
7137.0 192.7053895987225 32.71929971681709 4.2
7141.2 192.1015469254555 32.65517383458431 4.2
7145.4 191.24767469066788 32.54827674711103 4.2
7149.6 190.64339565489593 32.48358848215739 4.2
7153.8 190.20926441114494 32.44770612636213 4.2
7158.0 189.34152321644353 32.3376160291536 4.2
7162.2 189.26938293488763 32.36324045496856 4.2
7166.4 190.3965893896621 32.594175527611156 4.2
7170.6 191.5041814620507 32.822223617610746 4.2
7174.8 191.417507024672 32.84581178994516 4.2
7179.0 191.09853076479217 32.8294797119854 4.2
7183.2 190.93490858663228 32.83976192504779 4.2
7187.4 191.0194648896362 32.8927360480647 4.2
7191.6 190.88254082556836 32.907584109770944 4.2
7195.8 190.5649769131594 32.8912213164689 4.2
7200.0 190.37778160537954 32.89728066140959 4.2
7204.2 190.02630892297563 32.87486665931603 4.2
7208.4 188.9833306434614 32.73256206298495 4.2
7212.6 187.22746608453318 32.46624039167031 4.2
7216.8 185.3719058754281 32.181923638060965 4.2
7221.0 185.23820534102677 32.19615429407503 4.2
7225.2 185.5263105929307 32.283751817845896 4.2
7229.4 185.94339030883367 32.39395689786644 4.2
7233.6 185.5992749668858 32.37158767213601 4.2
7237.8 185.4197957353064 32.37784949784621 4.2
7242.0 185.2952189958795 32.39365853987137 4.2
7246.2 184.94756650642438 32.370395080740956 4.2
7250.4 184.55988918479375 32.33999884054192 4.2
7254.6 184.32418045605053 32.33612686119078 4.2
7258.8 184.11433074202117 32.33672252014648 4.2
7263.0 183.7220007995637 32.30516771065306 4.2
7267.2 183.5097018604845 32.30516771065306 4.2
7271.4 183.40078195124616 32.3233228472465 4.2
7275.6 182.86712041038692 32.266510451544434 4.2
7279.8 182.00124496648357 32.15081600295463 4.2
7284.0 181.25140446283004 32.05531138700413 4.2
7288.2 180.62118656077593 31.980702544990244 4.2
7292.4 179.9999108180572 31.90744284728248 4.2
7296.6 179.57264392557275 31.868380948696903 4.2
7300.8 180.13759153267588 32.005454583778196 4.2
7305.0 181.0509525910708 32.20475503130375 4.2
7309.2 180.06842403289247 32.06682782806783 4.2
7313.4 178.5856668723348 31.839335847786565 4.2
7317.6 177.00434306974998 31.593664356824963 4.2
7321.8 176.00197100713604 31.45082195159711 4.2
7326.0 174.90870569344173 31.29132836456596 4.2
7330.2 174.2374900100705 31.20699849430762 4.2
7334.4 173.9066028380464 31.183438371888027 4.2
7338.6 173.65001357948037 31.173100522925314 4.2
7342.8 173.1178525504799 31.11315123441278 4.2
7347.0 173.32339011987654 31.185736137190847 4.2
7351.2 174.0254549038275 31.347867323877267 4.2
7355.4 173.78194909950534 31.3397840794306 4.2
7359.6 172.86092524523957 31.209297995648114 4.2
7363.8 172.37460560572458 31.157026236161084 4.2
7368.0 172.52261024442558 31.21936030641959 4.2
7372.2 172.58976499959218 31.26712860913405 4.2
7376.4 172.40598431925986 31.26943254118888 4.2
7380.6 172.08614941339425 31.246976443336962 4.2
7384.8 171.62627586955338 31.198951573773027 4.2
7389.0 171.29075420631264 31.173387639113834 4.2
7393.2 171.2790892652392 31.206711068553105 4.2
7397.4 171.24072141365107 31.23517906412937 4.2
7401.6 170.8669363312082 31.202399999895473 4.2
7405.8 170.30103836626867 31.13436410332388 4.2
7410.0 169.81218054660786 31.080213968903994 4.2
7414.2 169.55111908933628 31.06762110935841 4.2
7418.4 169.11758223118844 31.023300531405717 4.2
7422.6 168.85469479366535 31.01015949813204 4.2
7426.8 168.6932857066017 31.01558664133901 4.2
7431.0 168.45764773457648 31.00730348841835 4.2
7435.2 168.2859832106344 31.010730731641296 4.2
7439.4 168.18584206103097 31.02730108152821 4.2
7443.6 167.58502183207804 30.95137876945166 4.2
7447.8 166.62848403194639 30.809453865861336 4.2
7452.0 165.9432388318058 30.71736795184148 4.2
7456.2 166.11090994669854 30.78307496826963 4.2
7460.4 166.56855871360804 30.902669699718672 4.2
7464.6 166.43174772020902 30.912063722771002 4.2
7468.8 165.70651918474672 30.81200786172526 4.2
7473.0 164.93745542993176 30.703508126298495 4.2
7477.2 164.34755978780728 30.628096023507368 4.2
7481.4 163.8790750460254 30.575108016686293 4.2
7485.6 163.45718740732073 30.530646445547305 4.2
7489.8 163.013965752162 30.4820379892401 4.2
7494.0 162.79830438233546 30.47586211616972 4.2
7498.2 163.17860434028648 30.581304001742016 4.2
7502.4 163.6849778358126 30.710578684306736 4.2
7506.6 163.46873647255472 30.704356507300492 4.2
7510.8 162.4085389954103 30.539364817136917 4.2
7515.0 161.14739332287294 30.336117653575826 4.2
7519.2 160.48778442005434 30.24572505919293 4.2
7523.4 160.5287962909225 30.287260993367333 4.2
7527.6 160.51373022248669 30.31824094088707 4.2
7531.8 160.42634767386832 30.335558846784505 4.2
7536.0 160.4321764120408 30.370504061801423 4.2
7540.2 160.37014570744302 30.39261019491843 4.2
7544.4 159.54817539156502 30.27052825825785 4.2
7548.6 158.4909356434592 30.103431237596723 4.2
7552.8 158.05392507162512 30.053842076633703 4.2
7557.0 158.17083608160107 30.109531638287528 4.2
7561.2 158.31709175591718 30.17088156223473 4.2
7565.4 158.05981325873407 30.155324065738288 4.2
7569.6 157.2589578595264 30.035855063856705 4.2
7573.8 156.33261394315483 29.89207064713139 4.2
7578.0 155.4533383204801 29.756921548241024 4.2
7582.2 157.05319757111997 30.096500464360552 4.2
7586.4 158.36302160997235 30.381135383964214 4.2
7590.6 157.8051027990643 30.30763162748302 4.2
7594.8 154.68940581646297 29.742125373748998 4.2
7599.0 149.69674794201532 28.81402973419611 4.2
7603.2 145.4991397022122 28.03702959088694 4.2
7607.4 146.094124534216 28.18279100112728 4.2
7611.6 150.00624500803093 28.96943332541337 4.2
7615.8 150.69061101696235 29.133723892952382 4.2
7620.0 149.86882833680247 29.006811986931446 4.2
7624.2 150.32689738846452 29.127552921790894 4.2
7628.4 150.65874304393455 29.22402293243551 4.2
7632.6 150.22847156170684 29.172657954809605 4.2
7636.8 149.46324970633987 29.056011585017377 4.2
7641.0 148.62533802178672 28.924908913289304 4.2
7645.2 149.0814308836026 29.045576444792363 4.2
7649.4 150.68378190243166 29.39002801171118 4.2
7653.6 151.38321795773 29.558881741676235 4.2
7657.8 150.33400083302865 29.386238565769816 4.2
7662.0 149.07092950043057 29.171314535196917 4.2
7666.2 149.21653962866915 29.231829707732707 4.2
7670.4 150.3298520394129 29.48220760222102 4.2
7674.6 150.95300263555094 29.636847128633576 4.2
7678.8 150.74209344608104 29.627840637587827 4.2
7683.0 150.54959389333118 29.622383490289884 4.2
7687.2 148.59934460116594 29.270625283706558 4.2
7691.4 147.15074285725257 29.01696594297143 4.2
7695.6 146.2366678921983 28.868219579513177 4.2
7699.8 147.39079637490477 29.127821197703003 4.2
7704.0 149.0324038266629 29.484380011590087 4.2
7708.2 149.66881002160534 29.64257995747098 4.2
7712.4 148.53546590728124 29.450183150085316 4.2
7716.6 146.86194564348366 29.15009671421397 4.2
7720.8 146.61845861240928 29.133455562674694 4.2
7725.0 147.19338014026312 29.27952318577596 4.2
7729.2 146.80882552578166 29.234791443876745 4.2
7733.4 146.09397527769312 29.124065559777737 4.2
7737.6 146.2731806436564 29.19147232684719 4.2
7741.8 146.64435827940915 29.297327105287835 4.2
7746.0 146.06369047584172 29.21298932471596 4.2
7750.2 144.91970282700694 29.015629693075525 4.2
7754.4 144.20517810343142 28.903870315987497 4.2
7758.6 143.76809909822077 28.847487909284293 4.2
7762.8 143.33902971807785 28.792541402015825 4.2
7767.0 143.35163293543988 28.82624012361755 4.2
7771.2 143.4488538036143 28.876995155307682 4.2
7775.4 143.05128858585638 28.828098679911985 4.2
7779.6 142.79951072573436 28.808457145682354 4.2
7783.8 143.2141460592837 28.923310507917375 4.2
7788.0 143.7756597110088 29.068056790049585 4.2
7792.2 144.0605514517178 29.157078090219393 4.2
7796.4 143.99288364005074 29.17480755487744 4.2
7800.6 143.2534986239897 29.056279202006387 4.2
7804.8 141.96513424520256 28.825974625356995 4.2
7809.0 141.08161063064665 28.677414921705154 4.2
7813.2 141.17551215175115 28.72737873065355 4.2
7817.4 141.41145336721098 28.806334538315774 4.2
7821.6 140.71942451508482 28.696174196123557 4.2
7825.8 139.66119875181766 28.510970451381855 4.2
7830.0 139.5782441070058 28.524628700440022 4.2
7834.2 140.40027088969666 28.72341017075686 4.2
7838.4 140.81807737674328 28.839783777923337 4.2
7842.6 140.69320553017127 28.845096751748066 4.2
7846.8 140.5788828982146 28.85253655948728 4.2
7851.0 139.94561660957976 28.753320152167387 4.2
7855.2 138.6956245943843 28.52699329229673 4.2
7859.4 138.11424372020375 28.437800291703525 4.2
7863.6 138.0900626702357 28.463218060719804 4.2
7867.8 137.25830501253043 28.322005318249396 4.2
7872.0 136.05518082733153 28.103732302325056 4.2
7876.2 135.97271943577024 28.116677529856634 4.2
7880.4 136.74540129044266 28.306619035927536 4.2
7884.6 136.8818680170491 28.36507916573982 4.2
7888.8 136.3123996273222 28.277173725101797 4.2
7893.0 135.9518272640399 28.232413096976217 4.2
7897.2 135.76223563696067 28.223053563913542 4.2
7901.4 135.50058138497533 28.198629408925612 4.2
7905.6 135.194673606572 28.164886147372773 4.2
7909.8 134.83860469115905 28.1205622607507 4.2
7914.0 135.05577607556043 28.195772644919174 4.2
7918.2 136.19222671349195 28.463218060719804 4.2
7922.4 136.40670634220447 28.538293492515297 4.2
7926.6 134.60691434237395 28.19161786845228 4.2
7930.8 133.42808682464434 27.974349727062283 4.2
7935.0 134.28249209183866 28.18331015210417 4.2
7939.2 134.56241397804132 28.271965356929382 4.2
7943.4 133.20250419829875 28.015862677011633 4.2
7947.6 132.48577559817068 27.894591127215417 4.2
7951.8 133.1160303378948 28.056920398383358 4.2
7956.0 133.2550589710179 28.115900648079055 4.2
7960.2 132.46260624335397 27.978214793285602 4.2
7964.4 131.7622879275791 27.85967206138247 4.2
7968.6 131.31828448336185 27.795084584621627 4.2
7972.8 131.26335945455577 27.812754349802685 4.2
7977.0 131.82873072453137 27.961985102873104 4.2
7981.2 132.20530029060276 28.071395303041662 4.2
7985.4 131.65819715174862 27.984657757061893 4.2
7989.6 130.8082636838419 27.833255096368966 4.2
7993.8 130.74668853750651 27.849410069334017 4.2
7998.0 131.14702857063682 27.964045493982034 4.2
8002.2 130.72373611635032 27.903070732201993 4.2
8006.4 129.78565324270943 27.731923914819372 4.2
8010.6 129.6221325300183 27.726049866470245 4.2
8014.8 129.91397635741114 27.817621909443762 4.2
8019.0 129.53431349096397 27.76540418870039 4.2
8023.2 128.75201011779862 27.626635643922544 4.2
8027.4 128.34750967454582 27.568681751962057 4.2
8031.6 128.0976352807421 27.543809118467085 4.2
8035.8 127.52608178698505 27.449598721806964 4.2
8040.0 126.91622829359875 27.34689354287831 4.2
8044.2 126.76855361043859 27.343619374328156 4.2
8048.4 127.10602873063557 27.44504833636115 4.2
8052.6 127.66651438758198 27.59484760639728 4.2
8056.8 128.0513285818776 27.70690400324568 4.2
8061.0 127.78015553233223 27.677062852758517 4.2
8065.2 126.9705415186664 27.530366943192462 4.2
8069.4 126.31960727253595 27.41776186020469 4.2
8073.6 125.84697970227928 27.343619374328156 4.2
8077.8 125.05672823326887 27.200193902003 4.2
8082.0 124.42153715884201 27.090186817780484 4.2
8086.2 124.61556681531354 27.160640048080115 4.2
8090.4 125.02626755517157 27.278469505284807 4.2
8094.6 125.01970487984485 27.30536586319442 4.2
8098.8 124.92343180492803 27.312660096989273 4.2
8103.0 124.91125647006896 27.33833116088993 4.2
8107.2 124.49029062974402 27.274449897644082 4.2
8111.4 123.23146680824027 27.02663646580072 4.2
8115.6 121.82712285812464 26.746317763529607 4.2
8119.8 121.54653714246172 26.71234406758384 4.2
8124.0 121.8724172849717 26.81167830806582 4.2
8128.2 121.80145950879538 26.823781328422406 4.2
8132.4 121.73060805028335 26.835889812185428 4.2
8136.6 121.32863790404251 26.774908786201618 4.2
8140.8 120.89465051526597 26.706685981940677 4.2
8145.0 120.85790936624957 26.72612528904699 4.2
8149.2 121.43483909281989 26.881407223531184 4.2
8153.4 122.20353153338468 27.07946001888882 4.2
8157.6 122.89902631216762 27.26164135082422 4.2
8161.8 122.8913620890855 27.288018447799182 4.2
8166.0 122.29550748134376 27.183664405602016 4.2
8170.2 121.94833609508783 27.13438607739233 4.2
8174.4 121.93081706539334 27.15838871273528 4.2
8178.6 120.98939870180754 26.97640045882061 4.2
8182.8 120.14380489890955 26.815382734200117 4.2
8187.0 120.14775877873811 26.843800343606528 4.2
8191.2 120.34559396991546 26.915595939927247 4.2
8195.4 120.63267099838612 27.007476072728938 4.2
8199.6 121.37127694778538 27.200694952705724 4.2
8203.8 120.99826036428762 27.144884618984932 4.2
8208.0 119.31486637135013 26.794644538096506 4.2
8212.2 118.29386439236124 26.592550949962572 4.2
8216.4 118.89568870639751 26.75518757079025 4.2
8220.6 119.19944170423899 26.85097127684491 4.2
8224.8 119.37972178642956 26.919066788895286 4.2
8229.0 120.1276911615866 27.115399036699333 4.2
8233.2 120.11463446430571 27.14013477569245 4.2
8237.4 119.16176956405194 26.952310423944844 4.2
8241.6 117.8414803709474 26.680870811543496 4.2
8245.8 115.80615995138622 26.24677812542418 4.2
8250.0 114.78294349865895 26.041380306258247 4.2
8254.2 114.9633152864172 26.108865441280006 4.2
8258.4 115.6424878110565 26.28984345061528 4.2
8262.6 115.5281442838036 26.290569875870574 4.2
8266.8 115.08067302894514 26.215370503217855 4.2
8271.0 114.90772148422691 26.202576644398846 4.2
8275.2 115.96214951472521 26.469881679058787 4.2
8279.4 117.25288158529722 26.791683248190154 4.2
8283.6 117.25598407172768 26.819581702557027 4.2
8287.8 116.03973553315421 26.568314283310183 4.2
8292.0 114.58048807699551 26.26080289319611 4.2
8296.2 114.53516037279769 26.27701324684478 4.2
8300.4 113.91140571411923 26.1603770986848 4.2
8304.6 112.66780064368326 25.90096827883718 4.2
8308.8 111.70500805547779 25.70561507651477 4.2
8313.0 112.0618257115183 25.813803512345288 4.2
8317.2 113.3096674453802 26.127628960310886 4.2
8321.4 114.03035008053033 26.320370599831545 4.2
8325.6 112.98015640304948 26.104296881821398 4.2
8329.8 112.5703733925964 26.035864341067338 4.2
8334.0 112.54708793867684 26.05673522987231 4.2
8338.2 112.12143278642941 25.984358532317444 4.2
8342.4 111.01028962943994 25.752773015610614 4.2
8346.6 110.2681409528677 25.606369024142417 4.2
8350.8 110.74422535319924 25.74281288638485 4.2
8355.0 110.41811943419043 25.692833352253604 4.2
8359.2 109.19929194363205 25.434780847940587 4.2
8363.4 109.06653544646609 25.429393369851827 4.2
8367.6 109.93384861422285 25.65736189966264 4.2
8371.8 109.99769015492382 25.698039954022487 4.2
8376.0 109.7023465698333 25.65476258794035 4.2
8380.2 109.88754923801403 25.72385186723514 4.2
8384.4 109.41006501761301 25.637755412787932 4.2
8388.6 108.69718136983859 25.496231865218505 4.2
8392.8 109.6325477211559 25.74139032527894 4.2
8397.0 110.95961683064829 26.079063991729434 4.2
8401.2 110.61311106777903 26.023637455148325 4.2
8405.4 109.78335110930928 25.85425333722672 4.2
8409.6 109.63736173034587 25.845682205241115 4.2
8413.8 109.43415425371334 25.82355326368176 4.2
8418.0 109.06048178591288 25.761076067007235 4.2
8422.2 108.97180739725962 25.765821869676937 4.2
8426.4 108.94645726450781 25.7855262954416 4.2
8430.6 108.63863153625756 25.738308379225064 4.2
8434.8 107.96715957200419 25.604718173739066 4.2
8439.0 107.10735163202486 25.426114594089363 4.2
8443.2 106.16249119026931 25.226906642264037 4.2
8447.4 105.39964208055349 25.070557986284268 4.2
8451.6 105.60765172830497 25.14502084596206 4.2
8455.8 107.14794598938234 25.537124865432176 4.2
8460.0 108.85303155561351 25.969285444285827 4.2
8464.2 108.27530637150659 25.857111012824376 4.2
8468.4 104.99062662224266 25.097588827585607 4.2
8472.6 102.39431568543101 24.5012363652752 4.2
8476.8 103.17568988809188 24.712688785353663 4.2
8481.0 105.03429585651723 25.1827990515084 4.2
8485.2 105.41856208931608 25.299969638710856 4.2
8489.4 104.8622714331598 25.19138237352786 4.2
8493.6 104.807809926403 25.203218234635067 4.2
8497.8 105.56896011542133 25.411365333948797 4.2
8502.0 105.89685284067443 25.515495114409074 4.2
8506.2 104.86198517802784 25.291116377483284 4.2
8510.4 103.53741283948997 24.996315636165814 4.2
8514.6 103.09100035048033 24.91311312162276 4.2
8518.8 103.09756552563584 24.93928509990913 4.2
8523.0 103.31235891452089 25.015892387158587 4.2
8527.2 103.92220580974438 25.18836627841735 4.2
8531.4 104.06115586062609 25.24689652021957 4.2
8535.6 103.44967848128364 25.123260412247127 4.2
8539.8 103.21096894813341 25.08996179465399 4.2
8544.0 103.04116858356123 25.073329039883934 4.2
8548.2 101.84504522106405 24.8066431925296 4.2
8552.4 100.92000074011204 24.60548897411206 4.2
8556.6 101.62177917554284 24.800931909408582 4.2
8560.8 102.37656473371123 25.00967222874552 4.2
8565.0 102.15191677151498 24.979284822076135 4.2
8569.2 102.26727794920325 25.032025929290857 4.2
8573.4 102.70109675377442 25.16285992436796 4.2
8577.6 102.33157888544885 25.096895365159448 4.2
8581.8 101.7692272055314 24.98342638425167 4.2
8586.0 101.75399903221076 25.00414449746387 4.2
8590.2 101.54410217451924 24.976984250868266 4.2
8594.4 101.36735844712344 24.957897685546612 4.2
8598.6 101.15742412918364 24.930558053633142 4.2
8602.8 100.60917826017248 24.819669836411077 4.2
8607.0 100.44438147850431 24.803216264849613 4.2
8611.2 100.49903752399639 24.840938521542217 4.2
8615.4 99.4870063904787 24.614782350769833 4.2
8619.6 97.66231839917192 24.186888358459075 4.2
8623.8 96.91966465519181 24.02636110332027 4.2
8628.0 97.66995370340791 24.23594732950438 4.2
8632.2 98.12287549590965 24.372046609214543 4.2
8636.4 97.82092320538042 24.320696042269233 4.2
8640.6 98.41322257849254 24.491760279719635 4.2
8644.8 100.04130638926905 24.921145455017427 4.2
8649.0 100.66568670999652 25.10105642714773 4.2
8653.2 100.57169543211651 25.10198120127607 4.2
8657.4 101.10817864848832 25.260387008803196 4.2
8661.6 101.33909164796819 25.342648499767293 4.2
8665.8 100.33025855852559 25.11470030105138 4.2
8670.0 99.05743080916223 24.820127035836116 4.2
8674.2 98.57127904149078 24.72225035016438 4.2
8678.4 98.3843289306051 24.699263309215755 4.2
8682.6 97.66830863321962 24.54324597794574 4.2
8686.8 96.86917686139009 24.365986541941556 4.2
8691.0 96.66956289476761 24.339295307300787 4.2
8695.2 96.8648261238498 24.41203590267307 4.2
8699.4 97.35598480344238 24.55952709446453 4.2
8703.6 97.96781177860441 24.737738823050737 4.2
8707.8 97.80844704155855 24.721339565579882 4.2
8712.0 96.79335005655649 24.488376851716595 4.2
8716.2 96.14238266255666 24.347142633869137 4.2
8720.4 96.41318772275416 24.439257090538444 4.2
8724.6 96.52197618972568 24.49040685242566 4.2
8728.8 95.87649946676626 24.350057999520136 4.2
8733.0 95.367925214123 24.2442079259516 4.2
8737.2 94.89529943526294 24.1472678786156 4.2
8741.4 93.43622145960943 23.798851549048717 4.2
8745.6 91.71028323204762 23.381695478852873 4.2
8749.8 91.3198106598201 23.3045112931932 4.2
8754.0 92.43238734926123 23.61108800820153 4.2
8758.2 93.82261598990694 23.989212969181676 4.2
8762.4 94.09772105171987 24.082634806520385 4.2
8766.6 93.39139712403889 23.92478259369051 4.2
8770.8 93.4851951275579 23.971764361383006 4.2
8775.0 94.48938111065571 24.252471337945614 4.2
8779.2 94.306878240705 24.228805299672135 4.2
8783.4 93.00449359402273 23.91707139796982 4.2
8787.6 92.81639457049079 23.891532056788574 4.2
8791.8 93.4487840492343 24.077311972516526 4.2
8796.0 93.13969540876383 24.020608227110063 4.2
8800.2 92.5721115455606 23.897033918745795 4.2
8804.4 92.6381182047284 23.936905210406366 4.2
8808.6 92.51400379175575 23.92764738527736 4.2
8812.8 92.01898239287704 23.82231703082646 4.2
8817.0 91.15396686049348 23.62087601352566 4.2
8821.2 89.34410797420107 23.17394649968451 4.2
8825.4 87.79473211427134 22.793761512076358 4.2
8829.6 88.26391676775863 22.937390059626246 4.2
8833.8 89.87980670950228 23.379542044285266 4.2
8838.0 90.7823164561225 23.63676296424315 4.2
8842.2 90.39004173439217 23.55700097970074 4.2
8846.4 89.06767372430065 23.234428791396255 4.2
8850.6 88.1154022090945 23.007848022716036 4.2
8854.8 88.23395407553336 23.060674192431737 4.2
8859.0 88.19822629154336 23.07320900074659 4.2
8863.2 87.65489139651754 22.95281731072635 4.2
8867.4 87.80043259317135 23.01272247155893 4.2
8871.6 88.15548725710978 23.127676288024183 4.2
8875.8 87.71507508047064 23.033927736129947 4.2
8880.0 87.57725389347195 23.019506031391316 4.2
8884.2 88.2747713209041 23.224800921854786 4.2
8888.4 88.73236833389734 23.367271253806358 4.2
8892.6 88.90941227453547 23.436027557201896 4.2
8896.8 88.8639470384361 23.44617488152677 4.2
8901.0 87.89246660670906 23.211756179051637 4.2
8905.2 87.19064681527578 23.04814619380769 4.2
8909.4 88.11307130572193 23.313957476293623 4.2
8913.6 88.36717524083173 23.40324073667105 4.2
8917.8 86.2982121276991 22.876838169637054 4.2
8922.0 85.12180356636392 22.586243192404 4.2
8926.2 86.97692068735981 23.100213829383218 4.2
8930.4 89.2860131953864 23.73580689076266 4.2
8934.6 89.99098940644915 23.945725516844533 4.2
8938.8 89.46781150315248 23.828900289744638 4.2
8943.0 87.84535317383595 23.41876561425606 4.2
8947.2 85.18732165021304 22.73149503931228 4.2
8951.4 83.24522395888468 22.234122802132028 4.2
8955.6 81.97395318267871 21.915127415285752 4.2
8959.8 81.54711926607175 21.821469828191667 4.2
8964.0 81.56607399512589 21.847009624294177 4.2
8968.2 81.74527984266554 21.91553111056919 4.2
8972.4 82.0933543401337 22.029467528494173 4.2
8976.6 82.26015207855052 22.094897948919932 4.2
8980.8 81.97911110380552 22.040020797967628 4.2
8985.0 82.63215742978973 22.236375538474494 4.2
8989.2 84.50592667160456 22.76187321675432 4.2
8993.4 86.42222329225244 23.29978963699125 4.2
8997.6 86.97128572773858 23.46972495119331 4.2
9001.8 85.25631068896429 23.028412488342923 4.2
9006.0 83.54979131237555 22.588531605188805 4.2
9010.2 83.2684331005957 22.533466095711002 4.2
9014.4 83.3227517378077 22.569191419395548 4.2
9018.6 83.66253204359272 22.682347517162636 4.2
9022.8 84.58056715321327 22.952605908439942 4.2
9027.0 85.16994558988526 23.134067584092413 4.2
9031.2 84.0292204695725 22.845464885518197 4.2
9035.4 81.55648265274307 22.193816963134392 4.2
9039.6 79.95448453958534 21.77810061903568 4.2
9043.8 79.3281553645486 21.62758362841408 4.2
9048.0 78.50766685437377 21.423775070102952 4.2
9052.2 79.0607578941534 21.594741018197713 4.2
9056.4 78.82755616406348 21.551028438699845 4.2
9060.6 79.15955403267888 21.661872735218942 4.2
9064.8 79.79300146411443 21.85546243168626 4.2
9069.0 79.46766474452878 21.78652676490461 4.2
9073.2 78.11389372126409 21.43522270259808 4.2
9077.4 77.8305874077276 21.377258062574 4.2
9081.6 79.09490628864417 21.744628886387193 4.2
9085.8 80.6007177567818 22.179104134235885 4.2
9090.0 80.46545812888169 22.162359736063497 4.2
9094.2 79.56759892061727 21.93532129176095 4.2
9098.4 78.29665391384427 21.604887041609686 4.2
9102.6 77.21298410181248 21.325538179461876 4.2
9106.8 76.9005873695536 21.258861375495826 4.2
9111.0 77.06570601814497 21.324163315526146 4.2
9115.2 77.27532681939586 21.401883713389996 4.2
9119.4 77.67776548363223 21.533171533134542 4.2
9123.6 78.20036527332856 21.6980147455066 4.2
9127.8 77.8941824401533 21.63296262718824 4.2
9132.0 77.50852086150188 21.54566981272024 4.2
9136.2 78.0609906483428 21.719208776375353 4.2
9140.4 80.02374123022548 22.285788264254062 4.2
9144.6 79.62837037017599 22.19606561573453 4.2
9148.8 77.20634397139226 21.54070931002804 4.2
9153.0 74.95667785457225 20.932254193012472 4.2
9157.2 74.62147951468624 20.857776043955575 4.2
9161.4 74.79586063918194 20.925700250935012 4.2
9165.6 73.66606205953511 20.628516651830157 4.2
9169.8 73.21726934415852 20.52163694046249 4.2
9174.0 75.02185236724999 21.04669948321249 4.2
9178.2 76.73159406631979 21.546066702280637 4.2
9182.4 75.68622420387565 21.271984114448873 4.2
9186.6 74.23139821717685 20.882187935157617 4.2
9190.8 74.27362550600263 20.913176366740228 4.2
9195.0 75.43515509198424 21.259644595319873 4.2
9199.2 75.02277649567473 21.162745051128237 4.2
9203.4 73.48736223898423 20.748561862677345 4.2
9207.6 73.36085195137738 20.731751760080904 4.2
9211.8 76.03477307116165 21.50700816584711 4.2
9216.0 77.92563008746937 22.06195528354154 4.2
9220.2 76.94077764048431 21.802987208796388 4.2
9224.4 73.4319397448961 20.827637007051734 4.2
9228.6 71.67663521530766 20.348293819199615 4.2
9232.8 71.11912400820313 20.20840327524705 4.2
9237.0 75.07569606828609 21.35207075910314 4.2
9241.2 75.54270222494183 21.50443319075409 4.2
9245.4 77.86420318021123 22.18543762840909 4.2
9249.6 75.6337007069213 21.569496131507048 4.2
9253.8 73.80351339501424 21.066675225251025 4.2
9258.0 73.36668592374451 20.961000097783344 4.2
9262.2 73.34608638668873 20.97413214996676 4.2
9266.4 72.52290099922446 20.757545568895868 4.2
9270.6 71.66738676254157 20.531278779124715 4.2
9274.8 72.32828175412367 20.739391026808022 4.2
9279.0 73.15279181691784 20.99481248047576 4.2
9283.2 73.71737133912734 21.176003496386535 4.2
9287.4 74.22341862674504 21.340667534492518 4.2
9291.6 75.39598929439394 21.697415215485936 4.2
9295.8 77.71121733938377 22.383912527368743 4.2
9300.0 79.00368661544177 22.77676285123186 4.2
9304.2 77.45316695620572 22.349921392395725 4.2
9308.4 74.57876369936915 21.539915735587975 4.2
9312.6 73.30597191234358 21.191417121106912 4.2
9316.8 74.07432611150473 21.43285372515056 4.2
9321.0 75.33212853944731 21.81644582750997 4.2
9325.2 76.19403002302595 22.085945695669114 4.2
9329.4 77.20364886771488 22.398761218871385 4.2
9333.6 78.26919822322458 22.728354784141022 4.2
9337.8 77.97872304638463 22.66438818666632 4.2
9342.0 77.11618363077916 22.433859726087928 4.2
9346.2 77.68749430463211 22.620385397696104 4.2
9350.4 77.51555750203391 22.590612181647213 4.2
9354.6 74.85879135598675 21.83594541521073 4.2
9358.8 72.68301294960848 21.220323482568855 4.2
9363.0 73.08213192599602 21.356004318172975 4.2
9367.2 74.39258823080415 21.758452283297782 4.2
9371.4 74.86111721013853 21.915127415285752 4.2
9375.6 73.68228983082041 21.589371523160573 4.2
9379.8 71.64173553609912 21.010287730587656 4.2
9384.0 70.57798522786966 20.716863282474122 4.2
9388.2 70.32675662896192 20.661602401140335 4.2
9392.4 70.13843883572095 20.62471708859894 4.2
9396.6 70.51082154703539 20.752766517626196 4.2
9400.8 71.84352423496877 21.16391457995396 4.2
9405.0 73.3918195443493 21.63933946923788 4.2
9409.2 72.90609798090414 21.515329423572002 4.2
9413.4 70.5641684341715 20.84279706219138 4.2
9417.6 67.86233111792656 20.062636289119926 4.2
9421.8 67.70636413172465 20.03438429242475 4.2
9426.0 71.52376768247032 21.18283093377741 4.2
9430.2 75.0881574654428 22.25830043110747 4.2
9434.4 73.21038380679403 21.721009222745437 4.2
9438.6 69.40361497746868 20.609905477787187 4.2
9442.8 68.29040243236217 20.29738081809163 4.2
9447.0 67.72319269676733 20.146703734286305 4.2
9451.2 66.65540133803829 19.846686061587633 4.2
9455.4 67.28115571576902 20.050813616594382 4.2
9459.6 70.36743319776423 20.989205517617954 4.2
9463.8 71.08961255928315 21.223450855429707 4.2
9468.0 69.11443406521309 20.652089572181044 4.2
9472.2 67.92279302041068 20.314025814233474 4.2
9476.4 69.33914570228319 20.756016152762477 4.2
9480.6 69.91423464975757 20.94671867723358 4.2
9484.8 67.9004886104199 20.36141707902865 4.2
9489.0 67.57038002280007 20.280375878829748 4.2
9493.2 69.98677692926736 21.024225208252282 4.2
9497.4 71.93293749489834 21.627982026896614 4.2
9501.6 72.6353055508283 21.858482083991273 4.2
9505.8 72.13265365371544 21.72641145740975 4.2
9510.0 69.43848243453084 20.933410984090706 4.2
9514.2 67.14917813979766 20.261145717797124 4.2
9518.4 67.7250526856367 20.45295204097149 4.2
9522.6 68.17390493290047 20.6066787182538 4.2
9526.8 66.5572176911182 20.135758786425896 4.2
9531.0 65.59282195022551 19.861497959461435 4.2
9535.2 66.05316638479495 20.018521554737244 4.2
9539.4 65.24258127717918 19.79028278860996 4.2
9543.6 64.46571408853421 19.571855469283364 4.2
9547.8 65.3519616797934 19.85838837325022 4.2
9552.0 66.72623599746899 20.293829158930706 4.2
9556.2 66.90318507739221 20.365543279853878 4.2
9560.4 66.00200494101233 20.108885442236716 4.2
9564.6 64.01527719550187 19.520727547059945 4.2
9568.8 63.10013668138457 19.25856838291945 4.2
9573.0 64.59414244495399 19.73185884471113 4.2
9577.2 68.7543437273593 21.021127192204627 4.2
9581.4 69.33672300587172 21.217782831446566 4.2
9585.6 64.2851483159795 19.68919680387541 4.2
9589.8 60.262362704370865 18.473279451396703 4.2
9594.0 63.26125836504879 19.409573837881815 4.2
9598.2 68.76345100632862 21.1162113422335 4.2
9602.4 70.25183433756986 21.592155539090925 4.2
9606.6 66.89133120018597 20.57728155561738 4.2
9610.8 63.3662746376428 19.509942974520982 4.2
9615.0 64.4582747936598 19.863510304120297 4.2
9619.2 67.43841360742596 20.8000318511647 4.2
9623.4 66.32055916106388 20.473118491963014 4.2
9627.6 63.72548921861143 19.68919680387541 4.2
9631.8 65.40249895886978 20.224975304789382 4.2
9636.0 68.39678247027948 21.16937323578165 4.2
9640.2 68.12353354469276 21.103184699883904 4.2
9644.4 65.59199283574661 20.336677424086737 4.2
9648.6 63.926459194645425 19.837548429072633 4.2
9652.8 63.60256621573926 19.75422517915865 4.2
9657.0 63.647418247676605 19.7853619689934 4.2
9661.2 63.619039699037614 19.793746321224383 4.2
9665.4 63.910702445288436 19.90178361501451 4.2
9669.6 64.1552551476083 19.995303477610694 4.2
9673.8 63.68938364052308 19.86735261920173 4.2
9678.0 63.09719008351297 19.69971757756697 4.2
9682.2 63.104620011611985 19.71914134525989 4.2
9686.4 64.21913568445943 20.084822592543787 4.2
9690.6 65.36118534896109 20.459734796792834 4.2
9694.8 65.13276968441617 20.405911556636816 4.2
9699.0 63.76573001984318 19.994935153901302 4.2
9703.2 63.87093718141287 20.04527413739253 4.2
9707.4 64.1208696534335 20.141137763326086 4.2
9711.6 62.86482078999551 19.763688488305146 4.2
9715.8 61.82499959611924 19.453600816226533 4.2
9720.0 62.049848414004146 19.5412346613255 4.2
9724.2 62.80373749970056 19.795751801363384 4.2
9728.4 63.86139727549282 20.14651817714204 4.2
9732.6 65.29433534035722 20.61636051274898 4.2
9736.8 65.46493724359128 20.68807109494353 4.2
9741.0 64.40004458509186 20.369107489830743 4.2
9745.2 64.00527113425089 20.261705561676695 4.2
9749.4 64.4931332427409 20.43374644148881 4.2
9753.6 64.92252058396573 20.587518384513682 4.2
9757.8 63.73491778873398 20.228328603065297 4.2
9762.0 61.49950894494795 19.535656033671735 4.2
9766.2 61.498146537864415 19.55203653106875 4.2
9770.4 62.334512385323904 19.834990645958033 4.2
9774.6 61.36535720829719 19.543394557753803 4.2
9778.8 58.80444115272062 18.74390178662513 4.2
9783.0 59.03059322562255 18.832154131891514 4.2
9787.2 60.71951981772884 19.387597728163115 4.2
9791.4 59.66720149830639 19.067949804663378 4.2
9795.6 57.21411303133463 18.299701260289282 4.2
9799.8 58.040457866813156 18.579926857518384 4.2
9804.0 59.92370392506227 19.199238340433226 4.2
9808.2 61.2134178083728 19.629263276055 4.2
9812.4 60.40247956972051 19.3858121466528 4.2
9816.6 59.2765698822842 19.040747768410238 4.2
9820.8 60.46659610676488 19.439630240875484 4.2
9825.0 62.20999072955614 20.01723095456087 4.2
9829.2 61.36050295675272 19.760776218126605 4.2
9833.4 59.81110740747444 19.27826740548684 4.2
9837.6 60.85201093864015 19.63052886222442 4.2
9841.8 62.089789025579016 20.046935820441536 4.2
9846.0 60.730323123191646 19.62474399147641 4.2
9850.2 59.990040837642894 19.402067001102367 4.2
9854.4 62.186037044126664 20.129454229088136 4.2
9858.6 64.61104461431445 20.932254193012472 4.2
9862.8 65.10536855296809 21.110377523427484 4.2
9867.0 63.817971882027045 20.71056753033711 4.2
9871.2 61.47766332885413 19.96806584052473 4.2
9875.4 59.4751934746168 19.334101757392197 4.2
9879.6 58.09175964568653 18.900443715947816 4.2
9883.8 55.91873743414277 18.20891212338136 4.2
9888.0 53.72301022791027 17.508784604402685 4.2
9892.2 53.832863062875475 17.559494122041283 4.2
9896.4 56.031309638768654 18.292118240368122 4.2
9900.6 59.125962740404056 19.31879348636568 4.2
9904.8 61.87480361628179 20.23410503120981 4.2
9909.0 59.55710758393826 19.49270004999654 4.2
9913.2 57.57547350213218 18.860100385496654 4.2
9917.4 63.47892955174997 20.811529550189643 4.2
9921.6 68.89216399135967 22.60538978605673 4.2
9925.8 63.318441168560994 20.794093862347967 4.2
9930.0 51.80250457211515 17.02660261027652 4.2
9934.2 46.66502000916785 15.350976257739845 4.2
9938.4 51.69497269754243 17.020017410221566 4.2
9942.6 59.42173378385709 19.580510027844806 4.2
9946.8 62.612130730346976 20.649236577648285 4.2
9951.0 62.9830665915244 20.78911492078544 4.2
9955.2 63.42686935365445 20.9532792022948 4.2
9959.4 60.2380499246778 19.91663663306972 4.2
9963.6 51.4143899103528 17.013591457301995 4.2
9967.8 46.36802776144284 15.35663280830606 4.2
9972.0 53.19180343521975 17.631448786573817 4.2
9976.2 64.57121530111573 21.421407357824794 4.2
9980.4 65.79143509215167 21.84459513698916 4.2
9984.6 60.674738429928446 20.162668043924644 4.2
9988.8 63.00610310344999 20.955016155784662 4.2
9993.0 64.81827662210489 21.575854265263164 4.2
9997.2 58.21574956952049 19.39438443795878 4.2
10001.4 49.5892637947082 16.534383253506764 4.2
10005.6 52.99452221782748 17.68463090059787 4.2
10009.8 60.540562857339964 20.21976016789897 4.2
10014.0 65.55322774750319 21.91230175650752 4.2
10018.2 55.816404797714306 18.67325379914575 4.2
10022.4 50.42963110741352 16.885269630163926 4.2
10026.6 58.249724484374674 19.520008390127373 4.2
10030.8 69.06119870065113 23.16242360893417 4.2
10035.0 76.32353924105826 25.61957965970046 4.2
10039.2 75.29030251570545 25.293911809444385 4.2
10043.4 66.27103223881713 22.28250435110163 4.2
10047.6 56.66939552854778 19.070057388825226 4.2
10051.8 52.69356440122205 17.746961207738714 4.2
10056.0 61.841316348970885 20.845292811920025 4.2
10060.2 66.4875033607923 22.430140811657687 4.2
