3000.0 56006.54023783748 1680.1962071351245 4.2
3004.2 54612.94181622967 1642.9789528404322 4.2
3008.4 55807.182188217565 1683.6041981033982 4.2
3012.6 64727.720255121116 1958.1772470674828 4.2
3016.8 74371.78684841275 2256.2124948105165 4.2
3021.0 86258.87787083717 2624.1218653813366 4.2
3025.2 99544.45455717604 3036.7147575135045 4.2
3029.4 111551.65361921999 3412.463383529109 4.2
3033.6 121397.18698986719 3723.9513612472865 4.2
3037.8 131856.91155549337 4056.0191798991114 4.2
3042.0 145603.17166347645 4491.257960750995 4.2
3046.2 163150.5067824821 5046.427054967132 4.2
3050.4 182063.8281668984 5646.976754645039 4.2
3054.6 201547.1029121194 6268.505337614673 4.2
3058.8 222183.1356764844 6929.342054052123 4.2
3063.0 244482.20908959402 7645.748355766965 4.2
3067.2 265537.0118022174 8326.989173459957 4.2
3071.4 284346.8980311158 8941.28627502953 4.2
3075.6 302132.57372696156 9526.557651372601 4.2
3079.8 321271.5180804728 10157.71445153061 4.2
3084.0 341699.63584317715 10833.081238946885 4.2
3088.2 362668.9855068078 11529.22195256762 4.2
3092.4 383221.5521220784 12215.746170780105 4.2
3096.6 402823.720040424 12875.49694070742 4.2
3100.8 423523.72526590846 13573.879828459614 4.2
3105.0 445153.7596821618 14305.79508646571 4.2
3109.2 466680.803196591 15038.204971989182 4.2
3113.4 488489.70189348457 15783.524909468566 4.2
3117.6 509814.83545187226 16517.031612601433 4.2
3121.8 531308.9138074745 17259.809579094155 4.2
3126.0 554052.995642177 18047.123902812982 4.2
3130.2 577384.4461919065 18857.668631064993 4.2
3134.4 601035.9057303622 19682.85077964119 4.2
3138.6 623748.212269051 20481.417006507207 4.2
3142.8 643830.8249992374 21197.46857007645 4.2
3147.0 661027.8676659104 21821.871798223063 4.2
3151.2 676172.2121622917 22381.4387026409 4.2
3155.4 690647.4494773473 22921.550943166083 4.2
3159.6 705701.506280183 23483.563535385863 4.2
3163.8 721604.4641801583 24076.646700992012 4.2
3168.0 738323.8691517027 24699.945784510597 4.2
3172.2 755134.1882593196 25329.347369687963 4.2
3176.4 770802.0837242502 25923.40232179721 4.2
3180.6 784988.230820796 26470.369276789304 4.2
3184.8 798055.188667615 26982.115686245274 4.2
3189.0 810782.2198937834 27484.763226934763 4.2
3193.2 823927.5286383963 28003.99555206586 4.2
3197.4 838176.1779647785 28563.274922763205 4.2
3201.6 851355.8255972717 29088.679057470297 4.2
3205.8 860431.7065608997 29475.962816845877 4.2
3210.0 864496.4016272698 29692.857906691836 4.2
3214.2 865971.2248832146 29821.398073864297 4.2
3218.4 867619.3226919699 29956.288190012903 4.2
3222.6 871461.9893715385 30167.547137443147 4.2
3226.8 878571.595299125 30492.989203837846 4.2
3231.0 887898.5334980756 30896.977741856677 4.2
3235.2 897269.6682610186 31304.300222894777 4.2
3239.4 904923.9843203569 31653.37333040992 4.2
3243.6 911453.8237284328 31964.506224043624 4.2
3247.8 918812.0871121571 32306.06034775653 4.2
3252.0 927368.1600119043 32691.285618928447 4.2
3256.2 935300.379999866 33056.129406697284 4.2
3260.4 942296.2999095368 33389.352721453884 4.2
3264.6 946658.4201855337 33630.39745664717 4.2
3268.8 947075.4001170814 33731.83753986799 4.2
3273.0 944585.4336927447 33729.66283803702 4.2
3277.2 946453.6759738185 33883.16728891087 4.2
3281.4 954726.3459298495 34266.993326921176 4.2
3285.6 966326.4676827176 34772.18647677523 4.2
3289.8 975668.4514921434 35198.16315046895 4.2
3294.0 979052.6901159033 35410.49518243481 4.2
3298.2 976030.2547278783 35391.257989661506 4.2
3302.4 969683.2716294773 35250.72065481088 4.2
3306.6 965245.825144925 35178.71730026563 4.2
3310.8 963978.5308521612 35221.836763716725 4.2
3315.0 964713.1295806244 35338.16547138546 4.2
3319.2 965211.3297895608 35446.06258874621 4.2
3323.4 963758.0611958649 35482.319322526826 4.2
3327.6 959725.4762771231 35423.2170329844 4.2
3331.8 955431.173078765 35353.7917988433 4.2
3336.0 954423.6026553492 35405.60337965569 4.2
3340.2 956895.0573762077 35586.72317379493 4.2
3344.4 960251.1262261277 35801.399184306785 4.2
3348.6 962566.4245861004 35977.91571161695 4.2
3352.8 963877.7585794381 36117.360164034406 4.2
3357.0 964163.2462452749 36218.62843745189 4.2
3361.2 962304.5627028062 36239.31666933935 4.2
3365.4 958587.7482014141 36189.61808906718 4.2
3369.6 955724.1400138488 36171.623354525545 4.2
3373.8 955869.4617617137 36267.364738970915 4.2
3378.0 958124.5412309488 36443.49332513191 4.2
3382.2 960290.6146098034 36616.767291250966 4.2
3386.4 960976.4476765771 36733.98125154621 4.2
3390.6 960674.2264810099 36813.5754891282 4.2
3394.8 960224.6878689127 36887.56603759049 4.2
3399.0 959636.8700068973 36956.25882066851 4.2
3403.2 957437.2268319419 36962.72660130104 4.2
3407.4 955403.915015761 36975.32500168059 4.2
3411.6 954836.5682874438 37044.522402393304 4.2
3415.8 955142.9760962465 37147.70602305648 4.2
3420.0 953500.7579477277 37175.08755086601 4.2
3424.2 950042.4453910602 37131.286787973084 4.2
3428.4 945040.1978092047 37026.44360432422 4.2
3432.6 938786.5491122435 36871.6013824589 4.2
3436.8 933212.9039640287 36742.44053718398 4.2
3441.0 930421.868592632 36722.14152351852 4.2
3445.2 930122.9869954716 36800.01536472644 4.2
3449.4 929578.6416791024 36868.20553885759 4.2
3453.6 925944.9840862645 36813.5754891282 4.2
3457.8 921742.292532689 36735.67295285174 4.2
3462.0 919701.9930766077 36743.45578236022 4.2
3466.2 919233.8719538596 36813.914556250566 4.2
3470.4 917779.146112123 36844.782740585775 4.2
3474.6 914963.193842851 36820.696554546026 4.2
3478.8 912250.965988978 36800.35430695457 4.2
3483.0 911444.662059665 36856.66200984377 4.2
3487.2 912085.4814613302 36971.579082825476 4.2
3491.4 913040.4946994906 37099.49516920946 4.2
3495.6 913670.9006680071 37214.48386037049 4.2
3499.8 914700.2569687081 37345.99201364977 4.2
3504.0 916906.5174176386 37525.97630452682 4.2
3508.2 919772.8085399672 37733.579031161455 4.2
3512.4 921843.7546590419 37909.14591724461 4.2
3516.6 921729.1261666196 37995.135705598856 4.2
3520.8 921294.6381366568 38067.994684663296 4.2
3525.0 922178.5411101535 38195.48244960618 4.2
3529.2 924384.6254836894 38378.14682310379 4.2
3533.4 926854.6760279132 38572.341221998846 4.2
3537.6 929154.2211795723 38760.02067178653 4.2
3541.8 930493.1653658366 38908.097902652655 4.2
3546.0 929753.4363761526 38969.42520130787 4.2
3550.2 926564.4116464693 38927.8125210058 4.2
3554.4 922292.4516777255 38840.06964680271 4.2
3558.6 918727.9013152518 38781.446170317846 4.2
3562.8 917044.4090215984 38801.8113638085 4.2
3567.0 916860.0209761857 38885.527971434225 4.2
3571.2 916644.4407398804 38967.98954107318 4.2
3575.4 915570.9047581139 39013.95691301041 4.2
3579.6 914922.3902353798 39077.9704362489 4.2
3583.8 914386.3293453219 39146.775928029354 4.2
3588.0 914391.9330603444 39238.82553961336 4.2
3592.2 915419.6649513458 39374.94861172729 4.2
3596.4 916695.8742433737 39522.09884504089 4.2
3600.6 916996.1249322337 39627.438441666876 4.2
3604.8 916614.8859349141 39703.42750327123 4.2
3609.0 916827.2028307405 39805.2173814442 4.2
3613.2 917844.7996015311 39942.20165955952 4.2
3617.4 918502.1690263929 40063.78716011458 4.2
3621.6 918781.6053803752 40169.09062581409 4.2
3625.8 919673.2729920724 40301.38765495234 4.2
3630.0 920246.1403943829 40419.97122454248 4.2
3634.2 920211.3945436055 40512.02947711019 4.2
3638.4 919899.4701379993 40591.95795151637 4.2
3642.6 919928.954159411 40687.03101664863 4.2
3646.8 919986.3050383416 40783.45363149125 4.2
3651.0 919902.0545260735 40873.704421079026 4.2
3655.2 919777.8879046189 40962.26850342744 4.2
3659.4 919825.5890362026 41058.58705881174 4.2
3663.6 919553.8224444231 41140.730612277024 4.2
3667.8 918556.6853841385 41190.399107430654 4.2
3672.0 917157.4743046103 41221.89948671351 4.2
3676.2 916691.054428978 41295.24052369183 4.2
3680.4 918330.9273937414 41463.69488106733 4.2
3684.6 923116.596650021 41774.95589038871 4.2
3688.8 931671.984294677 42258.29786623165 4.2
3693.0 943866.6459777396 42908.961135464204 4.2
3697.2 957536.5624278537 43629.4762971682 4.2
3701.4 972427.4583147821 44408.69386251775 4.2
3705.6 990567.7381017732 45339.841752948276 4.2
3709.8 1014435.0844302574 46537.60188172872 4.2
3714.0 1042628.1730752643 47939.334410842974 4.2
3718.2 1072881.5122537431 49441.99655365398 4.2
3722.4 1103242.9875766248 50956.078735820476 4.2
3726.6 1130950.7565965105 52353.77473417341 4.2
3730.8 1159047.724139588 53775.443399299606 4.2
3735.0 1191757.9080389799 55417.6365422436 4.2
3739.2 1229690.6323015727 57310.210022132625 4.2
3743.4 1261167.5352589206 58909.31869347032 4.2
3747.6 1293274.7372189816 60544.68165378156 4.2
3751.8 1337032.2923796878 62733.56959840372 4.2
3756.0 1392265.583258013 65471.45612457804 4.2
3760.2 1426551.2036876215 67233.85295775505 4.2
3764.4 1448790.9525790168 68434.64204937629 4.2
3768.6 1493706.143242691 70713.77136303337 4.2
3772.8 1587222.0490261784 75308.50045441359 4.2
3777.0 1699868.3392921314 80832.87021340533 4.2
3781.2 1768080.1820210128 84263.59814078598 4.2
3785.4 1747743.5141366697 83479.53090937459 4.2
3789.6 1670807.8662540044 79981.9521651264 4.2
3793.8 1624487.5613924542 77937.05659305364 4.2
3798.0 1676993.3247949674 80634.33339825248 4.2
3802.2 1833831.125470145 88370.63994649799 4.2
3806.4 2021903.4128833534 97649.04493734022 4.2
3810.6 2149228.190928775 104027.4612911742 4.2
3814.8 2160059.4632154694 104782.31758892894 4.2
3819.0 2057566.7727988516 100030.39874270851 4.2
3823.2 1889257.781599265 92050.04390817777 4.2
3827.4 1725224.2326362343 84242.64614272094 4.2
3831.6 1645117.5126252791 80507.43684228175 4.2
3835.8 1709579.6717566266 83845.54654315916 4.2
3840.0 1901458.3019413275 93460.47845702013 4.2
3844.2 2151678.1315940665 105990.75847549469 4.2
3848.4 2379166.536467053 117452.96915239985 4.2
3852.6 2528351.2858763826 125090.40539766871 4.2
3856.8 2597592.4765755814 128796.48179597057 4.2
3861.0 2592445.5974369827 128821.39565343295 4.2
3865.2 2515969.157865034 125293.3438740174 4.2
3869.4 2369026.9434654308 118232.26240437219 4.2
3873.6 2162517.8977524317 108160.32909261108 4.2
3877.8 1932530.8793311038 96867.03352026563 4.2
3882.0 1740644.942652337 87437.95665585026 4.2
3886.2 1661188.6679584254 83627.28549399509 4.2
3890.4 1731556.7975400863 87358.26499286457 4.2
3894.6 1928144.3125663719 97486.3926012579 4.2
3898.8 2178488.842348547 110381.42591193653 4.2
3903.0 2401508.632819205 121943.87740255259 4.2
3907.2 2561214.6080780607 130333.48258207415 4.2
3911.4 2652703.9976327736 135279.50329625176 4.2
3915.6 2687847.441010753 137366.2365631633 4.2
3919.8 2681152.011408612 137318.1677633383 4.2
3924.0 2645838.04705929 135800.07193632136 4.2
3928.2 2601154.0417301357 133792.57119824822 4.2
3932.4 2569767.781609694 132460.9910382609 4.2
3936.6 2558224.6449051513 132147.81905346733 4.2
3940.8 2539969.2900062744 131484.93620775317 4.2
3945.0 2476778.902401652 128487.23992516493 4.2
3949.2 2343359.922186866 121824.88216987568 4.2
3953.4 2145199.755821837 111760.41351386922 4.2
3957.6 1911954.0911323326 99820.55954997368 4.2
3961.8 1699198.6697521193 88901.27713741506 4.2
3966.0 1579748.075559199 82827.01307056811 4.2
3970.2 1604222.0620092037 84288.43688641404 4.2
3974.4 1768781.1707877251 93131.37179084787 4.2
3978.6 2014488.062261721 106292.83731627108 4.2
3982.8 2250340.611076949 118988.2288330446 4.2
3987.0 2431357.289564788 128830.88791434602 4.2
3991.2 2552056.4286186006 135511.45238857562 4.2
3995.4 2630248.152164954 139957.443195635 4.2
3999.6 2679317.2199575687 142868.3404430266 4.2
4003.8 2709196.4898906206 144765.1417744664 4.2
4008.0 2727732.8190611093 146061.5819343269 4.2
4012.2 2740438.798630376 147049.65163914373 4.2
4016.4 2747788.729740026 147752.89534146353 4.2
4020.6 2750524.502193373 148209.48561877728 4.2
4024.8 2749721.0990147875 148475.91146248623 4.2
4029.0 2746620.896902685 148618.20102232895 4.2
4033.2 2743403.811530714 148753.77642083733 4.2
4037.4 2738379.8935264447 148790.77298942034 4.2
4041.6 2728717.6308367024 148574.4051017097 4.2
4045.8 2713741.24027411 148066.2236233248 4.2
4050.0 2697585.4363278765 147490.48373122668 4.2
4054.2 2678396.7917353804 146745.23227404605 4.2
4058.4 2651597.2265957417 145578.08427078178 4.2
4062.6 2614960.459613068 143863.95651478006 4.2
4066.8 2568382.0435381206 141593.7226592222 4.2
4071.0 2507119.587651868 138501.98572685834 4.2
4075.2 2420958.8045796556 134018.2676966262 4.2
4079.4 2297421.4502110733 127441.83026815036 4.2
4083.6 2128937.267396858 118339.0286006303 4.2
4087.8 1921949.5170565716 107053.28538333584 4.2
4092.0 1706561.739341355 95251.53869392902 4.2
4096.2 1543728.592991552 86339.99118890417 4.2
4100.4 1497796.4779959882 83942.90602402607 4.2
4104.6 1589994.320832965 89292.70921087933 4.2
4108.8 1782802.566478466 100325.65411976949 4.2
4113.0 1998130.4386090524 112673.03687272675 4.2
4117.2 2176753.8763042386 122996.28666084987 4.2
4121.4 2297395.262678266 130078.04467150308 4.2
4125.6 2374253.1229565255 134703.847343323 4.2
4129.8 2423568.029381161 137781.84627636574 4.2
4134.0 2457447.8487923485 139992.25202718633 4.2
4138.2 2482483.1076797135 141705.9219579854 4.2
4142.4 2501503.9243416204 143081.66985430918 4.2
4146.6 2513349.982273746 144050.90795845207 4.2
4150.8 2516898.1329570953 144546.63969757073 4.2
4155.0 2512460.2444047933 144583.92156970158 4.2
4159.2 2502082.6180228875 144277.9623129473 4.2
4163.4 2487900.337241782 143750.04853679726 4.2
4167.6 2472664.512977505 143158.12446456795 4.2
4171.8 2459700.8724835273 142694.75166819122 4.2
4176.0 2452676.526925977 142573.8902960849 4.2
4180.2 2453619.038787435 142915.71947495727 4.2
4184.4 2460474.4968494703 143603.1610914368 4.2
4188.6 2467217.7335019414 144285.9356281025 4.2
4192.8 2466226.507520578 144517.35354223434 4.2
4197.0 2459616.0384795107 144418.88910384412 4.2
4201.2 2453208.953654229 144331.1260711144 4.2
4205.4 2450522.158908844 144461.46008502087 4.2
4209.6 2446851.390249847 144533.32707313725 4.2
4213.8 2439885.337423867 144409.57837411616 4.2
4218.0 2429696.92424717 144093.37046823232 4.2
4222.2 2417818.25294768 143674.6010911818 4.2
4226.4 2405958.0976393363 143254.4098888204 4.2
4230.6 2397890.3757696734 143057.95086465715 4.2
4234.8 2394084.340118293 143114.61941963114 4.2
4239.0 2388924.484253979 143089.5770580745 4.2
4243.2 2378779.8439227776 142764.42483552138 4.2
4247.4 2365565.2363146553 142252.53026810632 4.2
4251.6 2353165.42106406 141786.86497266515 4.2
4255.8 2342085.9794641123 141398.23876876823 4.2
4260.0 2333361.65417927 141149.7131846124 4.2
4264.2 2325616.623277862 140958.73707240645 4.2
4268.4 2316535.8854880435 140685.06643502504 4.2
4272.6 2305689.290808808 140302.04460620214 4.2
4276.8 2294306.163871654 139883.98630506953 4.2
4281.0 2281428.1665490335 139372.1501088188 4.2
4285.2 2264284.857669754 138596.41603528257 4.2
4289.4 2242498.4927818025 137532.07645354728 4.2
4293.6 2217165.387624459 136244.82016445228 4.2
4297.8 2189902.86433491 134832.93866163047 4.2
4302.0 2161207.383665418 133326.35311934052 4.2
4306.2 2128770.5894717965 131581.85359035205 4.2
4310.4 2085441.9559042547 129155.2308486923 4.2
4314.6 2020822.536005466 125397.24642297898 4.2
4318.8 1924274.6975412506 119638.78668761766 4.2
4323.0 1787568.8729315384 111355.58402501263 4.2
4327.2 1616528.3215690942 100896.47647702476 4.2
4331.4 1438602.0350713446 89965.5004202744 4.2
4335.6 1301436.0706556558 81545.50000611173 4.2
4339.8 1264380.6003747156 79377.24107423658 4.2
4344.0 1342757.6074185297 84460.95739514582 4.2
4348.2 1504548.6360716957 94820.88403054455 4.2
4352.4 1689427.8588282377 106678.27881158043 4.2
4356.6 1846026.2846541093 116791.70537845728 4.2
4360.8 1955658.0350915408 123966.40301983367 4.2
4365.0 2025950.166874401 128669.61456081836 4.2
4369.2 2066623.6961653824 131505.52517685422 4.2
4373.4 2086617.53892697 133033.18842406652 4.2
4377.6 2093867.0529083204 133751.9122985609 4.2
4381.8 2095039.196453443 134083.7044213937 4.2
4386.0 2095057.7562580963 134342.0589230199 4.2
4390.2 2094906.4981169868 134589.75420655776 4.2
4394.4 2094720.4987318923 134835.42239902256 4.2
4398.6 2095213.6507282574 135125.09117513616 4.2
4402.8 2096154.738136953 135444.0713897742 4.2
4407.0 2095594.0355738539 135666.3060180297 4.2
4411.2 2093378.4891737557 135781.31175898184 4.2
4415.4 2092575.557015986 135987.8163284513 4.2
4419.6 2095035.2033626742 136406.79345900365 4.2
4423.8 2100381.9920796743 137014.9637048642 4.2
4428.0 2104311.508274935 137532.07645354728 4.2
4432.2 2099745.000662718 137494.08018608164 4.2
4436.4 2087602.7557590865 136958.1875212264 4.2
4440.6 2074330.4640453043 136345.24605158306 4.2
4444.8 2065992.8139755814 136054.21471922117 4.2
4449.0 2061885.019136757 136040.43125556773 4.2
4453.2 2057125.813669464 135982.80644443733 4.2
4457.4 2049415.5978972968 135728.79704878957 4.2
4461.6 2039238.358709301 135309.4098880255 4.2
4465.8 2026519.1682847966 134718.73618549688 4.2
4470.0 2011454.4785685868 133968.9026361036 4.2
4474.2 1996413.3612328838 133217.1075835913 4.2
4478.4 1985690.2001872463 132750.44940831707 4.2
4482.6 1983468.378594224 132850.74677777162 4.2
4486.8 1988418.6703570394 133432.00132920253 4.2
4491.0 1995478.9213085 134156.5866588792 4.2
4495.2 1999011.1501458022 134645.54855327695 4.2
4499.4 1997009.1132324494 134762.17137556305 4.2
4503.6 1992606.9180704132 134716.25459752337 4.2
4507.8 1988382.7017639177 134681.51716528914 4.2
4512.0 1983111.2249605383 134574.8796192101 4.2
4516.2 1975144.7188483074 134283.91671222108 4.2
4520.4 1965293.9726488618 133862.82932085812 4.2
4524.6 1956090.1779516584 133483.62738817223 4.2
4528.8 1949732.2305675289 133296.88483018964 4.2
4533.0 1945421.9721030162 133249.01275109433 4.2
4537.2 1939016.067766022 133056.47079915073 4.2
4541.4 1927301.8730702056 132497.59641965327 4.2
4545.6 1912594.1450874105 131729.79015641822 4.2
4549.8 1899663.3411174854 131081.07669396818 4.2
4554.0 1893490.8123303712 130896.48967897113 4.2
4558.2 1895424.5488249857 131271.96916743083 4.2
4562.4 1899829.1088165867 131819.6031987934 4.2
4566.6 1900917.6804073548 132138.08240103873 4.2
4570.8 1896866.7212182165 132099.1429647686 4.2
4575.0 1890040.2716554347 131865.74720306013 4.2
4579.2 1883154.8389885526 131626.7020370615 4.2
4583.4 1877922.7961986426 131501.89159511178 4.2
4587.6 1875867.5320090514 131598.82147550554 4.2
4591.8 1878050.7646845952 131993.33437057215 4.2
4596.0 1882752.4208325814 132565.95353256504 4.2
4600.2 1885575.069479192 133007.46001243513 4.2
4604.4 1883246.4794265206 133085.88593934732 4.2
4608.6 1875958.487276229 132812.8205738934 4.2
4612.8 1866517.235743826 132385.3719606815 4.2
4617.0 1856579.30707749 131920.41230935452 4.2
4621.2 1847428.8668749556 131509.1588589976 4.2
4625.4 1841054.5749064886 131293.73404284994 4.2
4629.6 1836615.7994592888 131215.15566788721 4.2
4633.8 1834605.4709454854 131309.45536375305 4.2
4638.0 1835539.6324985053 131614.5793280639 4.2
4642.2 1837830.9468147068 132017.6506808462 4.2
4646.4 1835523.9913370796 132090.6264928232 4.2
4650.6 1828198.2133186467 131801.39290554708 4.2
4654.8 1819747.801743319 131429.2410401803 4.2
4659.0 1811789.897962712 131090.7354604665 4.2
4663.2 1805265.8639842232 130854.30043661903 4.2
4667.4 1800973.0373375197 130778.39406443086 4.2
4671.6 1799077.8440840114 130875.9960626169 4.2
4675.8 1797998.8162646058 131032.79353529341 4.2
4680.0 1795269.069644512 131069.00423660652 4.2
4684.2 1790615.7296204704 130964.02076154566 4.2
4688.4 1785911.5260994409 130854.30043661903 4.2
4692.6 1779976.145756234 130653.18463516718 4.2
4696.8 1773066.8902186966 130379.10636359395 4.2
4701.0 1766789.2671122537 130149.94832136601 4.2
4705.2 1763116.777104678 130111.59476328289 4.2
4709.4 1761011.109594492 130188.31318509245 4.2
4713.6 1758894.5547206963 130263.87706264174 4.2
4717.8 1755182.186743041 130220.69233521224 4.2
4722.0 1748933.4705846568 129988.2209691058 4.2
4726.2 1740961.0825830118 129625.96425000933 4.2
4730.4 1732676.6498716357 129238.52715194834 4.2
4734.6 1725721.3306000438 128948.41254355822 4.2
4738.8 1721680.2404894312 128874.79872008029 4.2
4743.0 1719344.9026320225 128928.22392503402 4.2
4747.2 1716635.9240775364 128953.16326614867 4.2
4751.4 1711630.702305898 128804.78587971223 4.2
4755.6 1703329.303571964 128406.79315733143 4.2
4759.8 1694571.2947245715 127972.30723796383 4.2
4764.0 1687398.8511977827 127655.63785844704 4.2
4768.2 1681869.6278958581 127461.78613519677 4.2
4772.4 1677874.912905307 127383.15464802843 4.2
4776.6 1674277.7512123773 127333.8880047543 4.2
4780.8 1670183.1700870334 127245.95924406212 4.2
4785.0 1665686.9011611412 127126.47356179416 4.2
4789.2 1661985.793122099 127066.77280175057 4.2
4793.4 1657913.666883896 126977.85897930175 4.2
4797.6 1651525.1172765177 126710.32358711198 4.2
4801.8 1642075.4953026972 126205.99932219191 4.2
4806.0 1633223.8818742996 125745.36910013191 4.2
4810.2 1625470.1058364012 125367.2212838133 4.2
4814.4 1616608.7083526335 124901.59949423035 4.2
4818.6 1603642.2956692777 124116.06552207825 4.2
4822.8 1585691.6900466385 122940.79013920038 4.2
4827.0 1563603.5834840876 121439.50826441603 4.2
4831.2 1536410.3407997235 119535.25160194705 4.2
4835.4 1497450.3870017775 116706.7566698887 4.2
4839.6 1437005.1302435794 112190.4784169684 4.2
4843.8 1346954.2625593287 105342.59196207783 4.2
4848.0 1226817.6978330265 96113.41313736733 4.2
4852.2 1089682.2275821737 85517.69763700086 4.2
4856.4 971709.287832174 76391.31745611118 4.2
4860.6 916248.9492623672 72155.92525239711 4.2
4864.8 951041.0741266476 75025.34479594188 4.2
4869.0 1059053.0264223597 83690.4686831071 4.2
4873.2 1195519.8286841265 94637.66143020676 4.2
4877.4 1316571.673461666 104399.88012574748 4.2
4881.6 1400041.3868678547 111210.04077943042 4.2
4885.8 1454045.1239645288 115698.57233532079 4.2
4890.0 1489236.0356456193 118702.53669320536 4.2
4894.2 1513623.3868013462 120853.71360695089 4.2
4898.4 1530822.235681807 122436.80834989873 4.2
4902.6 1539998.6245794045 123382.05517165497 4.2
4906.8 1541702.3752755725 123730.28121657566 4.2
4911.0 1538669.646358411 123698.37658656698 4.2
4915.2 1534839.1437419136 123601.57363110302 4.2
4919.4 1531556.3530012844 123548.07981980816 4.2
4923.6 1530903.1924046336 123706.35197272216 4.2
4927.8 1534076.821878307 124174.37992860567 4.2
4932.0 1539228.5808347918 124803.85492953304 4.2
4936.2 1542423.947222303 125276.03515453823 4.2
4940.4 1542172.7631459583 125468.87385405433 4.2
4944.6 1539568.1772092248 125470.02947041161 4.2
4948.8 1535682.5500098583 125366.06661435106 4.2
4953.0 1530793.4622280605 125179.15050404127 4.2
4957.2 1526175.1317624669 125013.23682106902 4.2
4961.4 1523494.0768936332 125005.17717964896 4.2
4965.6 1521744.6723797878 125073.12471323852 4.2
4969.8 1519873.4593364855 125130.73628027456 4.2
4974.0 1517573.355309418 125152.63563314396 4.2
4978.2 1515139.337007825 125163.0103484881 4.2
4982.4 1511708.5623773907 125090.40539766871 4.2
4986.6 1505927.9342768618 124822.24806049443 4.2
4990.8 1498362.5918383063 124404.47419639435 4.2
4995.0 1491908.7792415463 124077.20446598687 4.2
4999.2 1485662.739626419 123765.61379855871 4.2
5003.4 1478627.592576114 123386.60081828469 4.2
5007.6 1470665.8002815475 122928.33517838905 4.2
5011.8 1462937.562863366 122487.56467809428 4.2
5016.0 1457049.1405790655 122199.09793849758 4.2
5020.2 1454196.9049693265 122164.21256514022 4.2
5024.4 1454255.9214649603 122373.67429088954 4.2
5028.6 1455241.5045957419 122661.42338183011 4.2
5032.8 1454634.5894848565 122815.16612183065 4.2
5037.0 1451902.1655379983 122789.15197921214 4.2
5041.2 1448389.6059875677 122696.45073936286 4.2
5045.4 1445340.0898002486 122642.2190765167 4.2
5049.6 1442272.425247913 122585.7532501683 4.2
5053.8 1439226.518683972 122530.44196318672 4.2
5058.0 1437154.9818874495 122557.5300868001 4.2
5062.2 1436172.662663672 122677.24095004273 4.2
5066.4 1435179.7721943185 122795.9377460113 4.2
5070.6 1433225.57918824 122832.13483620263 4.2
5074.8 1430458.9269290254 122798.19975161027 4.2
5079.0 1428383.514056969 122823.08456346818 4.2
5083.2 1426628.3817670827 122875.13273952226 4.2
5087.4 1424273.7936218951 122875.13273952226 4.2
5091.6 1421060.9292588702 122800.4617988783 4.2
5095.8 1417596.0870789457 122703.23138315963 4.2
5100.0 1414662.699216835 122651.25602209961 4.2
5104.2 1412751.8619162939 122687.4104638338 4.2
5108.4 1411716.4074782114 122799.33077003573 4.2
5112.6 1409735.4579422614 122828.74090578088 4.2
5116.8 1405945.1262415084 122699.84101442272 4.2
5121.0 1400617.9989698934 122435.68067041274 4.2
5125.2 1394426.4748235208 122094.47169278994 4.2
5129.4 1389069.9613396535 121824.88216987568 4.2
5133.6 1385610.616239236 121720.57632580452 4.2
5137.8 1383524.5372883875 121736.27256889244 4.2
5142.0 1380222.5229822232 121644.36621381251 4.2
5146.2 1375573.9216283574 121432.79745460999 4.2
5150.4 1369970.8803581872 121135.65724507476 4.2
5154.6 1363261.9581401355 120739.11827657155 4.2
5158.8 1354502.691637682 120158.91551872967 4.2
5163.0 1343931.1016494534 119415.30714121556 4.2
5167.2 1334070.2875247092 118732.05921455279 4.2
5171.4 1328681.8194492483 118444.80028703905 4.2
5175.6 1328409.113301883 118612.92069580375 4.2
5179.8 1329288.5751436725 118884.16176976309 4.2
5184.0 1327661.2168622734 118931.25452913836 4.2
5188.2 1324048.3242870544 118799.87946284705 4.2
5192.4 1322832.853004404 118883.06681121067 4.2
5196.6 1323788.7218463416 119161.51057506075 4.2
5200.8 1324063.9115056705 119379.01742085988 4.2
5205.0 1322183.664045692 119402.10960305828 4.2
5209.2 1320332.1271801689 119427.40616597203 4.2
5213.4 1318509.1849512695 119454.90850868795 4.2
5217.6 1314872.6495999673 119317.46009972614 4.2
5221.8 1308232.0570068937 118906.0630587793 4.2
5226.0 1299805.7203604907 118330.30938000036 4.2
5230.2 1292887.2778796917 117889.73731672076 4.2
5234.4 1290623.1182817256 117872.36572302524 4.2
5238.6 1292524.4808041414 118235.52932764475 4.2
5242.8 1294978.843331287 118650.07033488664 4.2
5247.0 1294813.2242859793 118825.04843712106 4.2
5251.2 1290946.1776797539 118659.90601033157 4.2
5255.4 1283836.4484827213 118195.24358201602 4.2
5259.6 1274828.6683197145 117553.61796179613 4.2
5263.8 1265897.3631495757 116916.55225741465 4.2
5268.0 1259208.7189344817 116484.4624904507 4.2
5272.2 1256242.5555261704 116395.44900988096 4.2
5276.4 1256567.524593664 116611.12897244057 4.2
5280.6 1258840.5150120899 117008.11960132916 4.2
5284.8 1261862.8133157333 117475.68876780636 4.2
5289.0 1263787.6897225014 117841.97159331292 4.2
5293.2 1263573.9011556413 118009.23634774619 4.2
5297.4 1260850.8638141654 117941.8674602834 4.2
5301.6 1255484.454318651 117626.18184065452 4.2
5305.8 1247715.3094999564 117083.58184741616 4.2
5310.0 1238968.3508145297 116446.91838800522 4.2
5314.2 1231474.6168657823 115925.77287210735 4.2
5318.4 1227165.8446571706 115702.8349067674 4.2
5322.6 1225331.4922540637 115712.42626671339 4.2
5326.8 1224516.02372957 115817.98371657869 4.2
5331.0 1223995.6931531092 115951.40088434024 4.2
5335.2 1224830.0869168516 116213.3445233189 4.2
5339.4 1226762.0721288498 116579.98631424522 4.2
5343.6 1228709.9420502307 116948.8619582012 4.2
5347.8 1229269.0319516002 117186.0727456155 4.2
5352.0 1227091.7752509122 117162.33003158902 4.2
5356.2 1222958.4000673057 116951.01625569274 4.2
5360.4 1218548.6073640515 116712.131338408 4.2
5364.6 1215163.0749598865 116570.32304256882 4.2
5368.8 1213363.1552412142 116579.98631424522 4.2
5373.0 1212203.61155396 116650.87478739054 4.2
5377.2 1210489.0767592327 116668.06636226564 4.2
5381.4 1207832.4850526908 116593.94578755203 4.2
5385.6 1204828.0394594036 116485.53535693916 4.2
5389.8 1201522.6291205415 116347.21712915134 4.2
5394.0 1197631.941843868 116151.2799636187 4.2
5398.2 1193293.6044468419 115910.82581423578 4.2
5402.4 1189640.6108100945 115735.87516061489 4.2
5406.6 1187049.3500732603 115663.41211226395 4.2
5410.8 1185065.328150382 115649.56404920158 4.2
5415.0 1182966.1911748655 115624.00275007472 4.2
5419.2 1180339.3779936037 115546.28852007513 4.2
5423.4 1177589.6533379396 115455.86516505486 4.2
5427.6 1175518.8215755948 115431.40983565712 4.2
5431.8 1174080.0625450357 115468.62652405385 4.2
5436.0 1173119.7829650429 115552.67402038728 4.2
5440.2 1172453.2167125717 115665.54273067618 4.2
5444.4 1171691.2969403383 115768.92484948075 4.2
5448.6 1169540.8689832962 115734.80919871925 4.2
5452.8 1166428.4859128217 115604.83548338329 4.2
5457.0 1163079.3555694383 115450.54834839872 4.2
5461.2 1159634.40427072 115285.84841821365 4.2
5465.4 1157063.915572888 115207.30036816662 4.2
5469.6 1155159.943792127 115194.56789040474 4.2
5473.8 1153058.666203726 115161.68216884545 4.2
5478.0 1150210.1584343528 115053.5437867158 4.2
5482.2 1148099.4374019685 115018.57958463996 4.2
5486.4 1146806.957759308 115065.20088251057 4.2
5490.6 1145285.1859858758 115088.51861746947 4.2
5494.8 1142492.8098552728 114983.62600801287 4.2
5499.0 1138974.0132388365 114804.78775101063 4.2
5503.2 1135791.6245805866 114658.9604641807 4.2
5507.4 1133715.317128648 114624.11617402214 4.2
5511.6 1132426.1037053866 114668.4652905909 4.2
5515.8 1130670.9489799934 114665.29692757741 4.2
5520.0 1127475.4631648834 114515.42784273089 4.2
5524.2 1123027.6978812867 114237.3184134197 4.2
5528.4 1119052.181317778 114006.07656344607 4.2
5532.6 1116705.6408467863 113939.94356169937 4.2
5536.8 1115905.921767256 114031.28018342123 4.2
5541.0 1115580.6029334485 114171.05127217778 4.2
5545.2 1114917.739489125 114276.25513719504 4.2
5549.4 1113743.532378042 114328.8934169889 4.2
5553.6 1112274.708378026 114351.00872413721 4.2
5557.8 1110635.1799254948 114355.22164859115 4.2
5562.0 1108162.0816086333 114273.09761119982 4.2
5566.2 1104606.6177077463 114078.55198966604 4.2
5570.4 1100354.161774882 113810.9372928369 4.2
5574.6 1096402.0371455778 113573.23596032146 4.2
5578.8 1093270.6023942921 113419.57092930684 4.2
5583.0 1091023.2334176162 113356.91027349397 4.2
5587.2 1089102.6614689326 113327.68048232532 4.2
5591.4 1086616.0873767317 113238.99334907997 4.2
5595.6 1084016.5973265527 113137.87046935258 4.2
5599.8 1081773.2107813407 113073.28253793875 4.2
5604.0 1079794.227641487 113035.79678981003 4.2
5608.2 1077165.0868212632 112929.6546428964 4.2
5612.4 1074583.1412793146 112827.7688169466 4.2
5616.6 1072482.6211477367 112775.82167142633 4.2
5620.8 1070495.8544935307 112735.31950168809 4.2
5625.0 1067854.7926359961 112625.31016082772 4.2
5629.2 1065035.0407118131 112495.72009304655 4.2
5633.4 1062341.325007605 112378.69900195286 4.2
5637.6 1059509.2136218825 112246.29116989512 4.2
5641.8 1056705.290422191 112116.10458051869 4.2
5646.0 1053628.494147882 111956.1615151873 4.2
5650.2 1050049.1147019342 111741.88672357894 4.2
5654.4 1046242.117677665 111502.3447163453 4.2
5658.6 1043304.9411873448 111354.55840690352 4.2
5662.8 1040635.9090321937 111234.62627249987 4.2
5667.0 1037535.1753570583 111067.7566339582 4.2
5671.2 1034606.7988782759 110918.50311870243 4.2
5675.4 1032543.3714278575 110861.30842851504 4.2
5679.6 1030219.4709121803 110775.57168638808 4.2
5683.8 1026804.3014704586 110571.7033696684 4.2
5688.0 1024259.6852652046 110460.75314238967 4.2
5692.2 1022663.963936595 110451.59709167432 4.2
5696.4 1020761.541744137 110408.87888887803 4.2
5700.6 1017541.4695269587 110222.9423163246 4.2
5704.8 1014482.1450823367 110053.53576790883 4.2
5709.0 1012178.6412836363 109965.38523456996 4.2
5713.2 1010430.3899157743 109937.02996943056 4.2
5717.4 1008546.9028757648 109893.49861916115 4.2
5721.6 1006167.4629231081 109795.36327977826 4.2
5725.8 1002981.4625140317 109608.44083138743 4.2
5730.0 999511.9959061417 109389.59136795587 4.2
5734.2 996826.5161198858 109255.67386335408 4.2
5738.4 995028.7266087625 109218.4477747935 4.2
5742.6 993235.2435746958 109181.23437007373 4.2
5746.8 990515.0725657243 109041.54591636061 4.2
5751.0 986730.4250262849 108783.74354683256 4.2
5755.2 983504.641328106 108586.54125142476 4.2
5759.4 981356.4259783225 108507.5605873678 4.2
5763.6 980025.9812890849 108518.55445149828 4.2
5767.8 979104.1003338704 108574.54048656696 4.2
5772.0 978121.0600942591 108623.55196054459 4.2
5776.2 976474.2838588955 108598.54334272943 4.2
5780.4 974023.5782406951 108483.57784055328 4.2
5784.6 971597.9464773536 108370.7302883615 4.2
5788.8 969661.526539522 108311.85653867798 4.2
5793.0 968389.7806658908 108326.82140836582 4.2
5797.2 967780.0999486888 108415.65550674511 4.2
5801.4 967911.4635325915 108587.54137503536 4.2
5805.6 967321.9319318575 108678.59119367256 4.2
5809.8 966048.410439908 108692.60563262219 4.2
5814.0 965408.6813430527 108777.73210110648 4.2
5818.2 965312.5727950507 108924.10496443536 4.2
5822.4 964044.7152513454 108938.15106314163 4.2
5826.6 961592.0092177541 108817.8146816384 4.2
5830.8 959986.143604522 108792.76133832805 4.2
5835.0 958869.5646348961 108822.82604258781 4.2
5839.2 958187.6157176065 108902.0361825907 4.2
5843.4 957507.1425523323 108981.30397820142 4.2
5847.6 955894.4495515953 108954.20596529362 4.2
5851.8 953485.966676793 108835.8566611643 4.2
5856.0 951110.8119139461 108720.6399323687 4.2
5860.2 949004.7332450028 108635.55814265004 4.2
5864.4 946093.5562757306 108457.60251322448 4.2
5868.6 942949.0691801246 108252.01773037256 4.2
5872.8 940006.4478442622 108068.71811443017 4.2
5877.0 936357.8877813153 107803.28625415456 4.2
5881.2 929234.568415412 107136.14119516355 4.2
5885.4 920978.0611550143 106335.92174704593 4.2
5889.6 914301.9678806793 105715.82418442995 4.2
5893.8 910865.9463945032 105468.79885013806 4.2
5898.0 911262.9607834112 105665.20501349297 4.2
5902.2 914107.792465296 106146.08972763688 4.2
5906.4 916979.3251799042 106631.12715874404 4.2
5910.6 917702.9247389098 106867.0940169614 4.2
5914.8 916062.5445479554 106827.72997611313 4.2
5919.0 913617.8472061693 106694.00066211073 4.2
5923.2 911852.221673607 106638.9843200114 4.2
5927.4 910996.6565878544 106690.06998227032 4.2
5931.6 910117.660349694 106738.2307901832 4.2
5935.8 908261.1452777772 106671.40123048268 4.2
5940.0 905149.6019332738 106456.45498257622 4.2
5944.2 901360.3043830775 106160.75536491339 4.2
5948.4 897885.4310336991 105900.98510716783 4.2
5952.6 894952.230315404 105704.14068541376 4.2
5956.8 892678.7918254482 105584.4592430076 4.2
5961.0 891675.8635896004 105614.61008018069 4.2
5965.2 891610.6274179651 105755.75255057076 4.2
5969.4 890659.8848601476 105791.79841178149 4.2
5973.6 887730.1663418916 105592.23928009243 4.2
5977.8 884770.2134636575 105388.20316658987 4.2
5982.0 882731.1195064913 105293.12128434335 4.2
5986.2 881468.5253152857 105290.2119680801 4.2
5990.4 880151.8563160897 105280.51482775564 4.2
5994.6 878320.1293051691 105208.78374140695 4.2
5998.8 876154.0828918527 105096.43875658311 4.2
6003.0 874114.9901816853 104998.71884407377 4.2
6007.2 872451.054864669 104945.54324710359 4.2
6011.4 870582.6359022631 104867.27912664086 4.2
6015.6 868799.0820845771 104798.72524718543 4.2
6019.8 867171.7662119549 104748.54520433853 4.2
6024.0 865205.6131663056 104656.9321633736 4.2
6028.2 863268.6099281913 104568.28853581315 4.2
6032.4 861804.9657279435 104536.5107508727 4.2
6036.6 860717.1489625107 104549.99105579597 4.2
6040.8 859235.7537391944 104515.33092615604 4.2
6045.0 857599.7471941678 104461.43800654319 4.2
6049.2 855471.1496401253 104347.00780491902 4.2
6053.4 852767.2435056859 104161.6857760134 4.2
6057.6 850417.268110394 104018.83849362511 4.2
6061.8 848965.5119195519 103985.31218595052 4.2
6066.0 848048.0166035321 104016.92241345826 4.2
6070.2 846960.6901611384 104027.4612911742 4.2
6074.4 845673.0311343323 104013.09035900772 4.2
6078.6 843898.3218131261 103938.39350827638 4.2
6082.8 841895.4844749154 103835.0556506984 4.2
6087.0 840161.2579754771 103764.30940335063 4.2
6091.2 838616.7563759002 103716.53517421447 4.2
6095.4 836551.7909246823 103603.8751841221 4.2
6099.6 833893.4128088151 103417.01541394819 4.2
6103.8 831382.090860224 103247.60826599535 4.2
6108.0 829543.5635125533 103161.10846963 4.2
6112.2 829067.9787595934 103243.80455360336 4.2
6116.4 828753.7288280765 103346.5539911985 4.2
6120.6 825956.6588875407 103139.25735894924 4.2
6124.8 821458.1281090908 102718.34182595692 4.2
6129.0 817956.1310023272 102420.76138283798 4.2
6133.2 816678.2711019526 102400.95336696111 4.2
6137.4 815568.4121503287 102401.89651893954 4.2
6141.6 813134.1473397826 102236.03547467073 4.2
6145.8 809223.3551174608 101883.53381701592 4.2
6150.0 804916.8578419944 101479.89285242943 4.2
6154.2 801681.8344876051 101210.13403381543 4.2
6158.4 800433.8882270721 101190.56015138401 4.2
6162.6 800676.8935051421 101359.3927500576 4.2
6166.8 801267.4990034765 101572.46682263997 4.2
6171.0 801837.1281539579 101783.1763999292 4.2
6175.2 801957.2148146905 101937.03563514097 4.2
6179.4 801435.6141180613 102009.35463548388 4.2
6183.6 800472.6128957425 102025.32808089278 4.2
6187.8 799680.8912170548 102062.92252554708 4.2
6192.0 798493.4525295306 102049.76289441729 4.2
6196.2 796317.7566196368 101909.81190198442 4.2
6200.4 793395.6947982375 101673.55292544587 4.2
6204.6 791548.7687620885 101574.33787385607 4.2
6208.8 790332.6319877683 101555.62891257116 4.2
6213.0 788654.0674096755 101477.08889810587 4.2
6217.2 786117.705819014 101287.5345368069 4.2
6221.4 783655.1734145327 101106.71495198377 4.2
6225.6 781827.2939852271 101007.1227177673 4.2
6229.8 780227.1271810358 100936.44389924327 4.2
6234.0 777577.4525406135 100729.34269729149 4.2
6238.2 773611.052801442 100350.60612457035 4.2
6242.4 769842.8257751365 99996.31593171415 4.2
6246.6 767803.0995611319 99865.61940226401 4.2
6250.8 767181.3695477832 99918.9818421728 4.2
6255.0 767012.8266573997 100031.32006097141 4.2
6259.2 766696.7056451889 100124.41692874517 4.2
6263.4 765513.6847271632 100104.13102494612 4.2
6267.6 761725.8795514473 99742.44271896062 4.2
6271.8 755239.7732236579 99025.71799967471 4.2
6276.0 757738.554043003 99486.46509543771 4.2
6280.2 758574.6154738032 99729.58228226364 4.2
6284.4 755157.6300376232 99413.18775864638 4.2
6288.6 752262.3251238174 99164.44829265101 4.2
6292.8 749185.5574310204 98890.8249948212 4.2
6297.0 744454.00062331 98397.48541200538 4.2
6301.2 741765.6638108821 98172.98587211096 4.2
6305.4 743046.4607004607 98473.64191207377 4.2
6309.6 743569.5542148084 98674.28769144561 4.2
6313.8 742560.1061459477 98671.56125778648 4.2
6318.0 741989.9305790213 98727.01355224728 4.2
6322.2 742097.2015220557 98872.61030934977 4.2
6326.4 742109.4457881543 99005.65469992714 4.2
6330.6 741323.0568352048 99032.10262946722 4.2
6334.8 739352.3176937447 98899.93359585966 4.2
6339.0 736315.175112434 98624.315042147 4.2
6343.2 732973.7896756852 98306.89970143152 4.2
6347.4 730630.0321642351 98122.36335779773 4.2
6351.6 730679.5870247784 98258.92309184902 4.2
6355.8 732070.3361548155 98576.18352469939 4.2
6360.0 732343.8240051112 98743.38247825715 4.2
6364.2 730125.6674289019 98574.3677010187 4.2
6368.4 726822.8752366337 98258.01809789031 4.2
6372.6 724375.8055567106 98056.41248485933 4.2
6376.8 723921.8123602213 98124.17085517485 4.2
6381.0 725009.6138292626 98401.11057611303 4.2
6385.2 725571.5487953314 98607.05764548345 4.2
6389.4 724691.3872468533 98617.04840177907 4.2
6393.6 723279.7902654622 98554.39584798334 4.2
6397.8 722456.8871512372 98571.64402821279 4.2
6402.0 721908.1006045514 98626.13178590102 4.2
6406.2 720875.5047459082 98614.32354967813 4.2
6410.4 719023.3518205506 98489.96882909942 4.2
6414.6 716998.2486568005 98341.31244346073 4.2
6418.8 715414.2177585554 98252.58830917659 4.2
6423.0 714459.1633693532 98249.87352734023 4.2
6427.2 713762.3338411896 98282.45586070114 4.2
6431.4 712377.529560483 98220.01587742458 4.2
6435.6 710164.8432057899 98042.86642658953 4.2
6439.8 707666.268727724 97825.48280901514 4.2
6444.0 705586.3836517758 97665.23513629388 4.2
6448.2 703118.0648749693 97450.48390199013 4.2
6452.4 700329.9340030773 97190.54109340058 4.2
6456.6 698247.6635587761 97027.75881649203 4.2
6460.8 697956.9886291897 97113.58798934946 4.2
6465.0 698110.5420868483 97261.28430644625 4.2
6469.2 697551.2141299275 97309.67005278527 4.2
6473.4 695985.7821206065 97217.39954279437 4.2
6477.6 693529.6009452876 97000.05935185238 4.2
6481.8 690949.0145600392 96764.48732756109 4.2
6486.0 689070.0374015359 96626.44463711715 4.2
6490.2 688229.1995783816 96633.56459897556 4.2
6494.4 687693.9232836219 96683.41902399802 4.2
6498.6 684985.916364995 96427.29855105198 4.2
6502.8 683780.105029237 96382.01464714781 4.2
6507.0 681327.0651240089 96160.34216480618 4.2
6511.2 677827.4988176025 95789.96178517665 4.2
6515.4 673973.9141565086 95368.29096793369 4.2
6519.6 669988.5065231578 94926.61618283394 4.2
6523.8 665947.476988546 94475.6742381173 4.2
6528.0 661224.5401153205 93926.46984171239 4.2
6532.2 653452.9277233132 92941.99705996181 4.2
6536.4 640507.1941390872 91217.88534351665 4.2
6540.6 622291.7948188831 88737.66567102043 4.2
6544.8 597982.5287737789 85380.75680101519 4.2
6549.0 564405.54764389 80690.052865078 4.2
6553.2 521077.60643896216 74591.26973114727 4.2
6557.4 476806.2088359274 68341.42026125308 4.2
6561.6 448420.80174702016 64355.252704960316 4.2
6565.8 452207.7025557668 64981.839327682144 4.2
6570.0 488331.2482298681 70262.56498905811 4.2
6574.2 534923.195923024 77064.79012359837 4.2
6578.4 574492.9456190305 82871.27105979592 4.2
6582.6 601830.6806849105 86925.66063383961 4.2
6586.8 619030.8614271639 89524.10748803163 4.2
6591.0 630194.5331924751 91254.85933692711 4.2
6595.2 638265.4180877542 92541.38606882587 4.2
6599.4 644098.5921031237 93506.11214346034 4.2
6603.6 647696.7785405323 94148.19539430695 4.2
6607.8 649560.302672835 94539.21677480235 4.2
6612.0 649967.3855769853 94718.759149708 4.2
6616.2 649680.758924911 94797.30698158666 4.2
6620.4 649933.3084524893 94954.59811245388 4.2
6624.6 650941.4607909361 95222.59222311874 4.2
6628.8 651429.5016520214 95414.8561766531 4.2
6633.0 650610.7878981681 95415.73498400222 4.2
6637.2 649249.2336645378 95336.67473061805 4.2
6641.4 648195.4513104707 95302.43563463991 4.2
6645.6 647626.8707428369 95339.30901668484 4.2
6649.8 647160.6275684814 95391.13143754753 4.2
6654.0 646540.391185282 95420.12914216149 4.2
6658.2 645962.9093458401 95455.28969328564 4.2
6662.4 645624.26987908 95525.649668346 4.2
6666.6 645256.6049760357 95591.65924569806 4.2
6670.8 644070.5099103403 95536.2081367901 4.2
6675.0 642318.9199474285 95396.40309194215 4.2
6679.2 640950.3051384849 95312.96943119467 4.2
6683.4 640487.0395087186 95363.89919695555 4.2
6687.6 640549.4704810093 95493.10173587989 4.2
6691.8 640146.462004491 95552.9280986155 4.2
6696.0 638919.8260503546 95489.58370480446 4.2
6700.2 637602.0748916558 95412.21980317074 4.2
6704.4 636563.0411861059 95376.196665377 4.2
6708.6 635526.1995035909 95340.1871282157 4.2
6712.8 634415.5780919201 95292.78067716311 4.2
6717.0 633219.9047870593 95232.24006918023 4.2
6721.2 632050.2643248054 95175.24424433566 4.2
6725.4 631040.18409513 95141.9394099139 4.2
6729.6 629921.9657338763 95092.00400903965 4.2
6733.8 628476.1887750376 94992.21181956178 4.2
6738.0 626832.1186085974 94861.93954904904 4.2
6742.2 625273.4556348267 94744.06189706828 4.2
6746.4 624023.6940713166 94672.53365646524 4.2
6750.6 622822.8027945367 94608.03013748307 4.2
6754.8 621418.6244661604 94512.22773863317 4.2
6759.0 620063.7776278956 94423.47947439592 4.2
6763.2 618957.4487406198 94372.18274251978 4.2
6767.4 617762.5267779472 94307.01525880986 4.2
6771.6 616632.8568498879 94251.44125835379 4.2
6775.8 615613.4470058803 94212.38539910811 4.2
6780.0 614301.9119047873 94128.25335734675 4.2
6784.2 612801.7115595671 94014.75096851247 4.2
6788.4 611350.6877971207 93908.30460860177 4.2
6792.6 610049.6371719779 93824.44411221801 4.2
6796.8 608914.440112496 93765.69996550665 4.2
6801.0 608179.3988969864 93768.29084333683 4.2
6805.2 607434.5188441746 93769.15448518893 4.2
6809.4 605881.3186190483 93644.87192130121 4.2
6813.6 603981.9866035341 93466.50427099282 4.2
6817.8 602732.68161423 93388.19898410003 4.2
6822.0 601652.6370749422 93335.74535744832 4.2
6826.2 600198.9589188909 93224.91584674951 4.2
6830.4 599174.0276909187 93180.27761035346 4.2
6834.6 598393.7519256589 93173.41208670888 4.2
6838.8 597587.4230855063 93162.25668965928 4.2
6843.0 596859.5879007155 93163.11474970484 4.2
6847.2 595699.4895865776 93096.20979329881 4.2
6851.4 592230.2792933987 92667.61805890896 4.2
6855.6 584238.6908862423 91529.27029066616 4.2
6859.8 590155.3478710254 92569.51748667657 4.2
6864.0 590389.6087880643 92719.69620562273 4.2
6868.2 588913.3349720524 92601.06894273713 4.2
6872.4 584725.9880297638 92055.13092214974 4.2
6876.6 580365.6885908903 91480.38843562988 4.2
6880.8 577850.3563083162 91195.20417395611 4.2
6885.0 578454.7152181179 91402.06339265121 4.2
6889.2 579182.8170144265 91628.80022297594 4.2
6893.4 577758.4355110319 91514.94014510444 4.2
6897.6 575892.2627247405 91330.53464574297 4.2
6901.8 574545.6149460027 91227.9676739408 4.2
6906.0 573672.599044649 91200.24394643401 4.2
6910.2 572484.8791348141 91122.15876174116 4.2
6914.4 571452.6548997583 91068.4615592723 4.2
6918.6 569950.0678238845 90939.3823080988 4.2
6922.8 568273.8669264597 90782.05301781825 4.2
6927.0 566018.8301952622 90531.55916484799 4.2
6931.2 561969.0444331927 89992.84880127358 4.2
6935.4 559188.4937522339 89656.13234388176 4.2
6939.6 559283.9778632296 89780.08247017932 4.2
6943.8 559312.9150538179 89893.43997452052 4.2
6948.0 558853.062465907 89928.22056678389 4.2
6952.2 558455.7154367812 89972.95824529613 4.2
6956.4 558516.6981473592 90091.5377819132 4.2
6960.6 558783.9204377382 90243.51441580817 4.2
6964.8 559705.9904140913 90501.54638774923 4.2
6969.0 560821.075175594 90791.25095343713 4.2
6973.2 560832.2919382959 90902.53613742205 4.2
6977.4 559280.9320941996 90760.31614676683 4.2
6981.6 556959.1316066906 90492.37780169852 4.2
6985.8 554652.4798168439 90226.06146054597 4.2
6990.0 552528.7785300665 89988.70457285634 4.2
6994.2 550535.2874545109 89771.81379978932 4.2
6998.4 548655.493506061 89572.76901100173 4.2
7002.6 547392.2140442919 89473.8242171096 4.2
7006.8 547159.3338285083 89543.0740894166 4.2
7011.0 547254.4736591642 89666.04205344625 4.2
7015.2 546659.8030841355 89675.95285833284 4.2
7019.4 545493.1131678433 89591.74592182926 4.2
7023.6 544539.9089478201 89542.24937102414 4.2
7027.8 543859.1847999585 89537.30122018162 4.2
7032.0 543239.737376965 89542.24937102414 4.2
7036.2 542611.3872717422 89545.54829017007 4.2
7040.4 541799.4828879257 89518.3358415792 4.2
7044.6 541053.957309965 89501.84747340786 4.2
7048.8 540275.0077610785 89479.59299369901 4.2
7053.0 539318.7099661748 89427.68739131253 4.2
7057.2 538027.4128514497 89319.8530718098 4.2
7061.4 537145.1122864549 89279.55152048412 4.2
7065.6 536566.0126372874 89289.41960649771 4.2
7069.8 535494.4802540363 89217.07896359866 4.2
7074.0 534263.055715138 89117.70626751914 4.2
7078.2 533619.3814839192 89116.06467382354 4.2
7082.4 533094.6846359646 89134.12386774755 4.2
7086.6 532193.3149432433 89088.98274317708 4.2
7090.8 531470.0340531613 89073.3938499828 4.2
7095.0 530689.4513500322 89047.96519581851 4.2
7099.2 529295.780655427 88919.29280507044 4.2
7103.4 527381.2834949284 88702.52855291369 4.2
7107.6 525058.0210204144 88416.2314287297 4.2
7111.8 522750.17292071483 88131.67007880636 4.2
7116.0 521479.66263881366 88021.34490589258 4.2
7120.2 521594.33898145135 88144.65859867493 4.2
7124.4 522372.93191240553 88380.4075703404 4.2
7128.6 522604.0393552894 88523.79015187717 4.2
7132.8 521599.49364128505 88457.77270738262 4.2
7137.0 520036.54132196604 88296.6039229198 4.2
7141.2 518655.3500404812 88165.76902621904 4.2
7145.4 517140.0385061132 88011.61696493019 4.2
7149.6 515078.90630982124 87763.9173963079 4.2
7153.8 512846.81894267094 87486.2900101537 4.2
7158.0 510248.6526609931 87145.30615813269 4.2
7162.2 511027.6114345977 87380.79668001928 4.2
7166.4 514867.12752254744 88140.59948060212 4.2
7170.6 518716.73690320074 88903.73360441768 4.2
7174.8 519978.82198498375 89224.47474710255 4.2
7179.0 519806.0716931369 89299.28878323275 4.2
7183.2 518405.1861849245 89162.8619462146 4.2
7187.4 516870.35514166916 89002.86770548268 4.2
7191.6 515421.1163368976 88857.07233595544 4.2
7195.8 514298.2974147107 88767.0934972431 4.2
7200.0 513055.39865305775 88655.97288724837 4.2
7204.2 511019.80591554387 88407.27410304314 4.2
7208.4 508318.01169791416 88042.42580011251 4.2
7212.6 504853.718783858 87544.32530355913 4.2
7216.8 500836.43449009524 86948.88156757885 4.2
7221.0 501430.2897712549 87153.33290708823 4.2
7225.2 503641.4994038339 87639.5219629873 4.2
7229.4 506314.94320444914 88207.19262819328 4.2
7233.6 505769.079938245 88214.50469565477 4.2
7237.8 504786.9261959496 88145.47044472213 4.2
7242.0 502870.5631054787 87912.77723875841 4.2
7246.2 500823.410504838 87656.47458877259 4.2
7250.4 499884.09717327065 87593.52421805031 4.2
7254.6 499512.4435943067 87629.83622032264 4.2
7258.8 498897.8054953093 87623.3796532482 4.2
7263.0 498224.599124838 87606.43342797195 4.2
7267.2 497406.0114104119 87563.67895533315 4.2
7271.4 496269.0407398021 87464.53669532436 4.2
7275.6 495016.44412551733 87344.58787461239 4.2
7279.8 494117.6403141798 87286.68499207713 4.2
7284.0 493361.6415908319 87253.7296716002 4.2
7288.2 492389.39542827336 87182.23532542573 4.2
7292.4 491573.3044742429 87138.08271614002 4.2
7296.6 490374.8372526318 87025.7951300155 4.2
7300.8 489274.24095628946 86930.46445610184 4.2
7305.0 488176.43795648054 86835.23821027542 4.2
7309.2 484839.01876911765 86340.786413273 4.2
7313.4 483422.2104663938 86187.4437343396 4.2
7317.6 481748.0024724318 85987.63414910817 4.2
7321.8 479964.9585500682 85767.74662229119 4.2
7326.0 477058.2668585363 85346.16283459764 4.2
7330.2 474645.76056221774 85011.9542834238 4.2
7334.4 473011.9050797569 84816.43221425165 4.2
7338.6 472692.61973326677 84856.28217152788 4.2
7342.8 471886.8295060317 84808.62069189307 4.2
7347.0 470874.5032274207 84723.52174293844 4.2
7351.2 470107.0646266623 84682.17421456017 4.2
7355.4 469622.2488255124 84691.53415157595 4.2
7359.6 469116.6348185046 84696.99459259107 4.2
7363.8 468456.5174729329 84674.3750572509 4.2
7368.0 467870.8848846329 84665.01701662419 4.2
7372.2 467363.76409759495 84669.69590765143 4.2
7376.4 466655.44369008584 84637.72863837647 4.2
7380.6 465798.31906514324 84578.50415497541 4.2
7384.8 464973.0468326435 84524.77045104276 4.2
7389.0 464436.04876641236 84523.21346157156 4.2
7393.2 464066.63496535644 84552.02241000402 4.2
7397.4 463727.7109582002 84586.29448184231 4.2
7401.6 463321.0506904519 84608.11121463796 4.2
7405.8 462467.58301322797 84548.12873513237 4.2
7410.0 460978.67870292417 84371.5446269601 4.2
7414.2 459630.31041606236 84220.147947588 4.2
7418.4 459021.21815661713 84203.85990202795 4.2
7422.6 458569.47279982583 84216.26955574825 4.2
7426.8 457987.6818180076 84204.63545180993 4.2
7431.0 457672.40957190964 84241.87024284988 4.2
7435.2 457121.8118884147 84235.66330113594 4.2
7439.4 455509.4947574708 84033.41248073785 4.2
7443.6 453639.852222827 83783.01794259279 4.2
7447.8 452894.70499571995 83739.8155586852 4.2
7452.0 453139.1255841791 83879.53225411604 4.2
7456.2 452820.58066110185 83915.07749935798 4.2
7460.4 451141.7583382844 83698.1772151177 4.2
7464.6 449117.7026649558 83416.50697042981 4.2
7468.8 448055.2749777621 83312.85167912133 4.2
7473.0 447988.9379230576 83394.22940749631 4.2
7477.2 448141.5997194468 83516.4450634801 4.2
7481.4 447766.4027724608 83540.29412947368 4.2
7485.6 446794.70928687725 83452.62462510601 4.2
7489.8 445800.76862067945 83360.44032808742 4.2
7494.0 445133.0873705855 83328.96737174409 4.2
7498.2 444581.32341698994 83318.99062305638 4.2
7502.4 443920.11460908636 83288.30042622297 4.2
7506.6 442741.9828686961 83160.29092836312 4.2
7510.8 441083.54821486806 82941.52189960734 4.2
7515.0 439508.50629547355 82737.80594150262 4.2
7519.2 438904.4473781233 82716.47147866605 4.2
7523.4 439263.3296067215 82876.61414032933 4.2
7527.6 439339.43537283817 82983.548123916 4.2
7531.8 439359.1711912522 83079.90667244814 4.2
7536.0 438267.71058947884 82965.9709310981 4.2
7540.2 436905.5119871566 82800.31709929803 4.2
7544.4 436270.494303024 82772.10499984187 4.2
7548.6 435985.8849951168 82810.23174119228 4.2
7552.8 435084.17316376057 82730.94783556182 4.2
7557.0 433525.26290960854 82526.2288734413 4.2
7561.2 432298.5744399037 82384.21350651022 4.2
7565.4 432037.5200449256 82425.95734430125 4.2
7569.6 431617.8462567527 82437.34569780169 4.2
7573.8 430104.10693615675 82239.41265916442 4.2
7578.0 428059.4142235445 81939.25292730686 4.2
7582.2 433266.17289864685 83027.88975646868 4.2
7586.4 438096.4960159471 84046.57110850861 4.2
7590.6 441681.33060278243 84828.15084687519 4.2
7594.8 444861.24329358013 85533.45203005093 4.2
7599.0 441794.56181005057 85037.79684867857 4.2
7603.2 426505.29325479525 82185.65107758364 4.2
7607.4 407654.97825677897 78640.08966417493 4.2
7611.6 404640.49178823864 78144.78488541782 4.2
7615.8 411629.2178623645 79582.2108526998 4.2
7620.0 418908.6344571153 81078.92838190575 4.2
7624.2 422871.77053472726 81936.2342292768 4.2
7628.4 419842.4423255738 81438.91894116177 4.2
7632.6 413912.22035906016 80377.03840240982 4.2
7636.8 411542.2433997019 80004.79191667512 4.2
7641.0 411226.27457698865 80031.32368416936 4.2
7645.2 410850.24705308635 80046.0673567012 4.2
7649.4 410697.92790148954 80104.3314216268 4.2
7653.6 411302.86323733587 80310.43901999737 4.2
7657.8 412288.49461059587 80591.27006142479 4.2
7662.0 413227.2560598823 80863.40040567309 4.2
7666.2 413947.2143531866 81093.11814946958 4.2
7670.4 414073.3023799596 81206.72572805177 4.2
7674.6 413452.6273631172 81173.82296578978 4.2
7678.8 412548.0534383017 81084.90271822504 4.2
7683.0 412241.3848069394 81113.28682807063 4.2
7687.2 407377.3642710621 80243.8948209784 4.2
7691.4 405439.8745998464 79949.5456478867 4.2
7695.6 404490.45967916324 79849.46303921676 4.2
7699.8 405551.82998241996 80146.39638747803 4.2
7704.0 406122.17789021385 80346.69183741222 4.2
7708.2 406689.82388617715 80546.7459833185 4.2
7712.4 406969.7813190948 80690.052865078 4.2
7716.6 406759.0997692434 80736.14336040326 4.2
7720.8 406339.13288491894 80740.60512784998 4.2
7725.0 405837.5976584921 80728.7076292302 4.2
7729.2 404933.92613649607 80636.56143800229 4.2
7733.4 404047.3907888513 80547.48784968138 4.2
7737.6 403988.2232031669 80623.19412289921 4.2
7741.8 404052.0917354734 80723.50302488316 4.2
7746.0 403142.2073682208 80629.13487824085 4.2
7750.2 401816.1931598973 80451.1024931259 4.2
7754.4 400882.2758363408 80351.13208237705 4.2
7758.6 399670.9018991274 80195.13078733133 4.2
7762.8 396541.33133564674 79653.34160938667 4.2
7767.0 390264.13738448767 78477.29046064102 4.2
7771.2 383309.0582174943 77162.09313380548 4.2
7775.4 380774.42784528184 76734.7354170993 4.2
7779.6 384371.0936467582 77543.2501350032 4.2
7783.8 391033.4573225272 78972.52063662847 4.2
7788.0 396078.59158892266 80077.775450806 4.2
7792.2 397009.65888879565 80352.61221856128 4.2
7796.4 395553.31550325593 80144.18189130133 4.2
7800.6 394505.6590276349 80018.05670077282 4.2
7804.8 394375.29137109173 80077.775450806 4.2
7809.0 394070.93929481786 80102.11808773264 4.2
7813.2 393067.7130507975 79984.16217866755 4.2
7817.4 392081.7119643266 79869.32240821447 4.2
7821.6 391686.0013458858 79874.47193972665 4.2
7825.8 391316.1440223446 79884.77199881221 4.2
7830.0 390518.6062022703 79807.55391931457 4.2
7834.2 389328.2751689806 79649.673521909 4.2
7838.4 388259.7856982878 79516.27005419375 4.2
7842.6 387936.9300225648 79535.31400403923 4.2
7846.8 388000.32368422224 79633.53594364136 4.2
7851.0 387349.76783491543 79585.14282370618 4.2
7855.2 386027.95904528536 79398.44555680187 4.2
7859.4 385054.7362536083 79282.98628733592 4.2
7863.6 384487.6784888713 79250.86297210811 4.2
7867.8 383359.85449310497 79102.826140581 4.2
7872.0 381757.06568984385 78856.22813793825 4.2
7876.2 380627.16782514605 78706.7536874378 4.2
7880.4 380183.0321248843 78698.78001546404 4.2
7884.6 379935.5426683731 78731.40469068133 4.2
7888.8 379042.02462184936 78629.95009001369 4.2
7893.0 377180.3412582821 78327.09144674314 4.2
7897.2 375694.62439005333 78101.61241148687 4.2
7901.4 375980.35934153566 78244.17216325126 4.2
7905.6 376890.839302338 78517.05467205703 4.2
7909.8 377056.3418943935 78635.01971366367 4.2
7914.0 377013.7268127448 78709.65340481613 4.2
7918.2 376964.38488925155 78782.9066837993 4.2
7922.4 376069.16224289703 78679.21169981017 4.2
7926.6 374558.25135463633 78446.21610452837 4.2
7930.8 373634.7480835765 78335.74895523608 4.2
7935.0 373535.0785730624 78397.82244222327 4.2
7939.2 373552.6051644628 78484.51881907997 4.2
7943.4 373078.64401841396 78467.89458992082 4.2
7947.6 372207.61363649287 78367.50134079978 4.2
7951.8 371290.94515586883 78257.14503682275 4.2
7956.0 370233.49417076225 78116.72006359094 4.2
7960.2 369179.2606142543 77976.54706956366 4.2
7964.4 369024.43785900064 78026.11796661039 4.2
7968.6 369757.6777354115 78263.63228017336 4.2
7972.8 370151.5012027957 78429.59998847374 4.2
7977.0 369435.02792214294 78360.28375957192 4.2
7981.2 368129.7085171273 78165.66013512791 4.2
7985.4 367106.35598251293 78030.42996838053 4.2
7989.6 366561.7801916875 77996.65899788751 4.2
7993.8 365997.98817773553 77958.59437303504 4.2
7998.0 365001.33686927584 77828.02325619728 4.2
8002.2 364034.4223667997 77703.39601689701 4.2
8006.4 363719.58539754705 77717.71082980646 4.2
8010.6 363488.90750238916 77749.92880159654 4.2
8014.8 362874.01977953356 77699.81772566409 4.2
8019.0 362350.4689945957 77669.05122249264 4.2
8023.2 361677.9380664599 77606.12518799031 4.2
8027.4 360355.7418908239 77403.39326311482 4.2
8031.6 359342.93661712547 77266.63519244145 4.2
8035.8 359433.8843604225 77367.04330957415 4.2
8040.0 359584.66075510724 77480.42602222446 4.2
8044.2 358905.0219380575 77414.8006891911 4.2
8048.4 358253.2590949451 77354.93045224746 4.2
8052.6 358265.51025727484 77438.3338152709 4.2
8056.8 358004.17288886214 77462.58754863773 4.2
8061.0 356795.53624128964 77281.58133001463 4.2
8065.2 355361.988850945 77051.30523752957 4.2
8069.4 354459.6193658276 76935.71601963036 4.2
8073.6 354064.83613345545 76930.04739542217 4.2
8077.8 353902.0369982389 76974.69911982774 4.2
8082.0 353456.1661858641 76957.68588397528 4.2
8086.2 352384.0942639775 76804.0284819094 4.2
8090.4 351402.8393200849 76669.74167835127 4.2
8094.6 350996.24420880177 76660.5622204886 4.2
8098.8 350483.7656674119 76628.0898857698 4.2
8103.0 349659.6970103647 76527.23109687334 4.2
8107.2 349149.54532728414 76494.81523934173 4.2
8111.4 348418.8298527014 76413.8356554802 4.2
8115.6 346835.8553198561 76145.45743621982 4.2
8119.8 345110.83168481477 75845.18238154124 4.2
8124.0 343533.7619439273 75576.71307743917 4.2
8128.2 343491.8937307071 75645.65714299068 4.2
8132.4 346159.1305280192 76311.85314127916 4.2
8136.6 348333.56295829895 76870.55205183609 4.2
8140.8 349683.45470732846 77248.1344554574 4.2
8145.0 350241.07517610013 77451.17308094846 4.2
8149.2 350476.8216222201 77583.25563584377 4.2
8153.4 350099.71455173456 77579.68287715247 4.2
8157.6 349871.39943928964 77608.98435596928 4.2
8161.8 350310.6637724567 77786.45864917607 4.2
8166.0 349963.3003720183 77789.32446100768 4.2
8170.2 347302.4756156196 77277.31071000615 4.2
8174.4 345386.59988339676 76930.04739542217 4.2
8178.6 344374.76382849173 76783.51687527128 4.2
8182.8 343492.5971688669 76665.50486891723 4.2
8187.0 341727.2989964295 76349.81692095802 4.2
8191.2 339964.9896538012 76034.0282796785 4.2
8195.4 338751.27921464574 75840.292619553 4.2
8199.6 337871.78107692936 75720.94058262784 4.2
8203.8 335372.25139376154 75237.78475066231 4.2
8208.0 331969.78652954416 74550.74709435187 4.2
8212.2 330611.70053963416 74321.76247191496 4.2
8216.4 333910.52382762166 75140.14001744147 4.2
8220.6 337991.84458429314 76136.34074947133 4.2
8224.8 340632.876852904 76809.68782035816 4.2
8229.0 340856.1466854166 76938.55048836784 4.2
8233.2 338077.23201980523 76389.20671516693 4.2
8237.4 335101.94139706326 75794.20464501793 4.2
8241.6 332541.7589723176 75291.85548802106 4.2
8245.8 328430.63573343726 74436.85231689052 4.2
8250.0 326643.00148835016 74107.13096266946 4.2
8254.2 326479.02094658004 74145.36372806046 4.2
8258.4 327079.57596915844 74357.36649121683 4.2
8262.6 326987.98676148744 74412.17521338076 4.2
8266.8 327680.34568728006 74645.56334888593 4.2
8271.0 328710.22456726304 74956.27571210309 4.2
8275.2 330509.7358012844 75443.18242674573 4.2
8279.4 331353.47128933837 75712.57205746497 4.2
8283.6 330718.9008099653 75644.26371132521 4.2
8287.8 329450.9242974817 75430.67603046786 4.2
8292.0 326376.33997215 74802.48056939624 4.2
8296.2 324754.2387449459 74506.12899736835 4.2
8300.4 322941.0189726972 74165.17059021884 4.2
8304.6 322599.59413188626 74161.75523653658 4.2
8308.8 322374.47228129546 74184.98274349477 4.2
8313.0 322048.8062767549 74184.98274349477 4.2
8317.2 321785.86639562075 74199.33277899436 4.2
8321.4 321449.2802185359 74196.59922490714 4.2
8325.6 319264.1625188041 73766.63962461984 4.2
8329.8 318554.765668235 73677.01122579857 4.2
8334.0 316608.2756625887 73300.67940115456 4.2
8338.2 315071.15058330225 73018.34748705785 4.2
8342.4 315142.68854207266 73108.5213149553 4.2
8346.6 315810.12730492896 73337.14517584871 4.2
8350.8 317018.8524949434 73691.94172613362 4.2
8355.0 316875.2696598843 73732.6766525321 4.2
8359.2 316460.72768124304 73710.26965730802 4.2
8363.4 316338.1116175633 73755.76977181551 4.2
8367.6 315665.7275285097 73672.93979619151 4.2
8371.8 314403.64004374074 73452.06333109977 4.2
8376.0 313689.45333830116 73358.76308363218 4.2
8380.2 313733.2061012744 73442.59268264838 4.2
8384.4 313566.2239355837 73477.09878134003 4.2
8388.6 312767.9780460784 73363.49285034112 4.2
8392.8 311989.1613440559 73254.11062999509 4.2
8397.0 312326.58192944125 73406.75057383788 4.2
8401.2 313088.13334879506 73659.36998902069 4.2
8405.4 312202.57689880725 73524.48649194412 4.2
8409.6 309800.8295317716 73031.79920264379 4.2
8413.8 308211.53320194903 72729.73413463814 4.2
8418.0 308520.0633707825 72875.24033035422 4.2
8422.2 309740.61343583796 73236.57065261228 4.2
8426.4 310130.9520516555 73402.01801829033 4.2
8430.6 308248.01344283833 73029.10866129078 4.2
8434.8 304256.36753262527 72155.26067482549 4.2
8439.0 300064.958050418 71232.14133117776 4.2
8443.2 298172.16661309655 70853.28656228479 4.2
8447.4 299625.7513471509 71269.54726840273 4.2
8451.6 302944.7187625636 72130.67560725924 4.2
8455.8 305210.76687507675 72742.46269485653 4.2
8460.0 304066.4674465222 72541.7452716517 4.2
8464.2 300813.5682320338 71836.9690061334 4.2
8468.4 299495.65610969416 71593.2371728188 4.2
8472.6 301844.9038428136 72226.40519837772 4.2
8476.8 306061.9785833295 73308.1061436388 4.2
8481.0 309464.7079777074 74196.59922490714 4.2
8485.2 310070.9559092429 74415.60209959406 4.2
8489.4 306698.22376197466 73679.04702497726 4.2
8493.6 299384.7303227267 71993.28656652148 4.2
8497.8 291213.9959559669 70097.7373794853 4.2
8502.0 287117.09647085145 69179.91116589139 4.2
8506.2 289586.34214273817 69843.8225065789 4.2
8510.4 296765.429916317 71646.00845870668 4.2
8514.6 304579.5592277257 73605.11574994116 4.2
8518.8 309919.14858527365 74969.39394332582 4.2
8523.0 311289.36090640567 75375.11712558044 4.2
8527.2 308634.41846214683 74805.92543025054 4.2
8531.4 302329.58332994935 73349.98004015448 4.2
8535.6 292434.86224495905 71019.23665358653 4.2
8539.8 280779.7966961188 68255.8689605611 4.2
8544.0 272879.4149953734 66400.599434599 4.2
8548.2 273980.65862905415 66734.12953485057 4.2
8552.4 283241.7343690897 69057.68252989092 4.2
8556.6 295003.24567797245 71995.93894607527 4.2
8560.8 304456.0107829076 74375.85992025994 4.2
8565.0 310214.8046017491 75857.05883036916 4.2
8569.2 313075.221470262 76631.6188209753 4.2
8573.4 313209.6119715742 76739.68284780478 4.2
8577.6 310308.50212514994 76103.3895262378 4.2
8581.8 304324.1913424267 74708.84117057727 4.2
8586.0 295049.9099537948 72503.00383882715 4.2
8590.2 283216.5995013289 69663.29303076187 4.2
8594.4 271790.4103050831 66918.16139063542 4.2
8598.6 265432.29489890044 65416.604804362716 4.2
8602.8 268325.2865671333 66194.20947992164 4.2
8607.0 279427.82401524705 69000.46222047495 4.2
8611.2 292284.57904362585 72245.69943850377 4.2
8615.4 301899.478581685 74695.08056089493 4.2
8619.6 308113.7145410339 76306.93329288506 4.2
8623.8 312469.6944967894 77461.16064818497 4.2
8628.0 315120.7357915065 78194.46273384623 4.2
8632.2 315461.4293323408 78355.23184823248 4.2
8636.4 313429.4187188039 77926.28993452276 4.2
8640.6 309335.2790223595 76983.20714813711 4.2
8644.8 302877.7388125757 75449.43640244806 4.2
8649.0 293298.242427338 73134.11325907914 4.2
8653.2 280261.71258217166 69951.33382656009 4.2
8657.4 264607.58378548065 66108.30163525543 4.2
8661.6 250539.96197727148 62654.461257570925 4.2
8665.8 245107.12248782758 61355.28813916119 4.2
8670.0 251171.9051634885 62934.38607347917 4.2
8674.2 264359.1774570211 66302.8199594027 4.2
8678.4 277957.19969465496 69780.80898222096 4.2
8682.6 288513.18618495663 72501.00053447422 4.2
8686.8 297000.7933220754 74706.088845853 4.2
8691.0 304619.5378281876 76696.5802425806 4.2
8695.2 310165.9385416638 78168.53991751588 4.2
8699.4 312719.27764020977 78888.19149302617 4.2
8703.6 313561.98689294094 79177.1745818301 4.2
8707.8 314103.2018305512 79390.40181048555 4.2
8712.0 313962.31393900205 79431.36027922247 4.2
8716.2 312175.54665694194 79055.48365635354 4.2
8720.4 308722.61359013163 78256.42426519962 4.2
8724.6 303673.01760334003 77050.59557205027 4.2
8728.8 296652.6069263293 75341.80142725022 4.2
8733.0 287476.4905218733 73081.59210118809 4.2
8737.2 275666.94956567866 70146.8219823086 4.2
8741.4 260850.25604302168 66440.36352414769 4.2
8745.6 245582.84979043985 62611.77270710221 4.2
8749.8 236009.23782280425 60228.77082638812 4.2
8754.0 237082.86684853162 60560.85529031989 4.2
8758.2 247801.27574559138 63359.53773166373 4.2
8762.4 262931.7944550913 67292.70713585799 4.2
8766.6 277037.69965044426 70970.8489058137 4.2
8770.8 287678.1245996961 73767.3190436078 4.2
8775.0 295607.19770975545 75873.12992716579 4.2
8779.2 301572.2449868644 77478.28518851352 4.2
8783.4 305604.6319271561 78589.40486529167 4.2
8787.6 308577.8113185566 79429.89711297044 4.2
8791.8 310935.03160031117 80113.18536879688 4.2
8796.0 311730.15346264694 80394.80756342023 4.2
8800.2 310896.7413185839 80256.46005558818 4.2
8804.4 309980.0360755499 80096.2161629926 4.2
8808.6 309849.98297422816 80139.01497150649 4.2
8812.8 309514.80415012856 80128.68213123467 4.2
8817.0 307966.56791862805 79803.8787302598 4.2
8821.2 305873.54545206117 79337.04122964319 4.2
8825.4 303915.22562249104 78904.17802871649 4.2
8829.6 301050.3910243435 78234.804203146 4.2
8833.8 296473.6702134125 77118.75327214337 4.2
8838.0 290365.66461147566 75601.77637341508 4.2
8842.2 282121.7615665541 73525.16368060846 4.2
8846.4 271076.649747883 70713.77136303337 4.2
8850.6 257610.6586048295 67264.82242170327 4.2
8854.8 242214.27892944313 63304.7065573538 4.2
8859.0 227549.48207688384 59528.37124656544 4.2
8863.2 219946.04447177018 57593.835284564644 4.2
8867.4 223833.27839085576 58667.28629203327 4.2
8871.6 236767.0975066277 62116.07419079532 4.2
8875.8 251954.56963536458 66163.12355025086 4.2
8880.0 264605.7779032103 69551.09951030301 4.2
8884.2 274352.2973321283 72181.18373627901 4.2
8888.4 281925.31433185394 74243.76715064402 4.2
8892.6 287636.3303446978 75819.34006711986 4.2
8896.8 291902.35530162684 77016.53931454665 4.2
8901.0 294338.89331945794 77732.74422158081 4.2
8905.2 294834.2273641428 77937.05659305364 4.2
8909.4 294922.7938936242 78034.02348522107 4.2
8913.6 295800.54681044206 78340.07806832042 4.2
8917.8 296590.88394508057 78623.43248271552 4.2
8922.0 296093.4613260375 78565.52193441996 4.2
8926.2 294841.1034787999 78306.89431433732 4.2
8930.4 294490.59619082697 78287.42344038517 4.2
8934.6 295356.8357887151 78591.57640079739 4.2
8938.8 295972.12735251203 78829.35988635538 4.2
8943.0 295188.06434687396 78694.43108032654 4.2
8947.2 293231.7308855946 78246.33415949375 4.2
8951.4 293464.3332970543 78381.93849769933 4.2
8955.6 292770.88085885206 78270.12006129436 4.2
8959.8 291810.3044883567 78086.50768117858 4.2
8964.0 290542.42631385464 77820.1386071845 4.2
8968.2 288229.6702677504 77273.04032599431 4.2
8972.4 285880.1500194468 76714.94888369537 4.2
8976.6 284119.8050952659 76313.96174483631 4.2
8980.8 281560.161065859 75697.23216335998 4.2
8985.0 279651.4605161682 75254.41776349624 4.2
8989.2 276103.02732857683 74369.00996586385 4.2
8993.4 269660.56165863713 72701.60522012875 4.2
8997.6 262088.45485711348 70726.14710601956 4.2
9001.8 249849.52919669775 67486.35933063655 4.2
9006.0 234022.36796850731 63270.3154866498 4.2
9010.2 219373.6152478751 59365.20884822776 4.2
9014.4 209839.67459482123 56838.158660634734 4.2
9018.6 210036.61203652993 56944.528323116865 4.2
9022.8 220828.23076250526 59926.09797671778 4.2
9027.0 237387.78588343432 64479.847253978136 4.2
9031.2 251162.2324709717 68284.79343755994 4.2
9035.4 256655.44796866804 69843.17922416308 4.2
9039.6 259121.12930814063 70579.73119440123 4.2
9043.8 263812.4915915285 71924.35898573646 4.2
9048.0 267202.2254212371 72916.19538603844 4.2
9052.2 270565.8455650545 73902.64802633658 4.2
9056.4 268718.806932568 73466.27159370684 4.2
9060.6 269224.9709814379 73672.93979619151 4.2
9064.8 270780.13575812307 74167.21987792499 4.2
9069.0 272607.90858163056 74737.05834607739 4.2
9073.2 274405.168074881 75299.48397422871 4.2
9077.4 274371.06447449134 75359.84560219293 4.2
9081.6 272195.2334850412 74831.42233175015 4.2
9085.8 271323.18671760627 74660.69012439015 4.2
9090.0 269660.59489407326 74271.80866988993 4.2
9094.2 269386.7636052831 74264.96829852684 4.2
9098.4 270599.63249671453 74668.25466163228 4.2
9102.6 271930.7604882108 75104.85292622326 4.2
9106.8 271499.8893773245 75055.06406600152 4.2
9111.0 270441.3912521196 74831.42233175015 4.2
9115.2 271444.3775421041 75178.2133045796 4.2
9119.4 273388.80329100037 75786.52603934577 4.2
9123.6 274221.0450867673 76087.2696569138 4.2
9127.8 273411.65479417593 75932.55265942887 4.2
9132.0 272609.7905409707 75779.54616378118 4.2
9136.2 270564.02965345734 75280.06752942236 4.2
9140.4 271941.1009408946 75732.79757667538 4.2
9144.6 272345.2642261092 75915.07055582503 4.2
9148.8 272745.1190588553 76096.38046781148 4.2
9153.0 271195.40700308856 75733.4951047307 4.2
9157.2 269247.60912051523 75258.57659122038 4.2
9161.4 268570.039942712 75138.06384732982 4.2
9165.6 267509.6508643115 74910.035002549 4.2
9169.8 266637.6835813286 74734.3049818137 4.2
9174.0 265736.85029534635 74550.06045975874 4.2
9178.2 264768.4424232008 74346.40959209835 4.2
9182.4 262654.496396774 73820.33300922209 4.2
9186.6 260771.20928109737 73358.08742756692 4.2
9190.8 256951.1842214561 72349.57761462421 4.2
9195.0 252963.4569254382 71291.86893406125 4.2
9199.2 249278.67799068306 70317.5936084325 4.2
9203.4 247364.09341359197 69841.24941246433 4.2
9207.6 243187.00615792704 68724.56506209848 4.2
9211.8 236335.11478613818 66849.16700974159 4.2
9216.0 224708.92524337248 63618.58421891852 4.2
9220.2 209562.017771314 59384.34901538331 4.2
9224.4 191856.7133852396 54416.674782603324 4.2
9228.6 182876.37716402079 51916.810044809936 4.2
9232.8 183654.84868922218 52185.277835230314 4.2
9237.0 202590.63583011544 57618.24156038187 4.2
9241.2 213688.18771729426 60829.74557537959 4.2
9245.4 230658.70192442098 65720.37002870877 4.2
9249.6 235632.5866098558 67198.5651612203 4.2
9253.8 238186.44186314233 67988.58459396771 4.2
9258.0 239441.21182520723 68408.80436793993 4.2
9262.2 241729.1058679963 69125.13619661653 4.2
9266.4 244987.0724829088 70120.33786277736 4.2
9270.6 248609.41343633333 71221.64494832516 4.2
9274.8 253931.24853813055 72812.17429249395 4.2
9279.0 257318.43730988627 73850.25512916558 4.2
9283.2 259548.09191056783 74557.61378812754 4.2
9287.4 260812.8311476822 74988.73025833446 4.2
9291.6 261185.00754882835 75163.67395510955 4.2
9295.8 262450.685953569 75596.20603389197 4.2
9300.0 264318.3761913727 76202.98785597274 4.2
9304.2 266830.32192433596 76996.68011623809 4.2
9308.4 269172.80469010264 77742.76809828285 4.2
9312.6 270923.9233297904 78319.15623782403 4.2
9316.8 272571.0387186538 78866.39689135044 4.2
9321.0 274374.81121666735 79459.89740894179 4.2
9325.2 276190.6325552692 80057.86425031949 4.2
9329.4 278318.3408906318 80747.29824134836 4.2
9333.6 281256.7052752864 81673.28052452786 4.2
9337.8 283515.0508435383 82403.18535683314 4.2
9342.0 280996.90005601075 81744.77447566608 4.2
9346.2 275254.93502525135 80146.39638747803 4.2
9350.4 273247.9263906127 79633.53594364136 4.2
9354.6 275044.4024564873 80229.11471063708 4.2
9358.8 276055.8290719341 80596.46614012212 4.2
9363.0 275955.59762933885 80639.53225343523 4.2
9367.2 275728.5066817697 80645.47421265852 4.2
9371.4 273832.0666670145 80162.63789589709 4.2
9375.6 271013.6179880237 79408.68423081971 4.2
9379.8 267942.8041625343 78579.27182624857 4.2
9384.0 262294.543757483 76991.7161168405 4.2
9388.2 256042.81236507068 75223.92671494592 4.2
9392.4 253375.194443547 74506.8152273365 4.2
9396.6 253032.19028552572 74472.5114702604 4.2
9400.8 252380.40224675718 74347.09435098903 4.2
9405.0 252519.92690698468 74454.67975876197 4.2
9409.2 252164.4470661981 74416.28749577545 4.2
9413.4 252624.94265576534 74618.75523317323 4.2
9417.6 254172.6248238451 75142.90833349645 4.2
9421.8 256723.42171189951 75964.7302495226 4.2
9426.0 256728.67765594422 76034.0282796785 4.2
9430.2 255476.78817353587 75730.70503105641 4.2
9434.4 255399.87693181634 75775.35854701 4.2
9438.6 256041.3402438149 76033.32798362308 4.2
9442.8 256393.89029405548 76205.79532950983 4.2
9447.0 256773.04068573748 76386.39248462851 4.2
9451.2 258025.92741170942 76827.37594091738 4.2
9455.4 256690.29134788655 76497.633464395 4.2
9459.6 255462.82443973233 76199.47865949814 4.2
9463.8 253845.8965158928 75784.43200917442 4.2
9468.0 255275.27705099678 76278.82595763051 4.2
9472.2 255954.95181554114 76549.78936009528 4.2
9476.4 254405.49443218956 76153.8738082863 4.2
9480.6 252516.410825154 75655.41188338793 4.2
9484.8 251089.70096341928 75294.62939358286 4.2
9489.0 249935.73895245523 75014.98037747479 4.2
9493.2 249241.29185282998 74872.7871324262 4.2
9497.4 249445.57012755773 75000.47259699945 4.2
9501.6 247431.9442967707 74460.85179105318 4.2
9505.8 243130.76105985654 73231.1745814655 4.2
9510.0 241394.9724894123 72772.61817146569 4.2
9514.2 242547.443575776 73184.64996752351 4.2
9518.4 242436.13490860607 73215.6630914786 4.2
9522.6 238602.04998900133 72121.37533385232 4.2
9526.8 231355.1432518074 69992.57961979174 4.2
9531.0 222882.67714842694 67488.84566579566 4.2
9535.2 213980.22566129637 64850.30156971027 4.2
9539.4 198775.62848049327 60295.37492393213 4.2
9543.6 184337.11988669855 55964.93452460036 4.2
9547.8 180040.67329616583 54708.65022866171 4.2
9552.0 186178.1142566637 56623.40738056811 4.2
9556.2 196505.53776510854 59816.9134915911 4.2
9560.4 207621.88433417585 63256.33124491607 4.2
9564.6 217235.9164290872 66243.61127262397 4.2
9568.8 225479.10379358282 68817.6756455296 4.2
9573.0 227407.6848822458 69467.23291702365 4.2
9577.2 230808.68199059137 70568.03102403316 4.2
9581.4 234526.1705005348 71767.53007998028 4.2
9585.6 237171.58187296678 72640.69655451867 4.2
9589.8 237744.32280726472 72879.93892219428 4.2
9594.0 237153.65723674063 72762.5649571867 4.2
9598.2 233779.09030126335 71790.00771415958 4.2
9602.4 230766.9810441936 70927.06681579069 4.2
9606.6 231081.85166998333 71085.98736024916 4.2
9610.8 232889.64308107458 71704.76222329697 4.2
9615.0 232898.49256339084 71770.17414220395 4.2
9619.2 231389.33906634865 71367.4205122469 4.2
9623.4 229505.01461293476 70848.06609153056 4.2
9627.6 228377.42832723138 70561.5317674887 4.2
9631.8 228573.74428528803 70683.81800518713 4.2
9636.0 229308.24583303972 70972.80992993114 4.2
9640.2 230828.360317026 71505.5909210254 4.2
9644.4 230243.20708210836 71386.48528703056 4.2
9648.6 227839.30651700287 70702.70016544184 4.2
9652.8 225510.4329608392 70040.94548398248 4.2
9657.0 224448.5437080246 69771.81169228037 4.2
9661.2 224269.9619343503 69776.95285875765 4.2
9665.4 223469.1571185827 69588.26361533102 4.2
9669.6 221495.15787828862 69033.5170580766 4.2
9673.8 219532.61266543696 68481.30061764004 4.2
9678.0 218855.77915297964 68329.46180052825 4.2
9682.2 218744.506948939 68354.01037565216 4.2
9686.4 219313.0406419956 68591.13668500792 4.2
9690.6 218715.68021037627 68463.64228422882 4.2
9694.8 219282.28414310302 68700.51615864388 4.2
9699.0 219064.16274887012 68691.65815782674 4.2
9703.2 218586.47604658737 68601.24539327298 4.2
9707.4 217870.9885468482 68435.90267368022 4.2
9711.6 217197.92996828843 68283.53559676593 4.2
9715.8 216974.2132042889 68272.21607221835 4.2
9720.0 216513.3725250307 68186.12338256286 4.2
9724.2 216948.91860906692 68382.34661400129 4.2
9728.4 217131.29201401232 68498.96350553782 4.2
9732.6 218286.81560059954 68922.97260005001 4.2
9736.8 218675.81604797256 69105.4023669461 4.2
9741.0 216314.76695889034 68418.25604641449 4.2
9745.2 215285.97668878458 68151.59117249472 4.2
9749.4 215056.94721457726 68137.78318574613 4.2
9753.6 216030.65019047764 68505.27278377626 4.2
9757.8 216864.98171599282 68829.08560720351 4.2
9762.0 215436.6801711599 68434.64204937629 4.2
9766.2 215747.62668293546 68592.40019207614 4.2
9770.4 213159.43799761526 67827.84202505155 4.2
9774.6 211342.70737706128 67307.58370971154 4.2
9778.8 211714.26786594995 67483.87308707573 4.2
9783.0 212010.3913349033 67636.32464138139 4.2
9787.2 211959.2276870092 67678.07541139371 4.2
9791.4 212220.66403961444 67819.72118358122 4.2
9795.6 212923.29075483783 68102.64820564946 4.2
9799.8 211878.47079957547 67826.5926015361 4.2
9804.0 210212.55439053662 67350.99250444074 4.2
9808.2 212251.43186203178 68062.51612648227 4.2
9812.4 212952.51186157152 68345.82653748796 4.2
9816.6 212179.3255869689 68155.98520960142 4.2
9820.8 211179.38520945353 67892.84377309108 4.2
9825.0 210172.61925920792 67626.98098326125 4.2
9829.2 209295.99153846953 67402.49921122048 4.2
9833.4 209385.13363366385 67488.84566579566 4.2
9837.6 210297.89939386107 67840.96236160655 4.2
9841.8 210973.634263105 68117.07645093469 4.2
9846.0 211139.55011407964 68228.84194209034 4.2
9850.2 210738.1472700976 68157.2407008094 4.2
9854.4 209967.88867777213 67966.04520269352 4.2
9858.6 209932.05770874573 68012.38428279596 4.2
9862.8 210601.1807360813 68287.30918866102 4.2
9867.0 210606.12539519492 68347.08552573463 4.2
9871.2 209937.17665099216 68188.00746080696 4.2
9875.4 209478.69682960596 68097.00320248696 4.2
9879.6 209561.03359352157 68181.72740243899 4.2
9883.8 210062.90014513995 68403.13398760707 4.2
9888.0 209764.66809675522 68364.08413711798 4.2
9892.2 207925.3676537332 67822.21980047108 4.2
9896.4 206339.68988883856 67362.15929024057 4.2
9900.6 206510.5414467275 67475.17195589982 4.2
9904.8 207723.59661189065 67929.12180168353 4.2
9909.0 208953.47491580798 68389.27503653266 4.2
9913.2 209844.46492606864 68739.12506685544 4.2
9917.4 210051.4068409284 68865.2296344272 4.2
9921.6 209439.13074349612 68722.66615842425 4.2
9925.8 208636.46439953477 68517.26201349474 4.2
9930.0 208239.32997459627 68444.72769404022 4.2
9934.2 207986.64832546382 68419.51636887377 4.2
9938.4 207493.41106865738 68314.98856875685 4.2
9942.6 206517.7188720348 68051.2332408594 4.2
9946.8 205274.25439897337 67698.64869540864 4.2
9951.0 205186.03639829168 67726.71325277412 4.2
9955.2 206612.8250211597 68255.24030367113 4.2
9959.4 207276.89966441545 68532.40930288123 4.2
9963.6 205928.60939423423 68144.05919651575 4.2
9967.8 204493.08360099845 67726.08946956534 4.2
9972.0 204332.15486816093 67729.8322549978 4.2
9976.2 204171.42521722446 67733.57524727049 4.2
9980.4 203182.06021977926 67462.12236264009 4.2
9984.6 202270.20413195365 67215.89720241445 4.2
9988.8 202085.25167162032 67210.94473453853 4.2
9993.0 202092.1665867987 67269.7788595796 4.2
9997.2 201135.39081406858 67007.59025474245 4.2
10001.4 198768.5459666504 66274.7350184615 4.2
10005.6 196259.6323912616 65493.16824218685 4.2
10009.8 195337.87295841431 65240.30759730199 4.2
10014.0 195260.35771278132 65269.15647489275 4.2
10018.2 195973.73041494735 65562.5746456808 4.2
10022.4 195125.39323755697 65333.51135347811 4.2
10026.6 193099.82292747023 64709.49342751716 4.2
10030.8 187917.01801285904 63025.456499939304 4.2
10035.0 180128.5284434588 60463.87823901215 4.2
10039.2 169215.07163573377 56848.1060079449 4.2
10043.4 158015.51656198254 53130.022520934755 4.2
10047.6 154406.14498905238 51959.863320672965 4.2
10051.8 152795.15274901257 51460.73679738298 4.2
10056.0 158249.63804839115 53342.332234394125 4.2
10060.2 168255.0179576333 56762.302000998665 4.2
10064.4 177352.56608537183 59881.4075286454 4.2
10068.6 182671.61953131462 61728.82353487693 4.2
10072.8 186908.40562932903 63213.23262057898 4.2
10077.0 190256.1646437159 64399.129955743614 4.2
10081.2 190641.2132449726 64583.2654540272 4.2
10085.4 190659.7413752585 64643.37162598066 4.2
10089.6 190479.98867860573 64636.22737132849 4.2
10093.8 190460.0368846967 64683.27489624095 4.2
10098.0 193803.90432937405 65873.69126040053 4.2
10102.2 195814.71738631197 66612.54091453855 4.2
10106.4 195511.4913300148 66564.70321441545 4.2
10110.6 195356.28898475473 66567.15559388293 4.2
10114.8 196576.0730148941 67038.45549686969 4.2
10119.0 197274.09644465297 67332.38530827775 4.2
10123.2 196807.48905729942 67228.89916689946 4.2
10127.4 196992.33480030028 67347.89094803059 4.2
10131.6 197790.38876063417 67676.82874665529 4.2
10135.8 196427.0027357931 67266.06149693485 4.2
10140.0 193341.6162251111 66264.35881206478 4.2
10144.2 192699.9707068241 66099.16906673259 4.2
10148.4 195476.29612397632 67107.02715917854 4.2
10152.6 198460.78416325603 68188.00746080696 4.2
10156.8 200026.46194304482 68782.8235918585 4.2
10161.0 200970.51804077107 69164.62076322174 4.2
10165.2 200761.94713901076 69149.9706319274 4.2
10169.4 198771.71946226107 68521.04852194584 4.2
10173.6 196902.82095429886 67932.87580740734 4.2
10177.8 196830.96866722396 67964.16725740855 4.2
10182.0 197680.15335899327 68313.73017175308 4.2
10186.2 197737.41694429988 68389.90492793494 4.2
10190.4 196795.3315090692 68120.21343046192 4.2
10194.6 195946.21289873854 67882.21422987801 4.2
10198.8 195701.9279634225 67853.46027976235 4.2
10203.0 195468.81557957953 67828.46674544089 4.2
10207.2 194521.6773760096 67555.3891405893 4.2
10211.4 193422.35975504937 67228.89916689946 4.2
10215.6 193641.0798487944 67360.29803070947 4.2
10219.8 194131.70154916006 67586.50671152207 4.2
10224.0 193157.4988060104 67302.62448637353 4.2
10228.2 191636.76529850924 66827.62085739689 4.2
10232.4 190276.97421813535 66407.93870563492 4.2
10236.6 188697.34430021566 65910.71152519093 4.2
10240.8 187878.6736521984 65678.61711594743 4.2
10245.0 189585.59209294227 66329.6949523834 4.2
10249.2 192575.62626923234 67431.06205962936 4.2
10253.4 193742.74756472235 67895.34508396688 4.2
10257.6 193411.2517338386 67834.71426580152 4.2
10261.8 193723.43561793005 67999.8570924531 4.2
10266.0 193249.65838434102 67889.09197955813 4.2
10270.2 191104.73716469525 67190.51966134217 4.2
10274.4 190023.93869498392 66865.17721976373 4.2
10278.6 190318.63919881653 67023.63840674017 4.2
10282.8 189572.12440980668 66815.31188844264 4.2
10287.0 187763.76067220912 66232.01988894066 4.2
10291.2 186798.4283517223 65945.3230347097 4.2
10295.4 188517.12395361898 66606.40595531979 4.2
10299.6 191091.13395046155 67570.94613478432 4.2
10303.8 190547.1309863614 67433.54635752419 4.2
10308.0 186761.96512340664 66147.89068186772 4.2
10312.2 185349.15055136883 65701.00305959622 4.2
10316.4 186855.07987316308 66288.77600156833 4.2
10320.6 186412.6422385664 66185.67463339576 4.2
10324.8 182957.39127616657 65011.77146219201 4.2
10329.0 181321.24812814497 64482.81672905443 4.2
10333.2 184153.33324745187 65543.25417688936 4.2
10337.4 185723.39416019974 66155.81133569063 4.2
10341.6 182390.31908583964 65021.35265683709 4.2
10345.8 178683.76613081014 63751.733742339755 4.2
10350.0 177783.9516445677 63482.204533484015 4.2
10354.2 180335.0546309694 64445.411334886674 4.2
10358.4 182481.94416601709 65265.549667672436 4.2
10362.6 181708.72689690176 65041.71738413365 4.2
10366.8 178260.78497450467 63859.277404460205 4.2
10371.0 174624.02174985965 62607.15947115865 4.2
10375.2 173556.2669428956 62274.751039500625 4.2
10379.4 173846.02165256278 62429.233106270825 4.2
10383.6 174998.10875641523 62893.82385242072 4.2
10387.8 178289.63500734966 64128.63560414916 4.2
10392.0 183276.5827040905 65975.69897204587 4.2
10396.2 182779.7180916027 65850.03346402974 4.2
10400.4 180481.69852525153 65074.67383033335 4.2
10404.6 179509.10329293457 64776.27947193165 4.2
10408.8 174763.98016592182 63114.914757994324 4.2
10413.0 177267.66247001395 64070.77835641186 4.2
10417.2 182693.56486462397 66085.16824529308 4.2
10421.4 182277.52525374695 65987.85326433895 4.2
10425.6 182053.5441922544 65959.90173885484 4.2
10429.8 184660.19660645994 66958.2354228675 4.2
10434.0 190958.7617814151 69297.88819646098 4.2
10438.2 198551.8907230984 72111.41208588096 4.2
10442.4 188935.08124938866 68673.94558240334 4.2
10446.6 184703.5841350339 67189.90081663612 4.2
