3000.0 75.6977106653645 2.2709313199609342 4.2
3004.2 109.57502316887643 3.2964614400238403 4.2
3008.4 166.75624021655764 5.03074147592081 4.2
3012.6 208.44059835986494 6.305855288347286 4.2
3016.8 231.09375846673146 7.010677669854733 4.2
3021.0 232.45334720425294 7.071572528373765 4.2
3025.2 223.86854223254895 6.82935989719187 4.2
3029.4 218.69759771890563 6.690152230544434 4.2
3033.6 226.5106484696992 6.948387014734934 4.2
3037.8 254.3893345026807 7.825209977486818 4.2
3042.0 290.46033591691696 8.959504666452911 4.2
3046.2 322.2793114801716 9.968458381058143 4.2
3050.4 350.3706107403481 10.867258555871974 4.2
3054.6 373.7219101075827 11.623475378430081 4.2
3058.8 372.16805406224125 11.607000415833891 4.2
3063.0 337.3022677963037 10.548531400315401 4.2
3067.2 313.09855526585665 9.818474126185716 4.2
3071.4 330.14786631441115 10.381497411251168 4.2
3075.6 366.7022293611309 11.562506769139961 4.2
3079.8 404.2967269357113 12.782741310024056 4.2
3084.0 435.00326431373986 13.791134690235936 4.2
3088.2 453.5972547348224 14.419825339089977 4.2
3092.4 467.58645871648486 14.905000673748516 4.2
3096.6 483.89934673699446 15.46692572596583 4.2
3100.8 506.06434967548904 16.21929601145675 4.2
3105.0 534.9461246743369 17.191429872127998 4.2
3109.2 564.5623818034143 18.192316373162907 4.2
3113.4 590.0698335783759 19.06566685133734 4.2
3117.6 609.1334782120142 19.734766853153875 4.2
3121.8 622.5111034621783 20.222553823974298 4.2
3126.0 636.1848275512498 20.722397493040653 4.2
3130.2 655.7119227989452 21.415883713416022 4.2
3134.4 686.57568270149 22.484125461892585 4.2
3138.6 726.3957823636307 23.85195602603215 4.2
3142.8 760.8092177906462 25.04886199252852 4.2
3147.0 784.6423933882941 25.90263822980617 4.2
3151.2 804.6172130297073 26.632994536888543 4.2
3155.4 825.4531179745177 27.395548494628553 4.2
3159.6 850.3016942322087 28.295410570967977 4.2
3163.8 878.3411125928296 29.30623312437552 4.2
3168.0 904.030137846103 30.243496553914557 4.2
3172.2 923.7195453756094 30.98417950182153 4.2
3176.4 935.7824155326812 31.47197517462251 4.2
3180.6 941.6882369782588 31.754406496463396 4.2
3184.8 945.0198384066566 31.950966509291433 4.2
3189.0 952.9019512135658 32.302489947325256 4.2
3193.2 976.0880897233696 33.175692731386036 4.2
3197.4 1006.6982495756879 34.30615140687424 4.2
3201.6 1023.1118436545238 34.95714854489222 4.2
3205.8 1024.4538657511223 35.094899251387396 4.2
3210.0 1022.7257482043126 35.12756127357353 4.2
3214.2 1025.905743500727 35.32905330350303 4.2
3218.4 1040.5650036690056 35.92758288696774 4.2
3222.6 1061.4326662982296 36.74379420365296 4.2
3226.8 1076.6465626227007 37.36766836768213 4.2
3231.0 1082.5384698249507 37.67003294296756 4.2
3235.2 1079.1727907238287 37.65060853853629 4.2
3239.4 1073.198603834697 37.53945817931635 4.2
3243.6 1074.015802097625 37.66552281325386 4.2
3247.8 1084.7925645605912 38.14204726631348 4.2
3252.0 1106.726173419548 39.01395691301041 4.2
3256.2 1128.0779511227909 39.86942754493722 4.2
3260.4 1133.1919632611086 40.153554849015535 4.2
3264.6 1125.4683906845107 39.982689105744214 4.2
3268.8 1113.4034332381896 39.65591728143176 4.2
3273.0 1107.350851916737 39.54176038110917 4.2
3277.2 1118.3335716796605 40.03649038083016 4.2
3281.4 1137.4148844001954 40.82404179987523 4.2
3285.6 1151.3301428517866 41.42933859565915 4.2
3289.8 1158.0898683991122 41.77918848198538 4.2
3294.0 1157.6201163390651 41.86894328216526 4.2
3298.2 1151.678554874992 41.760337509317544 4.2
3302.4 1142.7780853977308 41.54320512418587 4.2
3306.6 1136.8362984967346 41.43239133460373 4.2
3310.8 1139.7126316430524 41.64280737019237 4.2
3315.0 1145.2971743471207 41.95309446921579 4.2
3319.2 1147.1241187536914 42.12656032463767 4.2
3323.4 1144.7641586326313 42.146352970770934 4.2
3327.6 1137.6561619856718 41.9905922381641 4.2
3331.8 1136.5260826809167 42.05484145088035 4.2
3336.0 1150.517346022412 42.67995963359812 4.2
3340.2 1164.6416339573248 43.31277406527654 4.2
3344.4 1165.8987191779786 43.468634728717134 4.2
3348.6 1156.8331066527653 43.23903570754381 4.2
3352.8 1140.9587914144531 42.75274456230853 4.2
3357.0 1129.0016385373096 42.41075462137549 4.2
3361.2 1129.3083648015506 42.528493613737965 4.2
3365.4 1136.3702983989922 42.901452875838224 4.2
3369.6 1144.1541909172722 43.30320091398108 4.2
3373.8 1144.5495183176313 43.426217180465684 4.2
3378.0 1132.968836366177 43.093919891298086 4.2
3382.2 1118.7748227450543 42.65991639667535 4.2
3386.4 1109.616085362901 42.41583295270642 4.2
3390.6 1107.7152618308742 42.44827048316403 4.2
3394.8 1112.5841476175124 42.74053951758014 4.2
3399.0 1114.9693411759674 42.93821635814509 4.2
3403.2 1110.0391842551342 42.854062631466626 4.2
3407.4 1105.21562615485 42.77322536755289 4.2
3411.6 1104.4474154888942 42.84893183209869 4.2
3415.8 1104.6492100658509 42.96234714706503 4.2
3420.0 1103.735579801667 43.032442785307396 4.2
3424.2 1101.2527574344836 43.04116322456971 4.2
3428.4 1096.1103582605888 42.94533550883417 4.2
3432.6 1085.42259618001 42.630850788934715 4.2
3436.8 1072.439336650578 42.22406097177131 4.2
3441.0 1071.2822507409167 42.281657118450205 4.2
3445.2 1083.0197527902617 42.84932648716259 4.2
3449.4 1090.4208238490537 43.247399687347084 4.2
3453.6 1087.5198268285983 43.23744275194257 4.2
3457.8 1082.175044815168 43.12965657118073 4.2
3462.0 1078.3286091652942 43.080823862495066 4.2
3466.2 1076.648696340157 43.11813818383162 4.2
3470.4 1076.9168826526445 43.2334606196839 4.2
3474.6 1077.138686003241 43.34709523987662 4.2
3478.8 1076.530483280696 43.42741710776693 4.2
3483.0 1075.6582334425452 43.49706965040327 4.2
3487.2 1073.5827943247898 43.51790702637398 4.2
3491.4 1068.0363639186994 43.39742886955212 4.2
3495.6 1060.8983974153787 43.21116745563656 4.2
3499.8 1056.9606061987047 43.15429241121293 4.2
3504.0 1057.6380328478485 43.285655631714704 4.2
3508.2 1061.8631905958803 43.56282143873557 4.2
3512.4 1067.2872412938304 43.89024448159984 4.2
3516.6 1070.7480969382668 44.13793390567863 4.2
3520.8 1070.0758027256375 44.21564859287068 4.2
3525.0 1063.5233075007234 44.04980599254558 4.2
3529.2 1055.2921646871741 43.81310173397079 4.2
3533.4 1052.8333789146154 43.8151194483282 4.2
3537.6 1054.6486577136397 43.995068679295485 4.2
3541.8 1055.1669688426782 44.12126951113606 4.2
3546.0 1053.9494758263477 44.1749432239323 4.2
3550.2 1052.2225755544166 44.20709735523576 4.2
3554.4 1051.1886287512068 44.26821392537042 4.2
3558.6 1052.1917829908311 44.41523865171879 4.2
3562.8 1054.198435680976 44.605046864586306 4.2
3567.0 1055.326967340303 44.75813686785902 4.2
3571.2 1055.1760103577194 44.857183339727655 4.2
3575.4 1053.8237526003884 44.90513434207526 4.2
3579.6 1051.2457569380726 44.90058506524188 4.2
3583.8 1047.3834915958666 44.840660386487414 4.2
3588.0 1044.1632069795255 44.80763273624475 4.2
3592.2 1044.114766021595 44.9105113544082 4.2
3596.4 1043.7903483498967 45.00160465436116 4.2
3600.6 1038.712840610663 44.88735342574084 4.2
3604.8 1034.786861591599 44.82207933884341 4.2
3609.0 1038.8658987817582 45.10368235530149 4.2
3613.2 1044.261463783909 45.44352377424977 4.2
3617.4 1043.7396603059756 45.5264723494271 4.2
3621.6 1040.2657304899167 45.480371133114424 4.2
3625.8 1036.6820180162586 45.42887687391962 4.2
3630.0 1036.372796202482 45.52060232760162 4.2
3634.2 1042.59492506841 45.89992754654531 4.2
3638.4 1046.2810720554187 46.16873762952573 4.2
3642.6 1039.552167348879 45.977780224339796 4.2
3646.8 1031.8994060169023 45.744617443951824 4.2
3651.0 1031.3773479886659 45.82684934865556 4.2
3655.2 1032.3309895488171 45.97481602285782 4.2
3659.4 1030.3516887360208 45.992180493139735 4.2
3663.6 1027.5173268102938 45.971005187468776 4.2
3667.8 1025.4109773104856 45.98201512941574 4.2
3672.0 1025.5289144366736 46.09268420745234 4.2
3676.2 1028.4874420759077 46.33146150049152 4.2
3680.4 1030.0900938088062 46.50974945482322 4.2
3684.6 1027.7241435192118 46.508892721468115 4.2
3688.8 1024.950841396548 46.48919220939114 4.2
3693.0 1023.8837241312328 46.54660392249687 4.2
3697.2 1022.1799687083981 46.57490738852428 4.2
3701.4 1018.7068195262065 46.522173862098086 4.2
3705.6 1014.9956460592368 46.45794548129036 4.2
3709.8 1012.0366979592958 46.42757497467746 4.2
3714.0 1010.0746133073317 46.442543869134056 4.2
3718.2 1008.9084551539621 46.49390244211521 4.2
3722.4 1006.9575804867326 46.508892721468115 4.2
3726.6 1004.2727888086583 46.48962039264693 4.2
3730.8 1004.7576431526732 46.61696550026018 4.2
3735.0 1008.0824229979524 46.87658873122204 4.2
3739.2 1006.1340912447013 46.89127050739398 4.2
3743.4 998.3177265370238 46.631565962278266 4.2
3747.6 995.8795036108814 46.622118082429886 4.2
3751.8 1000.7506862563755 46.95523300725655 4.2
3756.0 1002.3562150357649 47.13592129480264 4.2
3760.2 997.7077932027712 47.02231429870928 4.2
3764.4 992.0046895713452 46.858027185543925 4.2
3768.6 989.4484377859425 46.84163007672497 4.2
3772.8 994.4104691069595 47.181527821240564 4.2
3777.0 1003.7262566065668 47.72962255644581 4.2
3781.2 1006.2686817223495 47.95699916809701 4.2
3785.4 999.9578616013611 47.762164494060485 4.2
3789.6 990.2537854952224 47.40367369731636 4.2
3793.8 983.9666757666678 47.20717370662524 4.2
3798.0 989.571853058358 47.581266747612055 4.2
3802.2 1004.2534669397475 48.39405347054654 4.2
3806.4 1016.4274970091436 49.088979077122794 4.2
3810.6 1020.5975665072335 49.39920958221615 4.2
3814.8 1015.8970677530117 49.28014760876024 4.2
3819.0 1002.0974060976598 48.71783722218104 4.2
3823.2 979.4882255405046 47.723468468249 4.2
3827.4 958.4060568094229 46.79893823509758 4.2
3831.6 954.3966923803777 46.70549723325289 4.2
3835.8 967.1310910444511 47.43249831941593 4.2
3840.0 987.8859435648258 48.55656989809832 4.2
3844.2 1011.9272846415125 49.847111817668605 4.2
3848.4 1035.2395201127777 51.10695428732343 4.2
3852.6 1054.3126421294626 52.16221201404283 4.2
3856.8 1066.927766745874 52.90150165065822 4.2
3861.0 1066.3055053258859 52.985861506533965 4.2
3865.2 1045.358639770547 52.05806244285937 4.2
3869.4 1008.9972906561737 50.35655367416555 4.2
3873.6 966.7445012446065 48.35261872827253 4.2
3877.8 925.8453338255234 46.407481476984366 4.2
3882.0 892.9233760595102 44.854291383467455 4.2
3886.2 877.5643249688517 44.17819827395544 4.2
3890.4 887.860513279973 44.79319078992964 4.2
3894.6 921.0591805470738 46.568473271740174 4.2
3898.8 971.2685803513197 49.213018106194134 4.2
3903.0 1023.6421307844079 51.97853082623459 4.2
3907.2 1062.1502855288102 54.05003754933101 4.2
3911.4 1088.1400416516258 55.49169620234901 4.2
3915.6 1105.51493748172 56.49890098268307 4.2
3919.8 1115.9415231373478 57.15418023155707 4.2
3924.0 1122.0578728943967 57.59065261954798 4.2
3928.2 1121.1767214797824 57.66867856646724 4.2
3932.4 1110.2119045443649 57.22687092228385 4.2
3936.6 1093.006333328067 56.46040641840756 4.2
3940.8 1072.8437258550382 55.53720252050349 4.2
3945.0 1042.4404130164885 54.07842069595311 4.2
3949.2 996.61403299398 51.81124162311011 4.2
3953.4 937.1902005056412 48.82564622031189 4.2
3957.6 868.9633505548268 45.36741142640708 4.2
3961.8 809.5210746005254 42.353762795811285 4.2
3966.0 774.8253747403834 40.62449730683316 4.2
3970.2 774.5339960212987 40.695276162863756 4.2
3974.4 811.9739688913282 42.75274456230853 4.2
3978.6 869.3620900078057 45.87118927792765 4.2
3982.8 929.5232513540984 49.14914870812644 4.2
3987.0 985.8907306517432 52.239618899911974 4.2
3991.2 1032.4244306245835 54.82062720341756 4.2
3995.4 1064.0663864409585 56.619756852263485 4.2
3999.6 1080.9562957447001 57.63947281573942 4.2
4003.8 1094.8345755727707 58.502173298910066 4.2
4008.0 1112.9555742892442 59.595298581797245 4.2
4012.2 1129.4840633650385 60.60716923611012 4.2
4016.4 1140.7732737877566 61.34116218834926 4.2
4020.6 1147.454617848444 61.829537801460525 4.2
4024.8 1150.0815756318016 62.10062913628816 4.2
4029.0 1150.245968932323 62.239199748564474 4.2
4033.2 1148.7188234632006 62.28622352919668 4.2
4037.4 1144.4206808456004 62.182474437033825 4.2
4041.6 1137.215045870315 61.91957973353486 4.2
4045.8 1128.4762793230548 61.57153771631802 4.2
4050.0 1118.4773874863076 61.152751160813864 4.2
4054.2 1105.8568593487742 60.588192977127704 4.2
4058.4 1090.6353149401502 59.878098451207215 4.2
4062.6 1074.7541391187553 59.12838267433658 4.2
4066.8 1057.1475921643473 58.280061313846154 4.2
4071.0 1033.5870277007518 57.09893395717565 4.2
4075.2 1000.4868837820968 55.384469477147064 4.2
4079.4 955.6627792146398 53.01222102330049 4.2
4083.6 898.2782090284223 49.931659470415795 4.2
4087.8 828.5791030061187 46.15215664593938 4.2
4092.0 758.0363026143872 42.3097052660657 4.2
4096.2 706.6086478375015 39.52027882703553 4.2
4100.4 688.8248479690188 38.604683833575066 4.2
4104.6 714.7786519516665 40.1413523825847 4.2
4108.8 773.711853825264 43.53995742140228 4.2
4113.0 839.1891027295923 47.32122732731261 4.2
4117.2 897.9276116701088 50.736908351430394 4.2
4121.4 945.3219043842995 53.523930733669204 4.2
4125.6 982.4784154465448 55.741159698937686 4.2
4129.8 1015.6667025461325 57.7414917929773 4.2
4134.0 1043.7591846895834 59.45932846980285 4.2
4138.2 1061.632736524144 60.600471054380435 4.2
4142.4 1072.5985080505955 61.350767481011246 4.2
4146.6 1083.5101100778616 62.10062913628816 4.2
4150.8 1094.9987882984403 62.88629374741139 4.2
4155.0 1105.2975273794955 63.60628048372598 4.2
4159.2 1112.9243533187046 64.17472258856023 4.2
4163.4 1116.1973290853136 64.49350797168363 4.2
4167.6 1116.6708929522508 64.65111212629469 4.2
4171.8 1117.0028859423014 64.80074516591733 4.2
4176.0 1117.7386659109025 64.9740592303075 4.2
4180.2 1118.9305535892993 65.17424367058833 4.2
4184.4 1119.940287792703 65.36420750006454 4.2
4188.6 1119.952176102421 65.49618438349317 4.2
4192.8 1119.0589406011084 65.57525679830495 4.2
4197.0 1117.3656503266914 65.60727504555153 4.2
4201.2 1116.8697826625503 65.70947540623038 4.2
4205.4 1119.8159111862824 66.01460058963134 4.2
4209.6 1122.854782867943 66.32602953925925 4.2
4213.8 1122.0427840993661 66.41038530957807 4.2
4218.0 1118.4178863008287 66.32786222050156 4.2
4222.2 1113.5652039633412 66.17165548874515 4.2
4226.4 1107.4804266960064 65.94107151966614 4.2
4230.6 1100.3461407808168 65.64656405170766 4.2
4234.8 1093.9952740793894 65.39732735105348 4.2
4239.0 1089.929535737502 65.28358569713666 4.2
4243.2 1088.7251362737936 65.34073267906358 4.2
4247.4 1090.5031622686624 65.57706873464319 4.2
4251.6 1091.119853236496 65.7439812411835 4.2
4255.8 1087.0232527055985 65.6266143860516 4.2
4260.0 1080.871477175932 65.38407739732646 4.2
4264.2 1074.9447007590857 65.15383744897356 4.2
4268.4 1068.8162110480712 64.91005841960038 4.2
4272.6 1062.000649648566 64.62313162175509 4.2
4276.8 1050.4499673252556 64.04599837517884 4.2
4281.0 1032.3496123836176 63.066103615065586 4.2
4285.2 1017.9608184795302 62.30917484949373 4.2
4289.4 1013.1089682115631 62.133812138711 4.2
4293.6 1007.8365170911358 61.931557200327155 4.2
4297.8 994.591748021793 61.23729519624815 4.2
4302.0 972.6675844277233 60.00452469730366 4.2
4306.2 942.6291406043385 58.265033434051354 4.2
4310.4 910.2529741852728 56.37362990552837 4.2
4314.6 877.906321914372 54.47634981495963 4.2
4318.8 838.8630580739094 52.1550060359174 4.2
4323.0 789.2067365209379 49.16318380373201 4.2
4327.2 728.2144926547554 45.451895551728235 4.2
4331.4 663.5484978147337 41.49616864407073 4.2
4335.6 618.5044654680087 38.754309204901745 4.2
4339.8 607.2979620834122 38.12589083216021 4.2
4344.0 629.0912165564386 39.57054210356252 4.2
4348.2 677.0336137435997 42.66856134420316 4.2
4352.4 735.6032705259221 46.449388399633925 4.2
4356.6 792.3368972072087 50.128418120787636 4.2
4360.8 840.9398182483952 53.30598834449426 4.2
4365.0 878.0126208296364 55.76324005835582 4.2
4369.2 904.1519114231841 57.53392461916652 4.2
4373.4 922.1697108682955 58.79332202296923 4.2
4377.6 936.7185124433129 59.83564818536838 4.2
4381.8 950.3249964132182 60.821342215953926 4.2
4386.0 962.844158764409 61.740764102581004 4.2
4390.2 974.0127544357273 62.57660536706026 4.2
4394.4 983.3182117837852 63.29537831838831 4.2
4398.6 990.440327156126 63.87574816725027 4.2
4402.8 995.174728761674 64.3037055210419 4.2
4407.0 998.479502290185 64.6403947572489 4.2
4411.2 1002.3785329717898 65.01656188302242 4.2
4415.4 1005.9702749513099 65.37384063543055 4.2
4419.6 1006.1606417589636 65.51066379538754 4.2
4423.8 1003.9643373447219 65.49196182455515 4.2
4428.0 1002.947107740174 65.54989494576472 4.2
4432.2 1003.2901671304631 65.6967672959358 4.2
4436.4 1003.5519553805501 65.83851094904583 4.2
4440.6 1002.7160014932574 65.90828332957065 4.2
4444.8 999.6795467188764 65.83305361937782 4.2
4449.0 996.6357079393596 65.75669848434738 4.2
4453.2 997.306969241074 65.92528257767906 4.2
4457.4 1000.3363197491553 66.25032300089397 4.2
4461.6 1002.4529350833428 66.51567459357615 4.2
4465.8 1002.4130593384815 66.63831391450196 4.2
4470.0 999.6459445752881 66.57941884654792 4.2
4474.2 995.5852821765504 66.43363254313658 4.2
4478.4 992.2280322305551 66.33397152371278 4.2
4482.6 991.2091014094175 66.3902035224251 4.2
4486.8 994.1772762468482 66.71384936343054 4.2
4491.0 997.0550662859767 67.03228131127413 4.2
4495.2 994.4322872509365 66.98105751247373 4.2
4499.4 989.7557802668972 66.79070075167769 4.2
4503.6 987.9833684299158 66.79562225369128 4.2
4507.8 988.1161015612166 66.92925641309286 4.2
4512.0 988.4690434474345 67.07798375348376 4.2
4516.2 988.4687000275028 67.2028977524886 4.2
4520.4 987.4236439239232 67.25676898902509 4.2
4524.6 985.8182921951591 67.2722572154723 4.2
4528.8 984.2625724968384 67.2908477953343 4.2
4533.0 982.4576000713475 67.29208734997484 4.2
4537.2 980.1519491516999 67.25862738790408 4.2
4541.4 976.9711596831575 67.1645330905691 4.2
4545.6 972.7177076168776 66.99586518913416 4.2
4549.8 968.1544410860346 66.80485104742345 4.2
4554.0 964.0225706667569 66.64261038387312 4.2
4558.2 962.7610261603055 66.67822035969067 4.2
4562.4 965.9764475378732 67.02425572010523 4.2
4566.6 968.5349790555908 67.32556395777779 4.2
4570.8 966.3730663904803 67.29890530866251 4.2
4575.0 962.0088291040882 67.11815349555584 4.2
4579.2 957.7541237123992 66.94405263794948 4.2
4583.4 955.2779072077782 66.89351236969307 4.2
4587.6 955.5956554369172 67.0384554968697 4.2
4591.8 955.8446799441792 67.17876258653374 4.2
4596.0 954.1512304480012 67.18247512472968 4.2
4600.2 953.0942016660691 67.23075679569618 4.2
4604.4 953.733778198808 67.39877451438069 4.2
4608.6 952.2505314898262 67.4167791227517 4.2
4612.8 947.1265361251573 67.17628767504702 4.2
4617.0 942.6913142742238 66.98352523128297 4.2
4621.2 941.3773079930861 67.01191053300658 4.2
4625.4 941.4963975421178 67.14226688661563 4.2
4629.6 941.6083823422482 67.2722572154723 4.2
4633.8 940.1879577078523 67.29270713585798 4.2
4638.0 937.052160043503 67.18990081663613 4.2
4642.2 935.0644807214672 67.16886348763799 4.2
4646.4 934.9320875764834 67.28093218016768 4.2
4650.6 933.6998309464701 67.31378325276225 4.2
4654.8 930.3175277867114 67.19113851174801 4.2
4659.0 926.5392760746033 67.03907294670638 4.2
4663.2 922.9903705300136 66.9027546883788 4.2
4667.4 918.7623945489933 66.71630723774699 4.2
4671.6 914.4963052702919 66.52609015301924 4.2
4675.8 912.7028391067188 66.51506196439371 4.2
4680.0 913.3086030520544 66.67883449162439 4.2
4684.2 913.369268732019 66.80300518667488 4.2
4688.4 912.128320313697 66.83192953223114 4.2
4692.6 910.9912008063344 66.86825654587332 4.2
4696.8 909.9994293505398 66.91507976637573 4.2
4701.0 908.039523974465 66.89043188053606 4.2
4705.2 905.4095646499547 66.81592728304072 4.2
4709.4 903.5539645031408 66.79808314068727 4.2
4713.6 902.1355649849979 66.81223500046795 4.2
4717.8 899.4193001472105 66.72982716521192 4.2
4722.0 895.8623585746391 66.58432478016188 4.2
4726.2 893.3488095473384 66.51567459357615 4.2
4730.4 891.5824736954175 66.50219805491288 4.2
4734.6 888.9772913387727 66.42567862654204 4.2
4738.8 885.6303582068635 66.29304993467095 4.2
4743.0 882.4599523264503 66.17287442691163 4.2
4747.2 879.5209663152284 66.0693448007591 4.2
4751.4 876.4558982326995 65.95564928391778 4.2
4755.6 873.4189654152813 65.84336228853712 4.2
4759.8 870.8349394353008 65.76457229619328 4.2
4764.0 867.8281814467026 65.65321528782401 4.2
4768.2 863.0268906788939 65.40515813122731 4.2
4772.4 857.4712758161783 65.09865264294518 4.2
4776.6 853.0284307900092 64.87539274318904 4.2
4780.8 849.102467841077 64.69042435106564 4.2
4785.0 844.3711195438532 64.44303712192654 4.2
4789.2 839.4122581928519 64.17708691626557 4.2
4793.4 835.12966676047 63.96170028241188 4.2
4797.6 830.9696901479543 63.75466968577759 4.2
4801.8 826.1085559888535 63.49272987474131 4.2
4806.0 819.9166803750568 63.12712344543802 4.2
4810.2 811.818580025996 62.612926069200526 4.2
4814.4 801.768360254833 61.94581911026721 4.2
4818.6 789.6952070694587 61.11952916669497 4.2
4822.8 776.2806310637285 60.18607195319595 4.2
4827.0 762.0485781175064 59.18559254896284 4.2
4831.2 744.9227219632012 57.956213017630134 4.2
4835.4 722.763882943265 56.3300322659327 4.2
4839.6 693.2698584208404 54.12526055151538 4.2
4843.8 655.500230868528 51.265358647164646 4.2
4848.0 608.6673869358868 47.685242988541304 4.2
4852.2 554.1915093080885 43.49266302265016 4.2
4856.4 508.35178615472046 39.964280635993525 4.2
4860.6 485.78655370139046 38.2563912195657 4.2
4864.8 492.89143777812257 38.88302100961283 4.2
4869.0 531.6106902103273 42.009934073791186 4.2
4873.2 583.6611461554052 46.202768548488784 4.2
4877.4 631.6500092651778 50.087804999878664 4.2
4881.6 672.3274979790364 53.405255850796 4.2
4885.8 703.3733094911302 55.96751186442458 4.2
4890.0 724.788904819141 57.77074923641928 4.2
4894.2 738.6417123240606 58.976093219598 4.2
4898.4 749.8402725324539 59.973031225406686 4.2
4902.6 762.0655563829566 61.05538863564863 4.2
4906.8 773.7355324255395 62.0966254898302 4.2
4911.0 783.5764706442442 62.994118054855676 4.2
4915.2 791.755094854582 63.7605419782839 4.2
4919.4 797.9670913082095 64.37066562868037 4.2
4923.6 801.1092174391154 64.73453012104076 4.2
4927.8 801.2556562026017 64.85687212940547 4.2
4932.0 800.9826682454785 64.94534078529335 4.2
4936.2 801.8770044772614 65.12863858436381 4.2
4940.4 803.4688213932484 65.3690238902981 4.2
4944.6 805.5767541791015 65.65200592204391 4.2
4948.8 808.4877601053996 66.00122557204959 4.2
4953.0 811.8814127371917 66.3908150016135 4.2
4957.2 814.9676553171656 66.7562603893437 4.2
4961.4 816.4710118964965 66.99277998656416 4.2
4965.6 814.0775719200224 66.9095332003186 4.2
4969.8 808.9085600374802 66.59720457589596 4.2
4974.0 806.940834046092 66.54753908768045 4.2
4978.2 808.8808872822431 66.82023520393807 4.2
4982.4 809.0215180061497 66.94466921830023 4.2
4986.6 806.2248670680464 66.82577436750393 4.2
4990.8 804.0164268316412 66.75503070490963 4.2
4995.0 803.1973549307123 66.79931361818382 4.2
4999.2 802.1511886763416 66.82454340258629 4.2
5003.4 800.7903044246764 66.82331246034421 4.2
5007.6 800.1400208633695 66.88119126419154 4.2
5011.8 800.0217443409987 66.98352523128297 4.2
5016.0 799.4405976486917 67.0471003121136 4.2
5020.2 797.9197521633782 67.03166392399042 4.2
5024.4 795.2448052134357 66.91877773251733 4.2
5028.6 792.0982843741508 66.76548374465823 4.2
5032.8 789.7068594927849 66.67514978486993 4.2
5037.0 788.4848496768689 66.6831335735379 4.2
5041.2 788.3469641749997 66.78270408428652 4.2
5045.4 788.6168441767937 66.91692872390216 4.2
5049.6 788.2778081423488 66.99956761976603 4.2
5053.8 787.1493706771427 67.0149966165911 4.2
5058.0 785.4229817043745 66.97920678302786 4.2
5062.2 783.7014598168689 66.9434360632787 4.2
5066.4 782.8495471382631 66.98167443365244 4.2
5070.6 782.0500543461715 67.02425572010523 4.2
5074.8 779.8218369199317 66.94405263794948 4.2
5079.0 777.0712281465658 66.81838891811597 4.2
5083.2 775.373331720122 66.78270408428652 4.2
5087.4 774.7926343917993 66.84301025745768 4.2
5091.6 774.9910714398841 66.97057072173473 4.2
5095.8 775.0692476742486 67.08786945886122 4.2
5100.0 773.9713816640901 67.10331879027662 4.2
5104.2 771.8161971704295 67.02672503042456 4.2
5108.4 769.0303191464578 66.89474460507718 4.2
5112.6 766.213189034956 66.75933469953291 4.2
5116.8 763.9138264153602 66.66839501798808 4.2
5121.0 762.8790754386135 66.68743293263186 4.2
5125.2 763.701458080538 66.86887242811251 4.2
5129.4 765.0751917255258 67.0989926188943 4.2
5133.6 765.5916747395204 67.25429120372924 4.2
5137.8 764.4953812002102 67.26792015257831 4.2
5142.0 761.2251178639732 67.08972319080927 4.2
5146.2 757.2371875339612 66.84731992451465 4.2
5150.4 754.0485966706058 66.674535686874 4.2
5154.6 752.5984436568048 66.65488753710379 4.2
5158.8 753.5496498831395 66.84793561391955 4.2
5163.0 755.2122130624608 67.10455489047395 4.2
5167.2 755.9319676771466 67.27783385008041 4.2
5171.4 755.5043905170356 67.34913155345508 4.2
5175.6 753.8411598884661 67.31006345841259 4.2
5179.8 751.5800993136271 67.21713537640133 4.2
5184.0 749.3613144132112 67.12742685170453 4.2
5188.2 747.0881295892851 67.03228131127413 4.2
5192.4 744.7679381324681 66.93233869022684 4.2
5196.6 742.6063811361784 66.84608856271686 4.2
5200.8 740.8477200049705 66.79562225369128 4.2
5205.0 740.2659728758492 66.8510141460061 4.2
5209.2 741.0494528403782 67.0298117962576 4.2
5213.4 741.6707634168122 67.19423284927547 4.2
5217.6 741.0298317602495 67.2443809753441 4.2
5221.8 738.9597554798132 67.1645330905691 4.2
5226.0 735.8993917033082 66.99401405054273 4.2
5230.2 734.0145384721251 66.92987285716418 4.2
5234.4 734.1476959505015 67.0495704640743 4.2
5238.6 734.0248745939122 67.14597740792838 4.2
5242.8 732.5186278306817 67.11568081694942 4.2
5247.0 730.6192764408203 67.04895291755237 4.2
5251.2 728.9875914307842 67.00635594068382 4.2
5255.4 727.9904820568531 67.02178650075697 4.2
5259.6 727.6387536797401 67.09652064618767 4.2
5263.8 727.381908816072 67.1800000764705 4.2
5268.0 726.6172805782779 67.21651628655661 4.2
5272.2 724.5118634018011 67.12866339599287 4.2
5276.4 721.4360354832711 66.9502186970097 4.2
5280.6 719.2812045762295 66.85655586103793 4.2
5284.8 718.5419728047405 66.89412848454752 4.2
5289.0 718.022611012824 66.95206862547353 4.2
5293.2 717.5640081401067 67.01561385036197 4.2
5297.4 718.2302959397874 67.18433147076442 4.2
5301.6 719.030544333492 67.36588196359294 4.2
5305.8 717.0071788016603 67.28279124670954 4.2
5310.0 712.7417721775583 66.98846094165218 4.2
5314.2 709.8154770210951 66.81900434105522 4.2
5318.4 708.9102555564162 66.83931647826525 4.2
5322.6 708.6529436422404 66.92062679222322 4.2
5326.8 708.135672418288 66.97735610471884 4.2
5331.0 706.5190717460151 66.92987285716418 4.2
5335.2 704.4527127872952 66.83931647826525 4.2
5339.4 703.649430346823 66.86825654587332 4.2
5343.6 703.6186987435925 66.97057072173473 4.2
5347.8 702.7533764649914 66.99339701571192 4.2
5352.0 700.8499475899182 66.91692872390216 4.2
5356.2 698.2318966822351 66.77163335615761 4.2
5360.4 696.5541077056797 66.71569276067865 4.2
5364.6 698.2172339201538 66.97982368716066 4.2
5368.8 701.162697390998 67.36774337741593 4.2
5373.0 701.5515259174783 67.51060500619509 4.2
5377.2 699.5534049766972 67.42360971507023 4.2
5381.4 696.6950195649861 67.25305234531248 4.2
5385.6 693.6894125615319 67.06748178763098 4.2
5389.8 691.1939921270139 66.93048930691319 4.2
5394.0 689.1208188742593 66.83377619219942 4.2
5398.2 687.080009513469 66.73966156055681 4.2
5402.4 685.5320777121767 66.6929610873538 4.2
5406.6 684.9908567492522 66.74396456426335 4.2
5410.8 685.1825469133347 66.86640893319029 4.2
5415.0 685.6971316998864 67.02055192519568 4.2
5419.2 685.6380263745342 67.11877167944161 4.2
5423.4 684.0848636786951 67.07057043042528 4.2
5427.6 681.6000084340707 66.93048930691319 4.2
5431.8 679.024920262912 66.78085883547325 4.2
5436.0 676.5662952726931 66.64199658557477 4.2
5440.2 674.347143961756 66.52609015301924 4.2
5444.4 673.3629302752088 66.53160493298961 4.2
5448.6 674.4090703099722 66.73781750103599 4.2
5452.8 675.9555173228808 66.99401405054273 4.2
5457.0 676.5024085489256 67.15154357438254 4.2
5461.2 675.3876137021883 67.1441221216409 4.2
5465.4 672.216780919332 66.93172222344445 4.2
5469.6 668.722785033942 66.68620451603472 4.2
5473.8 666.5111272007013 66.5677687028671 4.2
5478.0 665.1769613894633 66.53650734341441 4.2
5482.2 664.3049738231524 66.55121674221232 4.2
5486.4 663.5143488915725 66.57390010329951 4.2
5490.6 662.5118386750167 66.57512645115442 4.2
5494.8 662.1699613843757 66.64261038387312 4.2
5499.0 662.9515881858421 66.82331246034421 4.2
5503.2 663.4720953993292 66.97797299180674 4.2
5507.4 662.8084160120195 67.0131449493861 4.2
5511.6 661.5061281049288 66.98352523128297 4.2
5515.8 660.0247689048974 66.9354211093071 4.2
5520.0 658.6202800594397 66.89474460507718 4.2
5524.2 657.4980477459986 66.88242327261041 4.2
5528.4 656.7231686669489 66.90521952235225 4.2
5532.6 656.1251875357511 66.945902396037 4.2
5536.8 655.0336068196742 66.93603761015818 4.2
5541.0 653.0537902588278 66.83500732719233 4.2
5545.2 650.2656685517632 66.65059027622083 4.2
5549.4 647.2040034576889 66.43730390278625 4.2
5553.6 645.3332795607304 66.34558075013317 4.2
5557.8 645.0886872447428 66.42078438197856 4.2
5562.0 645.2786345398732 66.54079724886176 4.2
5566.2 645.0652409432794 66.61929002234538 4.2
5570.4 644.1047329129049 66.62051720632064 4.2
5574.6 642.5128736612288 66.55612059774188 4.2
5578.8 641.1618454503805 66.51628722840006 4.2
5583.0 640.4039456392951 66.53773300246289 4.2
5587.2 639.9894566150768 66.59475108940347 4.2
5591.4 639.587740217203 66.65304581994343 4.2
5595.6 638.645610734985 66.65488753710379 4.2
5599.8 637.3239252794162 66.6168357222094 4.2
5604.0 636.5682908867423 66.63770015577538 4.2
5608.2 636.1598684477382 66.69480390742953 4.2
5612.4 634.8337726356972 66.65550145413329 4.2
5616.6 632.4442718690024 66.50403560393785 4.2
5620.8 629.61778884859 66.30587338740705 4.2
5625.0 627.2435457122133 66.15459271183501 4.2
5629.2 626.5156108166268 66.17653137613765 4.2
5633.4 626.7525012684104 66.30037731824049 4.2
5637.6 625.9515767499245 66.31442373393236 4.2
5641.8 624.042088624628 66.21067264925924 4.2
5646.0 622.0359815512209 66.0961251575948 4.2
5650.2 620.5740528521836 66.03892574785412 4.2
5654.4 620.2520367600927 66.10282194273732 4.2
5658.6 620.0336562872451 66.17775040412266 4.2
5662.8 618.0317804083626 66.06204295043707 4.2
5667.0 614.6768109862581 65.80092518565887 4.2
5671.2 611.4364541690484 65.55110243057379 4.2
5675.4 608.723829158626 65.35698358008987 4.2
5679.6 606.6270244847618 65.2282909953275 4.2
5683.8 605.2623773581468 65.17784543191334 4.2
5688.0 604.6639534654347 65.209669636224 4.2
5692.2 604.4953337618609 65.28779482113619 4.2
5696.4 604.3608163926676 65.36962596403065 4.2
5700.6 603.6206904434181 65.38588405110912 4.2
5704.8 601.5841811774038 65.2613419778247 4.2
5709.0 599.3453893140272 65.11424360910966 4.2
5713.2 598.3873441767646 65.10584800955216 4.2
5717.4 598.1031642693367 65.17064210829743 4.2
5721.6 597.5610327320504 65.20726726746562 4.2
5725.8 596.6187615940207 65.20006069220744 4.2
5730.0 595.1686003018614 65.13703712283662 4.2
5734.2 593.53670573529 65.05369961481378 4.2
5738.4 592.2043853403915 65.00279037444793 4.2
5742.6 590.5818847750858 64.9196246241531 4.2
5746.8 588.1025852643232 64.74168524111478 4.2
5751.0 585.6882610142048 64.57018043490689 4.2
5755.2 584.2199910957985 64.5024186946031 4.2
5759.4 583.8519978078743 64.55590889216134 4.2
5763.6 584.6360471802501 64.73691507319768 4.2
5767.8 585.5565850511698 64.93337851320894 4.2
5772.0 585.6910800642707 65.04291550787987 4.2
5776.2 585.1036540178735 65.07227643491265 4.2
5780.4 583.952429985531 65.0387221713242 4.2
5784.6 583.3572346264389 65.06688261813835 4.2
5788.8 584.0582520281033 65.23970671463013 4.2
5793.0 583.8942489775477 65.31606311135309 4.2
5797.2 581.4611295948191 65.13823700245243 4.2
5801.4 578.980095395674 64.95431393553562 4.2
5805.6 578.0894378870349 64.94833169763257 4.2
5809.8 578.2809559085986 65.06388624645318 4.2
5814.0 579.1341833006459 65.25412942633893 4.2
5818.2 580.4809378802729 65.50040721467842 4.2
5822.4 581.8367895616495 65.74822004893706 4.2
5826.6 581.9140534603524 65.85185299283218 4.2
5830.8 580.2043285685473 65.75306473530387 4.2
5835.0 578.0208894755166 65.6000242622435 4.2
5839.2 576.3874995328 65.50885369386076 4.2
5843.4 575.7182840413627 65.52695696000104 4.2
5847.6 575.9144029443803 65.64354098532114 4.2
5851.8 575.7663845715477 65.7209753384732 4.2
5856.0 574.6496130759849 65.68769157905633 4.2
5860.2 573.0234281348231 65.59579500871686 4.2
5864.4 571.3129713181488 65.49377145933586 4.2
5868.6 570.0805659302908 65.4461344179324 4.2
5872.8 569.197301653005 65.4382987317807 4.2
5877.0 567.3798044659911 65.32268086148548 4.2
5881.2 564.5538294082091 65.09025905363103 4.2
5885.4 562.1720956619309 64.90826491318361 4.2
5889.6 560.9157754990315 64.85567743267443 4.2
5893.8 560.7050477557946 64.9238102819581 4.2
5898.0 560.9081085808356 65.03992023989605 4.2
5902.2 560.208135105847 65.05130299209752 4.2
5906.4 558.3821722422172 64.93158436244362 4.2
5910.6 556.2296249744335 64.77329648270833 4.2
5914.8 554.3717949064207 64.64873033517641 4.2
5919.0 553.2794944644629 64.61301399621463 4.2
5923.2 552.9736799740689 64.66897835693516 4.2
5927.4 553.1472824451474 64.7810525404317 4.2
5931.6 552.9444988569608 64.84910699401122 4.2
5935.8 550.9684565397102 64.70889743380197 4.2
5940.0 548.2319788987301 64.47865950223745 4.2
5944.2 547.3314806009548 64.4638144513841 4.2
5948.4 547.9600855624535 64.62908390624489 4.2
5952.6 548.2464834106615 64.75420860429634 4.2
5956.8 547.4131388030277 64.74705210016555 4.2
5961.0 545.0633876073618 64.5600710995911 4.2
5965.2 542.6442885760297 64.36414432588985 4.2
5969.4 542.6051259859277 64.45016002322377 4.2
5973.6 543.8122396470364 64.68446641717226 4.2
5977.8 543.6789185452529 64.75957650148955 4.2
5982.0 542.345994886154 64.69161600369492 4.2
5986.2 540.8126101521101 64.59932796529417 4.2
5990.4 539.6368633476209 64.54936882263343 4.2
5994.6 539.3477061434595 64.6052780572852 4.2
5998.8 539.1883364623887 64.67672192344048 4.2
6003.0 537.9879743765889 64.62313162175509 4.2
6007.2 536.3707323533889 64.519055338187 4.2
6011.4 535.3354467392654 64.48459847974048 4.2
6015.6 534.7112892877567 64.49944831684424 4.2
6019.8 534.1523328418713 64.52202661890388 4.2
6024.0 533.4077585648763 64.52202661890388 4.2
6028.2 532.2282828510872 64.46915827591867 4.2
6032.4 530.7096592914048 64.37481589265003 4.2
6036.6 528.9668500122838 64.25279141267072 4.2
6040.8 527.6383337572635 64.18063357114983 4.2
6045.0 527.3471998800356 64.23444853898752 4.2
6049.2 527.3675068835752 64.32621530251542 4.2
6053.4 526.9076571406296 64.35940197519056 4.2
6057.6 525.9592169856005 64.3327327623794 4.2
6061.8 524.5393188752925 64.24805726645556 4.2
6066.0 522.9406986513874 64.14104038155058 4.2
6070.2 521.4723117734301 64.04953778564243 4.2
6074.4 520.5931879336542 64.03007344835827 4.2
6078.6 520.6071438182653 64.12036708539055 4.2
6082.8 520.5832377730334 64.20605700088448 4.2
6087.0 519.7645447838123 64.19363964937006 4.2
6091.2 518.7421477102233 64.15581110237054 4.2
6095.4 517.9798115653034 64.149902405909 4.2
6099.6 517.2905482650627 64.15285668611313 4.2
6103.8 516.5455981383506 64.14872073192052 4.2
6108.0 515.6644569483581 64.12745432190603 4.2
6112.2 514.6336048702076 64.08730367011685 4.2
6116.4 513.8797396809886 64.08140128313246 4.2
6120.6 513.605018728979 64.13513304546007 4.2
6124.8 513.2694683741072 64.1812246993521 4.2
6129.0 512.5001679101044 64.17294939994265 4.2
6133.2 511.2990675551052 64.11032817444068 4.2
6137.4 509.7959685207801 64.00943591794605 4.2
6141.6 508.47101287076094 63.930485123230724 4.2
6145.8 507.5471676103102 63.90163937798082 4.2
6150.0 506.5928118087628 63.86868874878977 4.2
6154.2 505.4684379614473 63.81400470255059 4.2
6158.4 504.62581893768794 63.794611942603744 4.2
6162.6 504.13783908664243 63.819882460265056 4.2
6166.8 503.4050028409049 63.81400470255059 4.2
6171.0 502.36822453774937 63.76935143121382 4.2
6175.2 501.8699572361296 63.79284925668688 4.2
6179.4 501.8947324716646 63.88280836598964 4.2
6183.6 501.31474401368075 63.89575409052272 4.2
6187.8 499.65325209824476 63.770526116897166 4.2
6192.0 497.1315880648911 63.53484869366671 4.2
6196.2 494.42269770794877 63.27439480613768 4.2
6200.4 492.7490997892628 63.14573170091357 4.2
6204.6 492.3723741398677 63.182964669189644 4.2
6208.8 492.5449989942322 63.29071471437752 4.2
6213.0 492.5502541461819 63.377047037801816 4.2
6217.2 491.6630580471244 63.34845100650283 4.2
6221.4 489.93786461665036 63.21148599854398 4.2
6225.6 488.1742051372695 63.069007983341656 4.2
6229.8 486.7310431409604 62.96743463345173 4.2
6234.0 485.6771359620795 62.9158400989104 4.2
6238.2 484.86704345918963 62.89556169700498 4.2
6242.4 483.9606673337958 62.862550859659436 4.2
6246.6 483.06977039436356 62.83129341691538 4.2
6250.8 482.55858653259816 62.849235603774794 4.2
6255.0 482.25265429801556 62.89382385242072 4.2
6259.2 481.8408287961915 62.92453284390181 4.2
6263.4 480.23406019361977 62.79889470741183 4.2
6267.6 475.96466334819263 62.324097742631665 4.2
6271.8 470.5316628755859 61.69528858226212 4.2
6276.0 472.7454796912888 62.0686071909497 4.2
6280.2 475.0970191895059 62.46086581439831 4.2
6284.4 475.49024861085206 62.59620439801557 4.2
6288.6 475.61693730622414 62.69660145328848 4.2
6292.8 473.20071981458284 62.461441102881764 4.2
6297.0 469.0702269941135 61.99890225482677 4.2
6301.2 467.1869747274485 61.832385222465184 4.2
6305.4 468.31273716295823 62.06403397544597 4.2
6309.6 468.8151083316666 62.2134091039601 4.2
6313.8 468.70502880628044 62.28163427971932 4.2
6318.0 468.21143007929896 62.298845708975676 4.2
6322.2 467.6153876008293 62.302288565547485 4.2
6326.4 467.2700650028376 62.339024209765576 4.2
6330.6 466.92110848304725 62.37520701509336 4.2
6334.8 466.24634319129854 62.36773900265539 4.2
6339.0 465.362893555657 62.33213462692791 4.2
6343.2 464.4259146006024 62.28909198184058 4.2
6347.4 463.60223359527737 62.26098684114451 4.2
6351.6 463.0575553510531 62.27016263531639 4.2
6355.8 462.62043153857394 62.29368178084199 4.2
6360.0 462.09473832643715 62.30515775803017 4.2
6364.2 461.39577805894294 62.293108037471875 4.2
6368.4 460.46496008549445 62.249518999790034 4.2
6372.6 459.3713823458338 62.18361989109344 4.2
6376.8 458.2174904630985 62.1092092479422 4.2
6381.0 457.0416358358395 62.03145956677082 4.2
6385.2 455.8943865808545 61.957231002881194 4.2
6389.4 455.24491119995844 61.95038361505635 4.2
6393.6 455.3552313142318 62.0468874181065 4.2
6397.8 455.09696111444396 62.09319399830645 4.2
6402.0 453.70536535302915 61.98462812344858 4.2
6406.2 452.3267462549201 61.87739188208148 4.2
6410.4 451.7425460613448 61.87853171626049 4.2
6414.6 451.14702189970814 61.87796179654617 4.2
6418.8 450.0052358247405 61.80220923060262 4.2
6423.0 448.4989294031469 61.675971630342794 4.2
6427.2 446.8251665790376 61.526186840682605 4.2
6431.4 445.22773672073424 61.386376682544565 4.2
6435.6 444.04518862334345 61.30332067558096 4.2
6439.8 443.97702344758284 61.37393937534117 4.2
6444.0 444.91207344369633 61.58344785930493 4.2
6448.2 444.7544029720794 61.64189764471061 4.2
6452.4 442.55035113616236 61.416349637011294 4.2
6456.6 439.7050881220797 61.100955244517245 4.2
6460.8 437.11193043999094 60.81966168338064 4.2
6465.0 434.8026639779927 60.577033247411926 4.2
6469.2 432.78091319872414 60.37372886095608 4.2
6473.4 430.8086034306157 60.176649009375495 4.2
6477.6 428.7469091143894 59.96640312732654 4.2
6481.8 426.6718606840776 59.75358960817186 4.2
6486.0 423.2367453507121 59.34935452605282 4.2
6490.2 421.50729422767944 59.183412111317956 4.2
6494.4 419.59971715704165 58.99184783041035 4.2
6498.6 417.32426991778027 58.74785306756427 4.2
6502.8 414.3663316436487 58.406878983493435 4.2
6507.0 410.30956503649793 57.909791327930144 4.2
6511.2 405.37707412937414 57.28751711486491 4.2
6515.4 400.1613022298128 56.62340738056811 4.2
6519.6 394.88928762647055 55.94947297791446 4.2
6523.8 389.37133653331284 55.23877005185247 4.2
6528.0 382.9596020925313 54.399135746330565 4.2
6532.2 374.87139998412556 53.318754996750066 4.2
6536.4 365.0093690670735 51.98283966446677 4.2
6540.6 353.76109919738155 50.44568224963741 4.2
6544.8 340.0889297418091 48.55835882119538 4.2
6549.0 322.3615786170144 46.086316707660515 4.2
6553.2 301.35778114193954 43.1387940317707 4.2
6557.4 279.688044205523 40.088148637500105 4.2
6561.6 264.6876943111021 37.986737878619074 4.2
6565.8 265.57179898863586 38.162428181361726 4.2
6570.0 281.0881360308619 40.4438042765285 4.2
6574.2 303.3049028655214 43.69623314325925 4.2
6578.4 325.35441186161745 46.9327497604549 4.2
6582.6 342.2301942918193 49.430158153134435 4.2
6586.8 354.0758456486962 51.20637118428909 4.2
6591.0 363.07691063037765 52.575086997687066 4.2
6595.2 370.3917583196256 53.70268501473957 4.2
6599.4 377.0269109708714 54.73435441495319 4.2
6603.6 382.78572806787236 55.641137511124484 4.2
6607.8 387.1858483946452 56.352345891361566 4.2
6612.0 390.59219874345087 56.920407422741015 4.2
6616.2 393.15156139915405 57.366189077108395 4.2
6620.4 395.05430130795963 57.717033310096525 4.2
6624.6 397.0067896664404 58.075906850798226 4.2
6628.8 399.2522964363832 58.478469805356205 4.2
6633.0 401.4331748002404 58.87243515322939 4.2
6637.2 402.99480313722904 59.17632624372858 4.2
6641.4 403.65095011095235 59.34771466544056 4.2
6645.6 403.99208806503594 59.473021062497715 4.2
6649.8 404.57597319369006 59.634282728841015 4.2
6654.0 405.4335290337851 59.836199294592085 4.2
6658.2 406.47288678714597 60.06534833404825 4.2
6662.4 407.51523331694807 60.295374923932144 4.2
6666.6 408.2220494880385 60.47613112412904 4.2
6670.8 408.2304677066022 60.55360450523708 4.2
6675.0 407.4803914037458 60.51847838079507 4.2
6679.2 407.1630497053992 60.54746990361102 4.2
6683.4 408.1373553971764 60.768707589247846 4.2
6687.6 409.08417210204306 60.986259868021804 4.2
6691.8 409.0226419264731 61.05370163622314 4.2
6696.0 408.5247423376744 61.05595097914927 4.2
6700.2 407.82112813663684 61.0272780632996 4.2
6704.4 406.97658187814403 60.97727326281347 4.2
6708.6 406.287498266655 60.95032139171256 4.2
6712.8 405.6148424765469 60.92562597496519 4.2
6717.0 404.94361738679515 60.90094056413124 4.2
6721.2 404.2552021152424 60.87346176409388 4.2
6725.4 403.5050882707348 60.8364690988662 4.2
6729.6 403.45095954678305 60.90430616747483 4.2
6733.8 404.3196309041063 61.11164863144517 4.2
6738.0 404.42988640236797 61.20459098504783 4.2
6742.2 403.16422911977673 61.08913841485073 4.2
6746.4 402.07315714282163 60.99974225916929 4.2
6750.6 401.66177633546914 61.013227630904574 4.2
6754.8 401.4026777243461 61.04976548549918 4.2
6759.0 401.26969498506423 61.10545749514322 4.2
6763.2 401.09642744506436 61.15500415292657 4.2
6767.4 400.7758654674448 61.18204653353262 4.2
6771.6 400.19776794749635 61.16965062503969 4.2
6775.8 399.135262014877 61.082949559028094 4.2
6780.0 398.0758828802705 60.996371381978086 4.2
6784.2 397.5721639412588 60.99468601323704 4.2
6788.4 397.4828591894646 61.05651332782881 4.2
6792.6 397.4487845226741 61.126847716498425 4.2
6796.8 396.9577389901196 61.126847716498425 4.2
6801.0 395.8837769547539 61.0368342054606 4.2
6805.2 394.76575176843596 60.939656234011565 4.2
6809.4 394.0538381179131 60.9048671194481 4.2
6813.6 393.9671277811131 60.96660338904341 4.2
6817.8 394.1129819320992 61.064386753211956 4.2
6822.0 393.6749895004119 61.07169870017496 4.2
6826.2 392.59362012193554 60.9789581504158 4.2
6830.4 391.35328155991107 60.86112837702368 4.2
6834.6 390.2645020637305 60.76646882856433 4.2
6838.8 389.1503708684771 60.667486197308605 4.2
6843.0 387.8896349820478 60.54523929347492 4.2
6847.2 387.03944475580477 60.486715159475544 4.2
6851.4 385.43807001750423 60.310370993459635 4.2
6855.6 379.9428835967844 59.5234369620283 4.2
6859.8 381.8408138153135 59.89409401967883 4.2
6864.0 380.0412212723233 59.68483533156664 4.2
6868.2 380.89334817115764 59.89188748035597 4.2
6872.4 383.59805495167785 60.39096926244575 4.2
6876.6 383.56743550521503 60.4599801143831 4.2
6880.8 383.1275526264564 60.46443513447562 4.2
6885.0 383.1787051720904 60.54635458827088 4.2
6889.2 380.819930018352 60.24707961546813 4.2
6893.4 378.18325465556256 59.902920989932916 4.2
6897.6 377.54197528194413 59.87423809197934 4.2
6901.8 377.7222033479418 59.975793149155365 4.2
6906.0 378.6379208445171 60.19438754072846 4.2
6910.2 379.5386602952352 60.41099655227173 4.2
6914.4 379.0009117485793 60.39875686387199 4.2
6918.6 376.78431000735634 60.118481161476055 4.2
6922.8 374.36366014145227 59.804794168555134 4.2
6927.0 371.85264881932574 59.47575995939723 4.2
6931.2 368.74012069508507 59.04946946347521 4.2
6935.4 366.71293285897787 58.79602961785048 4.2
6939.6 365.8612198110265 58.73054081178588 4.2
6943.8 364.9041879341897 58.647837072306714 4.2
6948.0 364.8662013008093 58.71269289133661 4.2
6952.2 365.61225125330645 58.90389319456485 4.2
6956.4 366.15769195050456 59.06306767178075 4.2
6960.6 366.6265401165104 59.21012800852186 4.2
6964.8 367.729062961276 59.45987611297792 4.2
6969.0 368.69591487468944 59.688133728594536 4.2
6973.2 368.35707162615756 59.7051783506357 4.2
6977.4 367.13180788234195 59.578285328209915 4.2
6981.6 365.78957910590924 59.43195274110592 4.2
6985.8 364.2880785430125 59.2592294454714 4.2
6990.0 362.4456595340655 59.030437231334645 4.2
6994.2 360.6925407201592 58.815527982261315 4.2
6998.4 359.8485292485029 58.74839415777904 4.2
7002.6 360.2355887341703 58.88219619532282 4.2
7006.8 361.04872204620256 59.08591971165211 4.2
7011.0 361.1148270185369 59.16760634054412 4.2
7015.2 360.5862321882625 59.15180479092536 4.2
7019.4 360.2908824791935 59.17414614746119 4.2
7023.6 359.9264097796258 59.18504743202015 4.2
7027.8 358.9636457491792 59.0973490469978 4.2
7032.0 358.4260206349609 59.07938965534224 4.2
7036.2 358.863181995677 59.222126823639314 4.2
7040.4 358.60685423101376 59.25049732611978 4.2
7044.6 356.9904332093106 59.05382054947413 4.2
7048.8 355.8990905696409 58.943510829732766 4.2
7053.0 356.03892987260735 59.036961876924146 4.2
7057.2 356.00852998651925 59.10224801033799 4.2
7061.4 355.34943417880106 59.06306767178075 4.2
7065.6 354.8453838987489 59.04946946347521 4.2
7069.8 354.5740913228609 59.074492586722585 4.2
7074.0 354.2575736414416 59.09190623065477 4.2
7078.2 354.06222572688904 59.12947186942871 4.2
7082.4 353.88679068500966 59.17033117225206 4.2
7086.6 353.50650916561864 59.1768712803453 4.2
7090.8 353.00981669886943 59.163791786957844 4.2
7095.0 352.273889999153 59.110413851715386 4.2
7099.2 351.5073673606112 59.05164496639969 4.2
7103.4 351.48007696716985 59.116947337135656 4.2
7107.6 351.7153294219891 59.2264906319704 4.2
7111.8 350.9895489709974 59.17414614746119 4.2
7116.0 349.74972033508976 59.03478691493471 4.2
7120.2 349.0831363303937 58.99184783041035 4.2
7124.4 348.4597853574228 58.95599861772043 4.2
7128.6 346.993038727533 58.77707907189641 4.2
7132.8 345.55498389171555 58.60248063050886 4.2
7137.0 345.16747153369124 58.605719212752355 4.2
7141.2 344.9521547303362 58.63811488048403 4.2
7145.4 344.12812121235027 58.566868035386904 4.2
7149.6 343.45493805508903 58.521035211428014 4.2
7153.8 343.08652888534823 58.52696449696774 4.2
7158.0 341.22580469399475 58.277914236590796 4.2
7162.2 339.4566853616615 58.043821784875945 4.2
7166.4 338.1825266328384 57.89379247168525 4.2
7170.6 336.41725367523435 57.65911869208531 4.2
7174.8 333.8855744872089 57.29226604947403 4.2
7179.0 332.8107517003154 57.17471388790559 4.2
7183.2 333.23709328979345 57.31496083790478 4.2
7187.4 334.0055044728324 57.51432139951324 4.2
7191.6 333.91367642051705 57.56572782762929 4.2
7195.8 333.09114436165646 57.49101815675023 4.2
7200.0 332.9325536159958 57.53074526484408 4.2
7204.2 334.1902172834837 57.81546194477511 4.2
7208.4 335.63210654852924 58.13263381761768 4.2
7212.6 335.4359143339571 58.166375150582844 4.2
7216.8 333.1991732131142 57.84582241828736 4.2
7221.0 332.18082909953716 57.73617384995113 4.2
7225.2 331.73669089105437 57.726071107503294 4.2
7229.4 332.0815482692003 57.853281815192176 4.2
7233.6 330.68940090260173 57.67770879209876 4.2
7237.8 329.90743129288677 57.60815945386241 4.2
7242.0 329.39743556005186 57.58587895178713 4.2
7246.2 328.67344836708224 57.525976562781096 4.2
7250.4 328.1658014660737 57.50372784571842 4.2
7254.6 327.98222791473205 57.53816403157986 4.2
7258.8 327.84728659501747 57.581105679713346 4.2
7263.0 327.489338807629 57.584818190464986 4.2
7267.2 326.67434548998284 57.50796503306932 4.2
7271.4 325.88260780840704 57.43491729110471 4.2
7275.6 326.19674732617125 57.55671513413226 4.2
7279.8 327.2068287581743 57.80161860020051 4.2
7284.0 327.097617223923 57.849019184897855 4.2
7288.2 326.21857852128454 57.760108451221605 4.2
7292.4 326.2242864950627 57.827710744023946 4.2
7296.6 325.71981316174754 57.80481292395073 4.2
7300.8 324.5759611797944 57.66814742075479 4.2
7305.0 323.8357671288319 57.602853790633446 4.2
7309.2 322.5058253619834 57.43227237631926 4.2
7313.4 322.4590720442513 57.48995914281288 4.2
7317.6 321.86660752194393 57.45026019904526 4.2
7321.8 320.7225759694793 57.31179358363374 4.2
7326.0 318.65697278650015 57.00802559591984 4.2
7330.2 317.4779784048648 56.862244706829806 4.2
7334.4 317.13200368491056 56.86538711742491 4.2
7338.6 317.417466976703 56.981778474023294 4.2
7342.8 317.47231307395214 57.05687740395513 4.2
7347.0 317.4571953314694 57.11944776531649 4.2
7351.2 316.8609921158522 57.07737610253126 4.2
7355.4 315.7916655830845 56.94977334953712 4.2
7359.6 314.9175276637328 56.85700774172421 4.2
7363.8 314.5062537420517 56.84758241995021 4.2
7368.0 314.5734173786039 56.9246016278708 4.2
7372.2 314.86692106000226 57.042690309986895 4.2
7376.4 314.91136643857214 57.115765257137305 4.2
7380.6 314.75882611810266 57.15312742234692 4.2
7384.8 314.5978706635212 57.18893381747331 4.2
7389.0 314.1911310053657 57.17998011617669 4.2
7393.2 313.47603505663676 57.114713155550625 4.2
7397.4 312.88377930181275 57.07159367278025 4.2
7401.6 312.89169255109584 57.137863867934506 4.2
7405.8 313.1765935701093 57.25481292650617 4.2
7410.0 312.92829853037244 57.27432769511847 4.2
7414.2 312.31486867629707 57.22687092228385 4.2
7418.4 312.0216730318496 57.23794065093912 4.2
7422.6 311.990334805641 57.29701537775366 4.2
7426.8 311.9908068451275 57.36196233581115 4.2
7431.0 311.90241117957976 57.41058866886708 4.2
7435.2 311.5386577623589 57.408473623577216 4.2
7439.4 311.14686814994633 57.40107157866299 4.2
7443.6 310.7672182211671 57.3957849880534 4.2
7447.8 309.7970252039088 57.28118581437121 4.2
7452.0 308.57132280077934 57.11892167818337 4.2
7456.2 308.13012298470494 57.10156352080614 4.2
7460.4 308.19460204743183 57.17787356666337 4.2
7464.6 307.7628349319907 57.16207691883272 4.2
7468.8 306.9471424688556 57.07474765274689 4.2
7473.0 306.36792151398373 57.03113306387735 4.2
7477.2 306.01538416907147 57.02955725720585 4.2
7481.4 305.9620091145892 57.08368487589781 4.2
7485.6 306.45592456960753 57.240049413446364 4.2
7489.8 306.70496955062606 57.350868621555016 4.2
7494.0 305.70171645013284 57.227398003670835 4.2
7498.2 304.2868709683878 57.026405774483756 4.2
7502.4 303.99666831046903 57.035860745146216 4.2
7506.6 304.5388516468583 57.20157672387065 4.2
7510.8 304.56560724672937 57.270635201783094 4.2
7515.0 303.62063545261356 57.1568123394311 4.2
7519.2 302.24698791610996 56.96183874376884 4.2
7523.4 301.2707365283358 56.841299740149424 4.2
7527.6 300.8515044267062 56.825596078256304 4.2
7531.8 300.3251456051246 56.78949411847382 4.2
7536.0 299.43838732649914 56.68498029473954 4.2
7540.2 298.74147696017053 56.61610655931 4.2
7544.4 298.7664604378411 56.68393612843203 4.2
7548.6 299.3011801332628 56.84862960076204 4.2
7552.8 303.3844278242863 57.688334397320695 4.2
7557.0 301.5993562965608 57.41270379207906 4.2
7561.2 299.53515680953933 57.08315911815155 4.2
7565.4 298.5557669520997 56.95974023073264 4.2
7569.6 297.43453530518826 56.80885028751335 4.2
7573.8 295.2824186680952 56.46040641840756 4.2
7578.0 292.1191665252897 55.917532649637586 4.2
7582.2 293.482887256857 56.240866083659476 4.2
7586.4 293.8960706251558 56.382457342021965 4.2
7590.6 292.39978064511666 56.15753028615994 4.2
7594.8 295.0207558008057 56.72362797292427 4.2
7599.0 302.79755615426774 58.283282078048394 4.2
7603.2 309.2975112339057 59.60023882341108 4.2
7607.4 308.91055680500756 59.591456454762515 4.2
7611.6 303.01584572763187 58.518879256529715 4.2
7615.8 299.89014476264333 57.97917081077406 4.2
7620.0 298.1915359687927 57.714375403687896 4.2
7624.2 294.3233338029965 57.028506743614585 4.2
7628.4 293.5961388418941 56.950297878749396 4.2
7632.6 296.93695367261637 57.66177405377021 4.2
7636.8 298.1277625203703 57.956746816537006 4.2
7641.0 296.59023993705347 57.721286214954375 4.2
7645.2 294.4771168953622 57.37305819598938 4.2
7649.4 292.8238940567125 57.11366107334372 4.2
7653.6 291.67938311925315 56.952920597278364 4.2
7657.8 291.0349965836759 56.88948470209887 4.2
7662.0 291.28958676489606 57.00172518426386 4.2
7666.2 291.614399065359 57.127865818459014 4.2
7670.4 290.8956520607843 57.049520692610066 4.2
7674.6 289.55679176466947 56.849153198401204 4.2
7678.8 287.98544734781547 56.60255038860441 4.2
7683.0 286.5494560234647 56.38193804279023 4.2
7687.2 282.98596319025796 55.74167309635513 4.2
7691.4 283.51657832992373 55.90723320811099 4.2
7695.6 285.235964067141 56.30772747594622 4.2
7699.8 286.3455019627443 56.58847626226296 4.2
7704.0 285.333462453897 56.45000698504704 4.2
7708.2 284.7707019125018 56.400116362039135 4.2
7712.4 285.3107679985595 56.568674160917624 4.2
7716.6 285.9520915639723 56.757596994912284 4.2
7720.8 285.809492969341 56.79106329186402 4.2
7725.0 284.9130084376289 56.674539497152594 4.2
7729.2 284.1843543257029 56.59108231790658 4.2
7733.4 283.95420641129675 56.60672117229999 4.2
7737.6 283.94139064854267 56.665666331245575 4.2
7741.8 283.8869045725557 56.716314229578074 4.2
7746.0 283.0833128642052 56.61714947613917 4.2
7750.2 281.72113849308386 56.405830758463416 4.2
7754.4 281.0585848727713 56.33418296901117 4.2
7758.6 280.99754818828666 56.38297664603711 4.2
7762.8 280.7737227780288 56.39907744307085 4.2
7767.0 280.480481569879 56.401155300145646 4.2
7771.2 280.26772125473326 56.41933981530454 4.2
7775.4 279.95728571460313 56.41778091287214 4.2
7779.6 279.51088121887165 56.388689305884625 4.2
7783.8 279.28905578283275 56.40479173423303 4.2
7788.0 279.40705578176573 56.489535025121036 4.2
7792.2 279.05195719453087 56.47861003694968 4.2
7796.4 278.0001492600889 56.32640065161099 4.2
7800.6 277.80831310305746 56.34819385003884 4.2
7804.8 278.7800537268896 56.60619980753156 4.2
7809.0 278.41101207664343 56.59212477376841 4.2
7813.2 276.0497587500994 56.1725319586261 4.2
7817.4 274.58738793275995 55.935046054957176 4.2
7821.6 275.20356176505527 56.12081896310697 4.2
7825.8 275.5876588229396 56.259517086266406 4.2
7830.0 274.67411291953215 56.13322573857435 4.2
7834.2 274.4403381239153 56.14563525683987 4.2
7838.4 274.9352407034862 56.30720886499882 4.2
7842.6 273.36387662167493 56.04540347113048 4.2
7846.8 270.8445418097497 55.588377737796314 4.2
7851.0 271.0162301952916 55.68317623679883 4.2
7855.2 272.5754643958785 56.06347328696287 4.2
7859.4 272.42971099161855 56.09343038072806 4.2
7863.6 271.0156852307293 55.86193819767407 4.2
7867.8 269.8153364266811 55.67394550387383 4.2
7872.0 269.23721148108706 55.61398302716404 4.2
7876.2 269.09137848242057 55.64318744414589 4.2
7880.4 268.75015911441983 55.63191374705838 4.2
7884.6 267.8143991722933 55.49731855866378 4.2
7888.8 266.62653155255447 55.31004349601168 4.2
7893.0 265.84044123933006 55.20571003709047 4.2
7897.2 265.8391753259633 55.26421430385361 4.2
7901.4 266.2693380492935 55.41253262433986 4.2
7905.6 266.18990523589036 55.4549093876754 4.2
7909.8 265.2639606607169 55.3207424415161 4.2
7914.0 264.3365167512499 55.18588352636056 4.2
7918.2 263.9905133679564 55.17216165178632 4.2
7922.4 263.798136087072 55.190458242902864 4.2
7926.6 263.732328282082 55.23520879153777 4.2
7930.8 264.3304886924093 55.41916780928444 4.2
7935.0 265.2768748103381 55.67650944284987 4.2
7939.2 265.511764889329 55.784815364810925 4.2
7943.4 264.5942423758483 55.65087536563276 4.2
7947.6 263.30145106707744 55.437546314368674 4.2
7951.8 262.68444587551204 55.36610856795204 4.2
7956.0 262.2887756291827 55.34112711098122 4.2
7960.2 260.6281346143002 55.04881821527727 4.2
7964.4 258.4777278393927 54.65224417425656 4.2
7968.6 258.2338680663951 54.65828489732431 4.2
7972.8 259.26716274491116 54.93485720888472 4.2
7977.0 259.096812763564 54.95661817328352 4.2
7981.2 258.0292065743183 54.7878174442053 4.2
7985.4 257.64629631685773 54.76410569781265 4.2
7989.6 257.68858513836165 54.83072646628498 4.2
7993.8 257.32068459893264 54.81002497942197 4.2
7998.0 256.46402572713515 54.68497274523162 4.2
8002.2 255.51385340358445 54.53960647385421 4.2
8006.4 255.25055047663378 54.54061113978638 4.2
8010.6 255.53545268089198 54.658788321050764 4.2
8014.8 255.37823182504533 54.682454467156575 4.2
8019.0 255.10609080649047 54.68144718839781 4.2
8023.2 255.01752006856879 54.71973682822619 4.2
8027.4 254.1695069585762 54.594890591661866 4.2
8031.6 252.97704342711378 54.395628617495056 4.2
8035.8 252.73129126235986 54.39963678319415 4.2
8040.0 253.02833471162938 54.5205213369842 4.2
8044.2 253.0250592295587 54.57679144151872 4.2
8048.4 253.08951288864293 54.647714070078074 4.2
8052.6 253.39906100400728 54.77167216127822 4.2
8056.8 253.23287684078048 54.79286382106478 4.2
8061.0 252.43607121169129 54.67741825890611 4.2
8065.2 251.6303211126227 54.55970330917601 4.2
8069.4 250.9497496613994 54.4688241489662 4.2
8073.6 250.23658066606765 54.370584271895666 4.2
8077.8 249.71639827868523 54.314026519391064 4.2
8082.0 249.54884406196774 54.334040232675704 4.2
8086.2 249.41828989597545 54.36207182134978 4.2
8090.4 248.82457230759337 54.28901974429502 4.2
8094.6 247.8234903966645 54.126756108394126 4.2
8098.8 246.9812056598845 53.99878648119978 4.2
8103.0 246.41638207661308 53.93118960654316 4.2
8107.2 245.97075875972354 53.88948087550443 4.2
8111.4 245.37912748051173 53.815576869102934 4.2
8115.6 244.13384311622184 53.597927880332364 4.2
8119.8 242.32074208715375 53.25495229664587 4.2
8124.0 240.28210351156787 52.86156298576963 4.2
8128.2 239.35830035682275 52.712789598803084 4.2
8132.4 240.2524313111131 52.96439307287 4.2
8136.6 240.00225487165895 52.963905255028614 4.2
8140.8 238.27094327745854 52.63613595481914 4.2
8145.0 236.61107976241823 52.32340519265194 4.2
8149.2 236.66351019736177 52.38898688458646 4.2
8153.4 236.99749555222672 52.5170109640411 4.2
8157.6 236.03936745309326 52.35859691709014 4.2
8161.8 234.7131153269272 52.11803101619662 4.2
8166.0 233.9604799151771 52.00438921403529 4.2
8170.2 232.95920686219327 51.83510707643416 4.2
8174.4 233.39819014460232 51.98619123003548 4.2
8178.6 235.3072554309532 52.46528060707315 4.2
8182.8 237.11846874386472 52.92343203267329 4.2
8187.0 237.06294426963268 52.96536872203132 4.2
8191.2 236.075106749337 52.79879366691874 4.2
8195.4 235.32764239465791 52.68560845602486 4.2
8199.6 235.32708822357012 52.73949901368815 4.2
8203.8 235.3266575388157 52.793444694415726 4.2
8208.0 235.02959877323758 52.78080382255288 4.2
8212.2 234.55798355542126 52.728813624088566 4.2
8216.4 234.5752062709883 52.786637694957925 4.2
8220.6 232.98621244463348 52.48267952272855 4.2
8224.8 231.0588260300065 52.10171272800305 4.2
8229.0 230.2560923738732 51.97374364708645 4.2
8233.2 230.04241805669227 51.97853082623459 4.2
8237.4 231.30708945916885 52.317622515765464 4.2
8241.6 232.69025184167654 52.68415271897675 4.2
8245.8 231.80332486337136 52.53684639036943 4.2
8250.0 231.27961601483548 52.47156288336579 4.2
8254.2 230.48320232949956 52.34413170065563 4.2
8258.4 230.0749975397563 52.30461382933499 4.2
8262.6 230.19495291262322 52.38512686358893 4.2
8266.8 230.59102145428432 52.52862103629748 4.2
8271.0 229.56052699305235 52.347024424200406 4.2
8275.2 227.97134262480432 52.03744920861854 4.2
8279.4 226.6018883473022 51.777371557612476 4.2
8283.6 226.60162286457802 51.82985573368205 4.2
8287.8 227.77535402821113 52.151163254631214 4.2
8292.0 227.56143715630137 52.1550060359174 4.2
8296.2 227.2913081932664 52.14587989266593 4.2
8300.4 225.72060792403116 51.837971669461396 4.2
8304.6 224.88258078794055 51.697792609552 4.2
8308.8 224.8333048234216 51.73875809848413 4.2
8313.0 225.1986038485137 51.87522578799556 4.2
8317.2 225.72879589572406 52.049912048891855 4.2
8321.4 226.40210353941188 52.25790559732919 4.2
8325.6 225.52057575068346 52.106991615000396 4.2
8329.8 225.63585169040655 52.18623913242683 4.2
8334.0 225.26320686756412 52.152604264432284 4.2
8338.2 224.51669415332196 52.03217736686544 4.2
8342.4 223.61618593499284 51.87570357868189 4.2
8346.6 223.14443103429005 51.81840010514594 4.2
8350.8 224.12643831612115 52.098833560508595 4.2
8355.0 224.54963127557616 52.24972391521218 4.2
8359.2 224.04941917143236 52.1857584816151 4.2
8363.4 223.3569742734374 52.07676522820316 4.2
8367.6 223.48245432458341 52.158368701819676 4.2
8371.8 223.92550663720166 52.31424958272135 4.2
8376.0 223.23378215083483 52.20498796752736 4.2
8380.2 222.06723629844672 51.984276023251354 4.2
8384.4 222.4135674500016 52.11755099360196 4.2
8388.6 223.94547032347504 52.529104845004575 4.2
8392.8 224.75817998980614 52.772540273644005 4.2
8397.0 224.57683054963076 52.782748375045735 4.2
8401.2 224.47635787473172 52.811925260872606 4.2
8405.4 224.5248853926184 52.87617119350543 4.2
8409.6 224.01782498659497 52.809493237835774 4.2
8413.8 223.37825084166238 52.711333110723054 4.2
8418.0 223.3692633223699 52.76184818965474 4.2
8422.2 223.37890316191564 52.81678964295557 4.2
8426.4 222.63278154731964 52.69288774464723 4.2
8430.6 221.39320449534833 52.45175210499903 4.2
8434.8 220.13630674731732 52.20594962780127 4.2
8439.0 219.33466766443243 52.06765277561868 4.2
8443.2 219.3951895669842 52.133874242350394 4.2
8447.4 220.1421157474235 52.363419544167215 4.2
8451.6 220.92831784589197 52.602695607607835 4.2
8455.8 220.8085318256554 52.62644091323306 4.2
8460.0 219.37772510613814 52.337382634021594 4.2
8464.2 218.0004656527222 52.060459860432445 4.2
8468.4 218.00503683651692 52.113230989197845 4.2
8472.6 218.34932208808252 52.24731778190795 4.2
8476.8 217.9442329003316 52.202103092989944 4.2
8481.0 217.87887707644572 52.23817548584045 4.2
8485.2 218.67195521838926 52.48026266166917 4.2
8489.4 218.64686804623415 52.52620205960193 4.2
8493.6 216.96897935382785 52.174704734699205 4.2
8497.8 215.40919793221283 51.850864297267435 4.2
8502.0 215.2717560146834 51.869014909507996 4.2
8506.2 215.350594605425 51.93928896996742 4.2
8510.4 214.81534869999345 51.86137177217599 4.2
8514.6 214.59754723815442 51.85993880931446 4.2
8518.8 214.90989415779904 51.986670042755996 4.2
8523.0 214.7100029173135 51.989543011693705 4.2
8527.2 213.86531528104416 51.836061923187515 4.2
8531.4 213.40502700251815 51.77546404388768 4.2
8535.6 213.2913019547466 51.79883593012634 4.2
8539.8 212.40750383734405 51.6349784377561 4.2
8544.0 211.4378701149243 51.44983662121929 4.2
8548.2 211.71123488633992 51.56701587471089 4.2
8552.4 211.8620864815599 51.65448072457684 4.2
8556.6 210.301705237127 51.32441406097473 4.2
8560.8 208.51848103338781 50.93918591472034 4.2
8565.0 208.5962612409917 51.008200208455634 4.2
8569.2 210.01421748344558 51.405312070362925 4.2
8573.4 210.71287925236263 51.626894283313476 4.2
8577.6 209.91606417376835 51.48206990857132 4.2
8581.8 208.60872882371427 51.21155935628755 4.2
8586.0 208.11313259740473 51.139914782495296 4.2
8590.2 208.38895845819246 51.257804461352585 4.2
8594.4 208.13356797259874 51.2450592968499 4.2
8598.6 207.32790627927338 51.096599662648515 4.2
8602.8 207.15413270428732 51.10365940642842 4.2
8607.0 207.131260834164 51.14792268176995 4.2
8611.2 206.40960490654035 51.01947672399254 4.2
8615.4 206.27488940684188 51.03592611129627 4.2
8619.6 207.2578696103954 51.329141431903636 4.2
8623.8 207.39959443284673 51.41430860552213 4.2
8628.0 206.1374891614801 51.151220416515784 4.2
8632.2 205.22311095304963 50.97391612462717 4.2
8636.4 205.18412531713767 51.01383815464245 4.2
8640.6 205.13201834502 51.05049999754045 4.2
8644.8 205.22740527949864 51.1239027449846 4.2
8649.0 206.11493442678469 51.394896996324825 4.2
8653.2 206.55122333446784 51.55371899583848 4.2
8657.4 204.92469016362114 51.19741103426108 4.2
8661.6 202.72765983639064 50.69766997972739 4.2
8665.8 202.29443299967298 50.63840291405471 4.2
8670.0 202.7136809365376 50.792548036501664 4.2
8674.2 202.0107085426854 50.66546116241637 4.2
8678.4 200.49979258804527 50.335223347086945 4.2
8682.6 199.95196060257757 50.24628993290883 4.2
8686.8 200.8341716573948 50.5168195118267 4.2
8691.0 201.61263924713728 50.76168151977832 4.2
8695.2 201.59423259384633 50.806116531510376 4.2
8699.4 201.49610442580536 50.830455323992005 4.2
8703.6 200.9978480301501 50.7537340917826 4.2
8707.8 199.62749790281114 50.45636968538706 4.2
8712.0 198.25927843252967 50.15889957076991 4.2
8716.2 197.625454116864 50.046763833120266 4.2
8720.4 197.79369436623014 50.1376529671868 4.2
8724.6 198.4075549031347 50.341714229116434 4.2
8728.8 198.62237435247596 50.44475301438866 4.2
8733.0 198.38568638185825 50.43313901791928 4.2
8737.2 198.4854610898108 50.507049637541556 4.2
8741.4 198.7683659026232 50.62767692086529 4.2
8745.6 198.28873159079862 50.55405539652625 4.2
8749.8 196.90330344953355 50.2490667222299 4.2
8754.0 195.7637024484902 50.00621686701054 4.2
8758.2 195.7688266681118 50.055522606333646 4.2
8762.4 195.65326758160873 50.073967139761834 4.2
8766.6 194.0273143757376 49.70544885961771 4.2
8770.8 192.53728295722314 49.3710086557964 4.2
8775.0 192.91011700615292 49.51399859432302 4.2
8779.2 193.78643309808027 49.786546271497365 4.2
8783.4 194.29424294362403 49.96478235752474 4.2
8787.6 195.490066501888 50.32039018781821 4.2
8791.8 196.5629469941178 50.644932892022815 4.2
8796.0 196.16738977126215 50.591318727749595 4.2
8800.2 195.56366605130452 50.4837956364669 4.2
8804.4 195.37353048956928 50.48286569914968 4.2
8808.6 194.56981977466663 50.32317107218383 4.2
8812.8 193.31494322216622 50.046302887513114 4.2
8817.0 192.27356251038864 49.824161659223904 4.2
8821.2 191.3929415030322 49.64322647990686 4.2
8825.4 190.46556003423962 49.449738579233106 4.2
8829.6 189.89048146086986 49.34736867998618 4.2
8833.8 190.3312631211407 49.50898239984959 4.2
8838.0 191.28691375791468 49.80489169212557 4.2
8842.2 191.7646653580077 49.97674879921824 4.2
8846.4 191.46795974468108 49.94683806710871 4.2
8850.6 190.2215989587247 49.66883802101812 4.2
8854.8 188.2555297781805 49.20214086089633 4.2
8859.0 186.60868451216746 48.818001904834894 4.2
8863.2 185.93628777102842 48.68823150253327 4.2
8867.4 185.45419248243687 48.60802773672572 4.2
8871.6 184.84059176149344 48.493105808361065 4.2
8875.8 185.2534221878932 48.64744099725177 4.2
8880.0 186.24444285013084 48.9539793142712 4.2
8884.2 186.31533477193796 49.018949514313725 4.2
8888.4 186.0330358496088 48.990965670035294 4.2
8892.6 186.4007860347578 49.13421252527904 4.2
8896.8 186.65068978342796 49.246571419194424 4.2
8901.0 185.86073601842054 49.084458023269846 4.2
8905.2 184.7438115082121 48.83554064077116 4.2
8909.4 184.49149047046257 48.81485459339651 4.2
8913.6 184.7680913106593 48.93414448989326 4.2
8917.8 184.30359151104966 48.857135427581795 4.2
8922.0 182.9417448305087 48.54181379701573 4.2
8926.2 181.39112232526998 48.1756962577142 4.2
8930.4 180.56244680972998 48.00074743869078 4.2
8934.6 179.80883478887478 47.845379095804 4.2
8938.8 178.35234097677358 47.50244896096877 4.2
8943.0 176.85884856086523 47.148947230685366 4.2
8947.2 175.27459163183272 46.77049862603032 4.2
8951.4 174.21090066527654 46.53031579054783 4.2
8955.6 171.53307748333248 45.858093980242934 4.2
8959.8 168.99140774325173 45.220983138116466 4.2
8964.0 168.12393992637755 45.031042365301445 4.2
8968.2 168.3133968621273 45.124042542359575 4.2
8972.4 168.27515580163498 45.15605569270954 4.2
8976.6 167.34221304070658 44.94775448688886 4.2
8980.8 166.05471247283054 44.643681386926225 4.2
8985.0 166.62689126793742 44.83942141037042 4.2
8989.2 167.2103548326518 45.0385085062704 4.2
8993.4 167.0342128300094 45.033116169189555 4.2
8997.6 168.55276857660115 45.484979153220436 4.2
9001.8 169.6705764785709 45.82938190391604 4.2
9006.0 169.3329090794909 45.78086561868026 4.2
9010.2 168.66788238411726 45.64361148175236 4.2
9014.4 168.1433144913277 45.54408695703795 4.2
9018.6 168.71861604872294 45.74251087497359 4.2
9022.8 170.6689800121426 46.31439550314368 4.2
9027.0 173.30471154009203 47.07344687896883 4.2
9031.2 174.34373055669556 47.39974442444685 4.2
9035.4 172.32904741592847 46.89558955190898 4.2
9039.6 170.1526932786748 46.34639940663064 4.2
9043.8 169.43821034951137 46.19468393463412 4.2
9048.0 168.65843684113545 46.024809542003986 4.2
9052.2 170.1864476672968 46.48491059373097 4.2
9056.4 168.97951630866365 46.19808781013502 4.2
9060.6 167.13343490007523 45.73577050612028 4.2
9064.8 164.62235176218672 45.09039086557494 4.2
9069.0 163.69614458918127 44.87825893549279 4.2
9073.2 164.33583903904682 45.095374715156055 4.2
9077.4 163.28049495513852 44.847268837318914 4.2
9081.6 160.0119861157572 43.99020643331143 4.2
9085.8 158.9816167732864 43.747375110033865 4.2
9090.0 159.69285609093478 43.983724274557886 4.2
9094.2 160.59508615806158 44.27310689957645 4.2
9098.4 159.7229057394885 44.07334367387516 4.2
9102.6 158.47119659875634 43.768332395437845 4.2
9106.8 158.48992393441262 43.813908808563035 4.2
9111.0 159.5530687018707 44.14850483159115 4.2
9115.2 160.9818264648562 44.584920850897234 4.2
9119.4 161.5774403634677 44.79112803475916 4.2
9123.6 160.31006184188524 44.48073961726963 4.2
9127.8 157.03375779527695 43.611798816967855 4.2
9132.0 154.80374007794956 43.03204644368747 4.2
9136.2 154.55891433618518 43.003519438281515 4.2
9140.4 156.4655933648134 43.574057283041135 4.2
9144.6 155.85180189890107 43.443019180185466 4.2
9148.8 154.96191951820293 43.23465522085096 4.2
9153.0 154.09421331120708 43.03204644368747 4.2
9157.2 153.83241410496697 42.99837074485972 4.2
9161.4 155.07349098633713 43.38503978048023 4.2
9165.6 155.78278173440097 43.62344907861895 4.2
9169.8 154.8993258837103 43.41581919923786 4.2
9174.0 153.59595661614946 43.08995097737466 4.2
9178.2 153.94664213952623 43.227886250655686 4.2
9182.4 154.87197614133856 43.52752764330871 4.2
9186.6 155.20426125017372 43.660831260126706 4.2
9190.8 153.7569032845967 43.293231131348456 4.2
9195.0 154.39235353146844 43.51189522062477 4.2
9199.2 157.6990702250031 44.48442691485986 4.2
9203.4 160.9565516332791 45.44477944256218 4.2
9207.6 160.9282787586897 45.478276732848315 4.2
9211.8 161.563872481503 45.699558036604 4.2
9216.0 163.06333583182223 46.16576111696099 4.2
9220.2 162.2335125968998 45.972698853086996 4.2
9224.4 156.07775172383887 44.26862165256641 4.2
9228.6 153.11213404229403 43.46703331453115 4.2
9232.8 153.1138224491834 43.50708637399384 4.2
9237.0 161.4148056241901 45.90753774856433 4.2
9241.2 159.32521596669685 45.35445994711948 4.2
9245.4 161.69546649271257 46.071038296867535 4.2
9249.6 158.31692671605595 45.14940174071849 4.2
9253.8 156.9412245013293 44.797729185695694 4.2
9258.0 156.14457567698147 44.61079882271589 4.2
9262.2 155.11612452292047 44.35718733760394 4.2
9266.4 153.48543452420125 43.9306875125136 4.2
9270.6 151.00021612670332 43.25855417719553 4.2
9274.8 149.67737155533823 42.91844713114606 4.2
9279.0 149.09768669706887 42.79095706028482 4.2
9283.2 148.93673894119385 42.78346944914904 4.2
9287.4 147.34959736428695 42.36585739206987 4.2
9291.6 144.36976318887102 41.54664891045106 4.2
9295.8 142.14242231990235 40.94265482603017 4.2
9300.0 141.1898112409587 40.7050225807684 4.2
9304.2 141.2847150923815 40.7691822084849 4.2
9308.4 141.0818609862353 40.74740913798697 4.2
9312.6 139.66106713909207 40.37346279048604 4.2
9316.8 137.93539064959478 39.91057639679432 4.2
9321.0 136.60677503059486 39.561796074369624 4.2
9325.2 134.66568504943888 39.034803726396596 4.2
9329.4 131.56665308211797 38.170864848653544 4.2
9333.6 127.69293962690722 37.080364960338535 4.2
9337.8 124.57879306193372 36.208622243051025 4.2
9342.0 124.49546418422774 36.21696054637799 4.2
9346.2 127.4920528650514 37.122054157678704 4.2
9350.4 131.89759442964177 38.43934688045102 4.2
9354.6 135.8985462175431 39.64094508420678 4.2
9358.8 136.88029166865851 39.96317639736692 4.2
9363.0 134.93207776827222 39.429747867744624 4.2
9367.2 133.88307196157453 39.15831539264827 4.2
9371.4 134.55886157003715 39.391271544686376 4.2
9375.6 134.28116918946918 39.34522199095931 4.2
9379.8 133.10736866971538 39.03624184820251 4.2
9384.0 133.63285792635685 39.22545590906757 4.2
9388.2 136.78818555259642 40.1875934357713 4.2
9392.4 140.17549390022236 41.219621543305706 4.2
9396.6 140.74201834081015 41.42323379253125 4.2
9400.8 139.65729570591924 41.140730612277025 4.2
9405.0 140.0695246973609 41.299044131061585 4.2
9409.2 140.19220124063636 41.372141368723746 4.2
9413.4 140.18973924202757 41.40835710334995 4.2
9417.6 140.77604954708534 41.618651080145696 4.2
9421.8 140.8035136918808 41.66390765775971 4.2
9426.0 138.38416062973857 40.98453386217367 4.2
9430.2 136.02146486668687 40.3206941317666 4.2
9434.4 135.07304289315223 40.075227827916095 4.2
9438.6 135.10956379001215 40.121762241940914 4.2
9442.8 136.46449487798122 40.56019179899111 4.2
9447.0 137.2061012809406 40.81689836184494 4.2
9451.2 134.71729304106537 40.11215547999605 4.2
9455.4 130.4732387059923 38.88302100961283 4.2
9459.6 132.01999424949653 39.37893803728321 4.2
9463.8 136.87311378387992 40.86278851779278 4.2
9468.0 139.90226837728815 41.80420800599894 4.2
9472.2 138.51587060750424 41.426667633592714 4.2
9476.4 134.96044034857277 40.399128825244176 4.2
9480.6 132.43342404125247 39.677838007549674 4.2
9484.8 132.51861841764295 39.738548507649526 4.2
9489.0 133.92090066723875 40.19462673802608 4.2
9493.2 134.36804351325955 40.36453929676032 4.2
9497.4 134.22326403540475 40.35673285767064 4.2
9501.6 133.9268850237718 40.30324364517652 4.2
9505.8 132.97191078298806 40.051243086360124 4.2
9510.0 132.0542006972404 39.80998372159496 4.2
9514.2 130.86053803335582 39.48498705796885 4.2
9518.4 129.5881683911984 39.13560031448502 4.2
9522.6 131.55706340318704 39.76527589749554 4.2
9526.8 134.71475286679944 40.75566651970841 4.2
9531.0 134.26299032471024 40.65481601613351 4.2
9535.2 133.43496350588197 40.439706970852555 4.2
9539.4 132.0380601623427 40.05161197364011 4.2
9543.6 129.57129451514692 39.337975000721265 4.2
9547.8 128.08982384667553 38.922434816443776 4.2
9552.0 129.3244461472404 39.33217836961433 4.2
9556.2 131.09640845541472 39.90616556063398 4.2
9560.4 132.62491796994095 40.40694346523404 4.2
9564.6 133.64958987387104 40.754915779501765 4.2
9568.8 133.75015684294434 40.82140986147742 4.2
9573.0 130.4154778198684 39.838593750201944 4.2
9577.2 131.14391397946764 40.096272421387766 4.2
9581.4 134.08225711184718 41.03061248955241 4.2
9585.6 132.98254808332408 40.7297739724208 4.2
9589.8 129.37612970131687 39.659935174417306 4.2
9594.0 130.54307138707622 40.05271865586574 4.2
9598.2 132.30542870060984 40.628987540339665 4.2
9602.4 130.58030195578135 40.13432840233823 4.2
9606.6 129.72803471873377 39.90726822397085 4.2
9610.8 132.29218066582732 40.73164969101822 4.2
9615.0 134.715844386335 41.51413564297628 4.2
9619.2 135.0253605354417 41.64587583867668 4.2
9623.4 135.27332939772396 41.75879902996764 4.2
9627.6 136.59574722417565 42.2038431190849 4.2
9631.8 136.27693037523855 42.14208318224987 4.2
9636.0 133.97620507122338 41.46675015156983 4.2
9640.2 133.6057553157812 41.38814862776718 4.2
9644.4 134.05123701302483 41.56234088298609 4.2
9648.6 134.42023492580216 41.71305518531325 4.2
9652.8 135.6758773946536 42.13936626932305 4.2
9657.0 136.5893354044338 42.460000994299854 4.2
9661.2 136.09529438252997 42.34323160588202 4.2
9665.4 135.3734792541105 42.15528210839717 4.2
9669.6 136.208508230219 42.452180293408055 4.2
9673.8 138.7021030293052 43.26692193257065 4.2
9678.0 138.83853396117738 43.34709523987662 4.2
9682.2 135.36461610797062 42.29918503096506 4.2
9686.4 133.96657557386047 41.898647109676475 4.2
9690.6 134.58972931652235 42.13005246900636 4.2
9694.8 135.898776367255 42.576700248460014 4.2
9699.0 136.4329708468018 42.78110521258041 4.2
9703.2 136.4379824157662 42.81973744190917 4.2
9707.4 135.68611378941853 42.620643250378635 4.2
9711.6 135.09885922037938 42.47290830075648 4.2
9715.8 134.69271968966635 42.38185877576842 4.2
9720.0 132.79836401900045 41.821923183775766 4.2
9724.2 130.65122609421604 41.18129505138518 4.2
9728.4 130.21661949182035 41.07976968059069 4.2
9732.6 132.93505064631836 41.973578789324264 4.2
9736.8 135.5441429598109 42.834332149768784 4.2
9741.0 133.87336136550266 42.34284161210242 4.2
9745.2 130.38623401332796 41.27546741162391 4.2
9749.4 128.93103725574605 40.84999427467879 4.2
9753.6 132.10746918171063 41.89247315178575 4.2
9757.8 135.3584678800988 42.960368703418794 4.2
9762.0 134.5735310956151 42.74801961547253 4.2
9766.2 135.6432000582541 43.124889968792026 4.2
9770.4 136.9810738627616 43.58770470435027 4.2
9774.6 136.4945360221695 43.47023620190247 4.2
9778.8 134.1461234666324 42.759045303820834 4.2
9783.0 132.72879379892208 42.34362160325361 4.2
9787.2 133.09211555583963 42.49599477948134 4.2
9791.4 133.3950361639241 42.62928023928117 4.2
9795.6 133.07950279963745 42.564937496583056 4.2
9799.8 132.46673430905767 42.405286329140246 4.2
9804.0 133.25596220654432 42.69450669949635 4.2
9808.2 136.2268231005946 43.683758751604735 4.2
9812.4 135.90604276623915 43.618226162722166 4.2
9816.6 134.11676355002626 43.080823862495066 4.2
9820.8 134.3579971334316 43.1952508053667 4.2
9825.0 136.90399977395552 44.05142887726595 4.2
9829.2 138.34545969098252 44.55331260361686 4.2
9833.4 136.79740009862684 44.09242653726779 4.2
9837.6 135.7734753571695 43.79978714936767 4.2
9841.8 138.31847248037556 44.65889776905615 4.2
9846.0 141.4078736539964 45.6953491455897 4.2
9850.2 140.80535036644127 45.53947294880237 4.2
9854.4 138.30468161377945 44.76885633084611 4.2
9858.6 138.0253199895783 44.71652022251387 4.2
9862.8 140.6827346513676 45.61629410180416 4.2
9867.0 142.35443379920895 46.197662311981574 4.2
9871.2 139.3700167632624 45.26765527891657 4.2
9875.4 135.4876978490507 44.04412636684124 4.2
9879.6 134.9703990159323 43.91329244420754 4.2
9883.8 136.65494669536326 44.499179162115844 4.2
9888.0 138.56716741667395 45.160214910673744 4.2
9892.2 137.95056326251114 44.99746004426909 4.2
9896.4 134.65384947262157 43.959424685117064 4.2
9900.6 134.30315818230088 43.882160344385504 4.2
9904.8 136.38978147183934 44.6017603643554 4.2
9909.0 136.85403223892033 44.79154057819389 4.2
9913.2 134.8619758826629 44.17697760209054 4.2
9917.4 133.67850951137083 43.82642036603951 4.2
9921.6 133.25325509214184 43.72401151452443 4.2
9925.8 132.36166282864207 43.46823436963945 4.2
9930.0 132.46671231983808 43.53955640542134 4.2
9934.2 132.84568617910693 43.70106289631899 4.2
9938.4 132.53430660903533 43.63550434846563 4.2
9942.6 133.04584597166 43.840954400406694 4.2
9946.8 134.6115990773869 44.39438049817506 4.2
9951.0 134.7236381513429 44.46886040400392 4.2
9955.2 133.4459125440703 44.08430516017285 4.2
9959.4 134.693582471359 44.534030272275864 4.2
9963.6 137.8518779250553 45.61671424533423 4.2
9967.8 136.0512774123617 45.05883927329693 4.2
9972.0 134.66065266725627 44.63586958394552 4.2
9976.2 137.11562903463968 45.48791177273464 4.2
9980.4 139.51514656083017 46.322927715899574 4.2
9984.6 135.56885022197469 45.05053989279207 4.2
9988.8 132.10845682539403 43.93756653298446 4.2
9993.0 133.4951476096593 44.436106605209375 4.2
9997.2 135.05929975219328 44.99455904432706 4.2
10001.4 131.93489044460654 43.99061159995162 4.2
10005.6 130.2419773306561 43.462629729716845 4.2
10009.8 134.3749929143799 44.879498984745084 4.2
10014.0 138.1930113478671 46.193407545981124 4.2
10018.2 139.0650062400449 46.523887833895124 4.2
10022.4 133.6650272640833 44.75483908795574 4.2
10026.6 124.96542643689445 41.877042236970006 4.2
10030.8 126.7541280770503 42.51204531545517 4.2
10035.0 135.3949608687167 45.448128061022786 4.2
10039.2 132.19135131162002 44.40992093702798 4.2
10043.4 135.45147393152962 45.54324801167923 4.2
10047.6 140.9771024777225 47.440799565369176 4.2
10051.8 140.6220992611226 47.360905812628005 4.2
10056.0 144.8834321216109 48.8368900352681 4.2
10060.2 135.75380942262564 45.79773502014303 4.2
10064.4 114.81258008682396 38.765375936454575 4.2
10068.6 107.4095950326117 36.29610310967917 4.2
10072.8 118.9796899538499 40.23944665759266 4.2
10077.0 137.74084330930614 46.62340631695642 4.2
10081.2 149.00223857720027 50.47728643496443 4.2
10085.4 157.55311699490454 53.41853827802831 4.2
