3000.0 25.308519778311627 0.7592555933493488 4.2
3004.2 11.526980836623641 0.34677836927545874 4.2
3008.4 13.647154074672043 0.4117105539353446 4.2
3012.6 20.389863162033205 0.6168449306934138 4.2
3016.8 27.171913033984033 0.8243127171347221 4.2
3021.0 35.08486454671131 1.0673331542618418 4.2
3025.2 45.47043105290265 1.387126280646195 4.2
3029.4 48.544050685699816 1.4850052874930215 4.2
3033.6 45.116626984378726 1.3839869657555317 4.2
3037.8 43.3545715996878 1.333619693273613 4.2
3042.0 50.00239830922787 1.542367977958646 4.2
3046.2 53.17560345715253 1.6447806950924615 4.2
3050.4 49.214793839509575 1.526469038877911 4.2
3054.6 44.770563423500505 1.3924512520063297 4.2
3058.8 51.59113610129458 1.6089998366193003 4.2
3063.0 69.0302205746221 2.1587979649808893 4.2
3067.2 87.1037923087134 2.7314924220891768 4.2
3071.4 94.67351350133112 2.9770079882694653 4.2
3075.6 88.08491716324852 2.777410033022148 4.2
3079.8 86.32572321205178 2.7293799694694654 4.2
3084.0 93.47522430342292 2.9634936432080545 4.2
3088.2 101.82031058723764 3.2368606276027916 4.2
3092.4 103.8163905757592 3.309298938479453 4.2
3096.6 108.53130768289961 3.4689976049620883 4.2
3100.8 118.21204868467298 3.788680650922982 4.2
3105.0 127.78328414418813 4.106539456720738 4.2
3109.2 132.7736629340556 4.278465161642878 4.2
3113.4 132.88360836026814 4.293584357018217 4.2
3117.6 130.09495917200138 4.214829392674451 4.2
3121.8 128.34859004685654 4.169461807216529 4.2
3126.0 134.31957449602262 4.375180754492985 4.2
3130.2 143.9730087063722 4.7022314298709285 4.2
3134.4 152.83133875695933 5.00495295959165 4.2
3138.6 160.24973274375392 5.2619655446650295 4.2
3142.8 166.41932867988905 5.4791854508509275 4.2
3147.0 172.32796872229187 5.688896073299362 4.2
3151.2 178.87486504909597 5.920794666697438 4.2
3155.4 186.54018894720937 6.190988538561929 4.2
3159.6 197.18462298477726 6.56169440033142 4.2
3163.8 207.62479243461277 6.927491474840606 4.2
3168.0 212.8368922310693 7.120262419649571 4.2
3172.2 210.4244172640349 7.058233149569128 4.2
3176.4 210.29399914046414 7.072549569713128 4.2
3180.6 216.9697284786908 7.3163757228696324 4.2
3184.8 228.16915054848965 7.714361742839069 4.2
3189.0 237.87248864940034 8.063656143800229 4.2
3193.2 246.36159861623716 8.373441682729366 4.2
3197.4 253.92608303953324 8.653264922811212 4.2
3201.6 259.27886215971864 8.858904092726405 4.2
3205.8 259.7026645930006 8.896680615798852 4.2
3210.0 257.3399367676306 8.838854808157807 4.2
3214.2 257.88819424368427 8.880879962412264 4.2
3218.4 265.80626661128974 9.17749169141792 4.2
3222.6 276.80405578865873 9.58217283448224 4.2
3226.8 287.18196196032426 9.967356687205045 4.2
3231.0 293.69958893785633 10.220120114912962 4.2
3235.2 295.8441506174284 10.321528117699808 4.2
3239.4 302.4628910667844 10.579861928096163 4.2
3243.6 310.572266325812 10.891708259424213 4.2
3247.8 315.9618876534952 11.10943570867378 4.2
3252.0 320.3584478900588 11.29317349031703 4.2
3256.2 328.97819299802956 11.627008768804155 4.2
3260.4 338.92178558389236 12.009363769052209 4.2
3264.6 346.5463285675619 12.311189039637771 4.2
3268.8 353.9097734609725 12.60514947456262 4.2
3273.0 358.97585957378243 12.818464353280241 4.2
3277.2 361.62909318131955 12.94636956023481 4.2
3281.4 363.4384797757897 13.044516907191788 4.2
3285.6 366.3902220554283 13.184145887186373 4.2
3289.8 369.69388082269455 13.33705677684507 4.2
3294.0 373.00793018695896 13.490995579953552 4.2
3298.2 376.41184377684857 13.648848085333952 4.2
3302.4 379.2537672762818 13.786943632713548 4.2
3306.6 377.1046884374844 13.74371054664257 4.2
3310.8 369.92643030765595 13.516367767405113 4.2
3315.0 362.7924072046854 13.289357970213027 4.2
3319.2 361.0724984397073 13.25989240258839 4.2
3323.4 362.8073056793912 13.357340593019977 4.2
3327.6 364.8505652856964 13.466539211667627 4.2
3331.8 366.0457821929115 13.544781389947465 4.2
3336.0 366.26310328437836 13.58701328363035 4.2
3340.2 365.2147518377029 13.582258757059078 4.2
3344.4 362.75451386147336 13.524711194772856 4.2
3348.6 359.1953525563804 13.425670985599638 4.2
3352.8 354.5699768946703 13.286053594318672 4.2
3357.0 353.2763561455694 13.27076626162777 4.2
3361.2 357.57615076530936 13.465919068898215 4.2
3365.4 362.99435721299426 13.704146731139407 4.2
3369.6 362.50045473937087 13.719680570678856 4.2
3373.8 361.3953721773861 13.711974597009126 4.2
3378.0 366.56412938666585 13.942735863307453 4.2
3382.2 372.3699996064726 14.198811708030435 4.2
3386.4 378.87569303931446 14.48278221430128 4.2
3390.6 387.07234124774976 14.832829341611674 4.2
3394.8 395.4220358019715 15.190357676322272 4.2
3399.0 396.7956711404535 15.280867148718528 4.2
3403.2 390.85377385135666 15.089262020611109 4.2
3407.4 384.2085423590788 14.869350542607464 4.2
3411.6 383.92380684148424 14.894982592528876 4.2
3415.8 384.9819662903985 14.972833665577706 4.2
3420.0 383.56329661575666 14.954365808455123 4.2
3424.2 379.9994857186718 14.851831043921754 4.2
3428.4 377.3933835514721 14.786180381646385 4.2
3432.6 373.1220015263253 14.65466854027006 4.2
3436.8 368.3161271436644 14.501335486230715 4.2
3441.0 366.51175610233867 14.465584948021245 4.2
3445.2 370.69811498613745 14.666551109795762 4.2
3449.4 377.70274111612093 14.980144409197987 4.2
3453.6 381.16865827776496 15.154443748561759 4.2
3457.8 379.97018017338013 15.143560606654498 4.2
3462.0 382.2179929366185 15.270174500447455 4.2
3466.2 383.5076389002218 15.358896012103033 4.2
3470.4 380.3208941062155 15.26820561832304 4.2
3474.6 374.77242086424656 15.081898024441339 4.2
3478.8 375.98483802929235 15.16729032840296 4.2
3483.0 382.3017674128747 15.459377418987888 4.2
3487.2 386.81877273079255 15.67978126767751 4.2
3491.4 385.93133304847527 15.681514356918987 4.2
3495.6 389.09333659263325 15.848056104465666 4.2
3499.8 393.9987110865973 16.08644209458415 4.2
3504.0 394.3274948621572 16.138530970524943 4.2
3508.2 387.0905475167712 15.880347441587748 4.2
3512.4 381.2811349491392 15.679492438092831 4.2
3516.6 380.8722321707403 15.700157168740354 4.2
3520.8 385.4060640209985 15.925020497527425 4.2
3525.0 392.3765208767371 16.251745024063354 4.2
3529.2 402.9588640914693 16.729848185955575 4.2
3533.4 413.48869985890383 17.207905009175327 4.2
3537.6 420.50174681598656 17.541389822691272 4.2
3541.8 423.6675365226018 17.715442308182997 4.2
3546.0 421.10247328086643 17.64997115640172 4.2
3550.2 413.4734381723363 17.37128717796003 4.2
3554.4 402.7658630612722 16.96148997446275 4.2
3558.6 390.6707586413091 16.491038287696817 4.2
3562.8 376.19270311689144 15.91739523100789 4.2
3567.0 363.88406366984316 15.432916271261831 4.2
3571.2 359.9390025957394 15.301570232896141 4.2
3575.4 365.62171640000355 15.579732619243917 4.2
3579.6 372.947977146675 15.929274636559246 4.2
3583.8 379.77793125863224 16.259081200433826 4.2
3588.0 389.2533742763601 16.703827638566818 4.2
3592.2 401.87245287910287 17.28574094093172 4.2
3596.4 405.3379593480014 17.475596154745837 4.2
3600.6 399.4215571307122 17.26076341777532 4.2
3604.8 396.1164752801918 17.15789477180187 4.2
3609.0 398.09937027084925 17.283989746509164 4.2
3613.2 403.2935271033882 17.550277993133268 4.2
3617.4 409.7322855031173 17.871952437983296 4.2
3621.6 416.92726016098896 18.228041135897183 4.2
3625.8 419.82235980556555 18.397211450643976 4.2
3630.0 418.7010062786107 18.39060429877542 4.2
3634.2 417.46070925107017 18.378581985612737 4.2
3638.4 420.2312728725135 18.54334164992431 4.2
3642.6 424.5631415659514 18.777769338942086 4.2
3646.8 430.12765114451554 19.06777418316407 4.2
3651.0 437.1410477093899 19.42334391632558 4.2
3655.2 444.1431461467182 19.77989582666018 4.2
3659.4 448.5072701853804 20.020181020090813 4.2
3663.6 449.2717942882664 20.100367601511465 4.2
3667.8 445.9046100325492 19.9954876420097 4.2
3672.0 436.6001792346376 19.623117303750973 4.2
3676.2 427.8455244005413 19.273651413682757 4.2
3680.4 426.8381320526735 19.272231330883297 4.2
3684.6 434.1427563004385 19.646807955136964 4.2
3688.8 437.078089722237 19.824762810989405 4.2
3693.0 436.01219803460435 19.821476412777482 4.2
3697.2 434.20954490009166 19.784450840382522 4.2
3701.4 432.1885067680332 19.737129925579886 4.2
3705.6 424.7644669241451 19.442137041048554 4.2
3709.8 412.08258475140394 18.90444796901444 4.2
3714.0 398.6295192965198 18.32871422918086 4.2
3718.2 390.3442278157196 17.98837779007148 4.2
3722.4 391.1174346081752 18.06475184276853 4.2
3726.6 388.2966962616945 17.974962789083854 4.2
3730.8 375.01558664644045 17.39930896161448 4.2
3735.0 362.89421280495105 16.874853066089827 4.2
3739.2 364.22341716014296 16.97477396681305 4.2
3743.4 375.40908866236555 17.535413040818767 4.2
3747.6 386.8751138457068 18.111565882688947 4.2
3751.8 396.17758160415383 18.588656407584782 4.2
3756.0 408.87079202823094 19.227198059622605 4.2
3760.2 428.63473773908885 20.201703840170303 4.2
3764.4 451.7745117642751 21.339881329728062 4.2
3768.6 465.7288774624963 22.048142137616065 4.2
3772.8 469.895934856727 22.295026864953332 4.2
3777.0 469.5688563336748 22.329140170987127 4.2
3781.2 469.48957830946654 22.375049254121326 4.2
3785.4 466.2401814854397 22.269578646230702 4.2
3789.6 459.9371727654524 22.017296958007858 4.2
3793.8 455.0890545593834 21.833532150699718 4.2
3798.0 456.2967063151067 21.939968514803255 4.2
3802.2 458.66894844080923 22.102835934203085 4.2
3806.4 452.9981259394521 21.87781774071541 4.2
3810.6 435.9478382708589 21.1008524186047 4.2
3814.8 413.3916563074212 20.0532145329634 4.2
3819.0 392.6792365575398 19.0904427161806 4.2
3823.2 376.7204703723895 18.354899038464453 4.2
3827.4 368.51023092519154 17.99434322596199 4.2
3831.6 373.68092175036264 18.286896210213417 4.2
3835.8 396.13329381315856 19.428174698391256 4.2
3840.0 427.25072267697544 21.000227521018694 4.2
3844.2 452.70293063389295 22.29995568455118 4.2
3848.4 462.68438489109417 22.84146735966137 4.2
3852.6 462.6210757139672 22.88821898674848 4.2
3856.8 461.42276550103304 22.878734579431246 4.2
3861.0 463.44441356737974 23.029048795685615 4.2
3865.2 463.1965467832911 23.066834518203393 4.2
3869.4 455.45974648747176 22.730866953570125 4.2
3873.6 443.2611925260393 22.170117762922793 4.2
3877.8 434.3286140509344 21.770479771399344 4.2
3882.0 430.0413263082286 21.602300347747352 4.2
3886.2 430.6802533376625 21.681234165146748 4.2
3890.4 435.2038629640501 21.956342662708213 4.2
3894.6 441.45611367378376 22.319887434435287 4.2
3898.8 446.1073102072808 22.603724220745764 4.2
3903.0 449.03495738415694 22.801110537101444 4.2
3907.2 446.8790243570752 22.740499508958766 4.2
3911.4 432.32743065708894 22.04732986900413 4.2
3915.6 403.22236732785694 20.6072481096949 4.2
3919.8 364.7182014734812 18.67944635856973 4.2
3924.0 327.8651507162474 16.82798049645006 4.2
3928.2 306.13294689024116 15.74620858121077 4.2
3932.4 313.6128721424311 16.165457495276243 4.2
3936.6 348.67007762774637 18.010924263227924 4.2
3940.8 394.1490332919698 20.403656336574922 4.2
3945.0 425.16278149732966 22.056063325041595 4.2
3949.2 431.0533236030225 22.40928500128371 4.2
3953.4 412.3402585032564 21.482063697646147 4.2
3957.6 380.681226615319 19.87485642419716 4.2
3961.8 355.98865642692425 18.625159474379085 4.2
3966.0 356.8583268849303 18.710267644906875 4.2
3970.2 387.89348441762195 20.380554696422305 4.2
3974.4 436.84775321326475 23.001279746992356 4.2
3978.6 479.75189419618397 25.313721633433413 4.2
3982.8 506.30971168747857 26.77145652445522 4.2
3987.0 518.1372113713687 27.454655590493328 4.2
3991.2 523.5790645661814 27.801485376254004 4.2
3995.4 528.7918149312898 28.137402297819897 4.2
3999.6 534.894503664869 28.522001606030994 4.2
4003.8 540.784834853864 28.896683418581325 4.2
4008.0 545.4787404364943 29.20868465670411 4.2
4012.2 548.3225509532571 29.422529028512113 4.2
4016.4 549.7070893332021 29.558609495568327 4.2
4020.6 549.904809521297 29.631115408516102 4.2
4024.8 548.4495015085454 29.6144724120581 4.2
4029.0 546.7927152241368 29.586664020638977 4.2
4033.2 545.0668096816706 29.554798313328284 4.2
4037.4 543.2074246805582 29.515354243902337 4.2
4041.6 542.2438024536413 29.524326540498684 4.2
4045.8 541.6970052309692 29.55588717239396 4.2
4050.0 541.0971024231048 29.58448407498326 4.2
4054.2 539.8273898733166 29.57631070918574 4.2
4058.4 536.8235455334841 29.472705193068144 4.2
4062.6 532.6735426496225 29.30542337441628 4.2
4066.8 530.4880740692671 29.24556392331509 4.2
4071.0 533.2502281836017 29.458592983153956 4.2
4075.2 538.8493948719815 29.829364429295552 4.2
4079.4 545.9346652460296 30.28391370655647 4.2
4083.6 550.730164748155 30.61286667082088 4.2
4087.8 548.2744098120577 30.5390835404875 4.2
4092.0 537.7519632926294 30.014561300942518 4.2
4096.2 527.568611037549 29.50665643904004 4.2
4100.4 526.3914238964398 29.50122161264053 4.2
4104.6 536.0626798190649 30.104817583758543 4.2
4108.8 548.265919331789 30.853184768063826 4.2
4113.0 554.8809764400787 31.289311003104178 4.2
4117.2 553.7443735624794 31.289022819226677 4.2
4121.4 550.1786346293072 31.151000515769727 4.2
4125.6 548.4625997577334 31.117163371060073 4.2
4129.8 549.4538424480618 31.23690523160925 4.2
4134.0 551.28009295653 31.404508441010027 4.2
4138.2 551.6635654416458 31.49024213284747 4.2
4142.4 552.2009996886451 31.584935910690238 4.2
4146.6 554.3256411826982 31.770788978930856 4.2
4150.8 557.7269602662695 32.03052079049084 4.2
4155.0 559.8287507575294 32.216325162655856 4.2
4159.2 559.0229605423146 32.23502415636801 4.2
4163.4 555.5830389637259 32.10140198212263 4.2
4167.6 551.4589581632519 31.927432838339918 4.2
4171.8 549.1642977958404 31.85869630557643 4.2
4176.0 548.0905002250912 31.86045693084453 4.2
4180.2 546.2646948046255 31.818228766415462 4.2
4184.4 542.7337984498309 31.67612149134447 4.2
4188.6 541.1472775961605 31.6469601366462 4.2
4192.8 541.6328062501815 31.738909427919555 4.2
4197.0 543.6248693472163 31.919494137337235 4.2
4201.2 546.9184081672317 32.177181483956 4.2
4205.4 547.836083626298 32.295647782737944 4.2
4209.6 543.6001817146234 32.10997740764058 4.2
4213.8 535.4086916706492 31.689252866133188 4.2
4218.0 528.7910597172273 31.35999609981494 4.2
4222.2 525.1309941910177 31.204986569618242 4.2
4226.4 525.0250915858225 31.26079367123937 4.2
4230.6 527.7610372161912 31.48618189274824 4.2
4234.8 530.9913494448164 31.74183282413368 4.2
4239.0 532.1651391698806 31.87513259241808 4.2
4243.2 531.2931908425015 31.88599693386377 4.2
4247.4 529.8719494595113 31.86368499654581 4.2
4251.6 528.2511582417613 31.829073712722895 4.2
4255.8 525.4686785224774 31.72400429476584 4.2
4260.0 521.5092987653968 31.54714050091638 4.2
4264.2 517.4282343794761 31.362018018660233 4.2
4268.4 513.9809612306503 31.214472493197757 4.2
4272.6 510.863391715283 31.086225996639197 4.2
4276.8 506.5885527138189 30.886734859545548 4.2
4281.0 499.4117994171815 30.509001902861698 4.2
4285.2 489.8093399597014 29.98113016967544 4.2
4289.4 476.3521830017918 29.214603738773228 4.2
4293.6 460.4283855412004 28.2933257648776 4.2
4297.8 448.2175440782466 27.596880944819112 4.2
4302.0 447.46229175386674 27.604253052654432 4.2
4306.2 461.65002295109 28.53513949805429 4.2
4310.4 485.9528199329484 30.09594607144007 4.2
4314.6 507.86019658968036 31.514034055688324 4.2
4318.8 519.7554708351546 32.3149880754675 4.2
4323.0 522.1542096266696 32.5272988607939 4.2
4327.2 519.3203221772424 32.413654602560236 4.2
4331.4 513.1503982901346 32.09075981235184 4.2
4335.6 510.6729327240375 31.997791191994214 4.2
4339.8 516.5612493246521 32.429481127043466 4.2
4344.0 529.04135442731 33.27729371979476 4.2
4348.2 538.1486204766703 33.91563869058219 4.2
4352.4 543.4550784280724 34.31626397964676 4.2
4356.6 545.6345726872075 34.52041435559791 4.2
4360.8 544.5840491025083 34.52041435559791 4.2
4365.0 541.3034045797242 34.37858520241171 4.2
4369.2 536.5144270198489 34.140037986169546 4.2
4373.4 531.249890442011 33.87006265258382 4.2
4377.6 527.4789139294135 33.69426599326511 4.2
4381.8 529.4051389200146 33.88223107533423 4.2
4386.0 535.6190317029835 34.34567056798056 4.2
4390.2 542.1464818914551 34.83084414856124 4.2
4394.4 545.8459378882436 35.13565062475291 4.2
4398.6 546.9810932661345 35.276054102154234 4.2
4402.8 549.1858502278031 35.4859143512565 4.2
4407.0 554.2263292927736 35.87996411360889 4.2
4411.2 558.8197635078049 36.24632665251188 4.2
4415.4 560.0530260085492 36.39552597261945 4.2
4419.6 560.2157634504417 36.47539469256058 4.2
4423.8 562.8572780778964 36.71706852261768 4.2
4428.0 567.2859536599498 37.07626691342036 4.2
4432.2 570.4039915074242 37.3508078943061 4.2
4436.4 570.9628630330459 37.45829451853839 4.2
4440.6 569.9725566573969 37.46416003964417 4.2
4444.8 569.116014633245 37.4786552650488 4.2
4449.0 568.4188128079891 37.503517272050075 4.2
4453.2 568.1419452713825 37.556057905371325 4.2
4457.4 568.9079952622426 37.67766670050116 4.2
4461.6 570.5582530360988 37.858203380364415 4.2
4465.8 573.3855129788442 38.1174641051937 4.2
4470.0 576.8703377865562 38.421295107598 4.2
4474.2 579.6081289360927 38.676218045906204 4.2
4478.4 580.3092490628015 38.79573641529055 4.2
4482.6 580.8249733044365 38.903081230547606 4.2
4486.8 582.1941433865743 39.06789393617115 4.2
4491.0 582.8907246583912 39.1879007992793 4.2
4495.2 583.1700564805257 39.28004711176263 4.2
4499.4 583.7730566260745 39.39417410776842 4.2
4503.6 584.937727860447 39.54649517449896 4.2
4507.8 585.7171982371525 39.67308748884309 4.2
4512.0 584.745748356207 39.68112716141141 4.2
4516.2 580.7041395110201 39.48025962877746 4.2
4520.4 574.3802816006959 39.122986520713226 4.2
4524.6 569.9921471359017 38.896273924418864 4.2
4528.8 569.8059382845422 38.95578856434261 4.2
4533.0 572.4819742672364 39.21136852712961 4.2
4537.2 574.8167407780883 39.44427699989115 4.2
4541.4 575.5111518205576 39.56507560876135 4.2
4545.6 574.8239066835846 39.59095702494711 4.2
4549.8 574.5828272955717 39.64751754774737 4.2
4554.0 576.7441553892869 39.87016197369789 4.2
4558.2 580.9229059219864 40.23314662782005 4.2
4562.4 584.7234853381389 40.571026867938265 4.2
4566.6 585.7972250409053 40.72039667502453 4.2
4570.8 583.6450644577237 40.64545597645757 4.2
4575.0 581.3679123388449 40.561312533990794 4.2
4579.2 580.7510859464683 40.59270568990125 4.2
4583.4 581.1734070195862 40.69677545986149 4.2
4587.6 580.4571519190604 40.72114677936024 4.2
4591.8 580.6244598179494 40.807501005626065 4.2
4596.0 582.1745480313075 40.991329092558956 4.2
4600.2 583.6544854042905 41.17067619584703 4.2
4604.4 582.6545794902155 41.17522679861126 4.2
4608.6 580.9024708402584 41.126334166731645 4.2
4612.8 580.700238805527 41.186984850579385 4.2
4617.0 582.9744288576544 41.423615316370814 4.2
4621.2 586.0568215412184 41.7184342122115 4.2
4625.4 587.4117948266506 41.890929804468556 4.2
4629.6 586.8975762854649 41.93030292784979 4.2
4633.8 585.7640095307347 41.92528272769691 4.2
4638.0 583.4662853625828 41.836563123170244 4.2
4642.2 581.4837201267947 41.76995428951051 4.2
4646.4 580.6254465563158 41.78380634373006 4.2
4650.6 580.6083537995446 41.858147112212876 4.2
4654.8 581.1807263937773 41.97512518159868 4.2
4659.0 581.9528961244204 42.106776973468264 4.2
4663.2 582.5284895051478 42.22444987153574 4.2
4667.4 582.8049221150094 42.32061790315552 4.2
4671.6 583.7003519689971 42.461956394631294 4.2
4675.8 584.5011924019491 42.59670438729926 4.2
4680.0 584.4367924638829 42.66856134420316 4.2
4684.2 583.7600833086901 42.69568640861051 4.2
4688.4 583.0475035689906 42.72007436307306 4.2
4692.6 581.7202501158439 42.69922573153944 4.2
4696.8 579.366153236233 42.60258974602817 4.2
4701.0 577.0490791812739 42.508129991692414 4.2
4705.2 576.5023447864063 42.543772731894265 4.2
4709.4 578.7381288126458 42.78504567944764 4.2
4713.6 582.5266576622907 43.14197273268718 4.2
4717.8 583.8834999325442 43.31955632788911 4.2
4722.0 585.2983357509033 43.50187738988415 4.2
4726.2 586.5662394626314 43.673701352379325 4.2
4730.4 585.7462578925896 43.69019670254794 4.2
4734.6 584.416766699717 43.66847241991529 4.2
4738.8 584.7799787359339 43.77317011764179 4.2
4743.0 585.7644426757545 43.92461868297155 4.2
4747.2 584.276200974456 43.890648727552204 4.2
4751.4 581.2648590229024 43.74173447869454 4.2
4755.6 579.149409609584 43.65962488344319 4.2
4759.8 579.4765227287289 43.76147987086078 4.2
4764.0 581.5268198968437 43.99385306741838 4.2
4768.2 581.9964397132528 44.10704878652459 4.2
4772.4 581.1116479729255 44.117612315527516 4.2
4776.6 580.3413372482598 44.13671434634361 4.2
4780.8 580.2192096233296 44.205061590043925 4.2
4785.0 580.3545190238173 44.293092157787015 4.2
4789.2 580.4105622148818 44.37516695142804 4.2
4793.4 580.5263159870453 44.461898202289696 4.2
4797.6 581.3332760202454 44.6017603643554 4.2
4801.8 581.9653399181578 44.72846559451949 4.2
4806.0 582.2932044544841 44.83198827254418 4.2
4810.2 582.4719108365648 44.92416358520391 4.2
4814.4 582.1098041526891 44.97467151097671 4.2
4818.6 580.5177484049357 44.92995669441715 4.2
4822.8 578.2008825632978 44.82868505126877 4.2
4827.0 576.5575413709441 44.779165927858536 4.2
4831.2 576.6060853662642 44.86090184318457 4.2
4835.4 576.9795789151683 44.968044286777065 4.2
4839.6 575.0615341310835 44.89644975896933 4.2
4843.8 568.1262406821553 44.432014077013555 4.2
4848.0 554.5746737717781 43.44742077808058 4.2
4852.2 537.595800772753 42.1902404000975 4.2
4856.4 525.3882476094508 41.30360892235839 4.2
4860.6 526.639572576523 41.47362533335319 4.2
4864.8 538.7549506084665 42.501083317604625 4.2
4869.0 554.2193767614741 43.79655998067975 4.2
4873.2 565.8076091004535 44.789477899016354 4.2
4877.4 570.6903209203612 45.2538986626958 4.2
4881.6 571.6640399262545 45.409215605090765 4.2
4885.8 572.5980759493314 45.56170837990123 4.2
4890.0 575.2644500036565 45.852603516441455 4.2
4894.2 577.6886425644301 46.124959729915126 4.2
4898.4 578.8323056517013 46.29563016651811 4.2
4902.6 577.952747913659 46.30458540128123 4.2
4906.8 575.0379954636036 46.150031309519086 4.2
4911.0 571.1173929223496 45.91388054742395 4.2
4915.2 567.6685926122849 45.71471325442707 4.2
4919.4 566.4022646499769 45.69071981319175 4.2
4923.6 567.7533804059387 45.87794960429876 4.2
4927.8 568.8989186842781 46.04897842285393 4.2
4932.0 570.7936314269846 46.28113488685328 4.2
4936.2 573.9363868401224 46.615248099418366 4.2
4940.4 576.9537874213106 46.94009886798397 4.2
4944.6 577.4719924479292 47.06217560440807 4.2
4948.8 575.1133506476942 46.949611186008866 4.2
4953.0 572.1957118021645 46.790749302781556 4.2
4957.2 572.1796038054583 46.86881788731051 4.2
4961.4 574.4877467997413 47.13765787830685 4.2
4965.6 576.2378613957716 47.36134202469937 4.2
4969.8 575.1636501919235 47.35305468231883 4.2
4974.0 571.6809135333665 47.14590752371012 4.2
4978.2 568.7227140643606 46.981188599085385 4.2
4982.4 567.9734995863846 46.99850029734546 4.2
4986.6 568.8793760967989 47.15285571334591 4.2
4990.8 569.0323038353354 47.24501595608243 4.2
4995.0 568.1961276329022 47.25502529781367 4.2
4999.2 566.0675133352338 47.1571988518579 4.2
5003.4 563.1638979897964 46.994171774837405 4.2
5007.6 561.857255159504 46.96388327751594 4.2
5011.8 563.255953910942 47.15980492698022 4.2
5016.0 566.1639323885047 47.48276492287157 4.2
5020.2 568.474797947752 47.756446061119334 4.2
5024.4 570.118115386818 47.9746704344867 4.2
5028.6 568.9617524784452 47.95744087041675 4.2
5032.8 565.3402548784727 47.73182063740589 4.2
5037.0 562.4052330039492 47.563302313580586 4.2
5041.2 562.5244446140523 47.6527534600852 4.2
5045.4 564.9760643584676 47.94021749415083 4.2
5049.6 567.9620268180092 48.273857044039545 4.2
5053.8 570.0817688908645 48.5346609380335 4.2
5058.0 570.3213171487931 48.63579284525672 4.2
5062.2 569.2023123854397 48.621012668713284 4.2
5066.4 567.7776653264822 48.579831039847186 4.2
5070.6 566.7017457949235 48.56819907639325 4.2
5074.8 565.5505021496007 48.54986202343155 4.2
5079.0 565.9171157616904 48.66178101404488 4.2
5083.2 568.6471407093607 48.977430835958366 4.2
5087.4 571.3384910178889 49.29058811402835 4.2
5091.6 571.5690434579379 49.391930382030665 4.2
5095.8 569.2728946095637 49.27470126654513 4.2
5100.0 566.3708624602075 49.104353775299984 4.2
5104.2 564.9030093858048 49.05779227978651 4.2
5108.4 566.0456565598969 49.23795419719498 4.2
5112.6 568.5931500267687 49.540912312287325 4.2
5116.8 569.9337435145978 49.73933791067707 4.2
5121.0 568.6272954992872 49.70682229089907 4.2
5125.2 565.4205904362045 49.5076144350105 4.2
5129.4 562.2430811366188 49.310113253214375 4.2
5133.6 560.7653908811378 49.26108804425624 4.2
5137.8 560.5454941397855 49.32237717706735 4.2
5142.0 561.0545776164249 49.447916817096676 4.2
5146.2 561.3011523123809 49.55049530097417 4.2
5150.4 559.5711766812291 49.47844018769071 4.2
5154.6 552.7278095108226 48.95307755695289 4.2
5158.8 540.5798736017115 47.95523239950021 4.2
5163.0 526.6001817056124 46.791180263493985 4.2
5167.2 516.7193338531306 45.98794465184268 4.2
5171.4 515.1918599401456 45.92656877431565 4.2
5175.6 519.6175924228196 46.39636966129885 4.2
5179.8 525.7693585305553 47.0218812091839 4.2
5184.0 533.1817416978845 47.762164494060485 4.2
5188.2 541.8459554862118 48.61698249106914 4.2
5192.4 549.0058500928361 49.3391882489895 4.2
5196.6 551.8774853552994 49.67753065276289 4.2
5200.8 552.1650941353388 49.78379504129476 4.2
5205.0 552.9779154589919 49.937638366876314 4.2
5209.2 555.4067978413075 50.237960485592595 4.2
5213.4 557.7956967931593 50.53543402462479 4.2
5217.6 557.0057671271878 50.54520938946849 4.2
5221.8 555.5776761774974 50.496816557724394 4.2
5226.0 556.4913830696106 50.66126152119748 4.2
5230.2 560.3671421986792 51.0961290477414 4.2
5234.4 565.3630746169773 51.63450286422004 4.2
5238.6 568.3381084396467 51.989543011693705 4.2
5242.8 568.1129292994401 52.05230909111679 4.2
5247.0 566.1755704321707 51.95794908382742 4.2
5251.2 562.4606390753793 51.6996972617027 4.2
5255.4 556.4904314367606 51.23278917066385 4.2
5259.6 549.1814018268749 50.64073495238461 4.2
5263.8 543.7039588636412 50.21575537600127 4.2
5268.0 544.329312679341 50.353770945060134 4.2
5272.2 551.1394533699084 51.065078045522746 4.2
5276.4 559.8940230782725 51.95890619343502 4.2
5280.6 564.3164522020053 52.45271831087822 4.2
5284.8 565.1765603935013 52.61626304145121 4.2
5289.0 564.3208814559222 52.62014009381917 4.2
5293.2 563.3374804757846 52.61190169899063 4.2
5297.4 563.3310898596732 52.69482905813283 4.2
5301.6 564.4732158458216 52.885425146337695 4.2
5305.8 565.3371223134658 53.050319033352935 4.2
5310.0 563.8715884790239 52.99659898637802 4.2
5314.2 559.4296296040715 52.662321489389605 4.2
5318.4 553.51227844508 52.187681111424055 4.2
5322.6 549.5833860095405 51.899120713902256 4.2
5326.8 550.5394853873589 52.07148940339912 4.2
5331.0 553.0086056929102 52.38753934338203 4.2
5335.2 554.9320982499835 52.652621624693616 4.2
5339.4 556.3913126501367 52.87422319925216 4.2
5343.6 558.7858143797317 53.18534735794036 4.2
5347.8 561.0827810094867 53.487955754732425 4.2
5352.0 561.4732176698268 53.60928315168541 4.2
5356.2 559.3964222392937 53.494853191313354 4.2
5360.4 556.6303183948713 53.31384438407806 4.2
5364.6 555.6106531302358 53.299606164730015 4.2
5368.8 557.0097575585281 53.51752246026052 4.2
5373.0 559.4478041678062 53.835902757623785 4.2
5377.2 560.326128919385 54.00475497746338 4.2
5381.4 559.0500696575872 53.96597154061509 4.2
5385.6 556.4691161336831 53.80070912984337 4.2
5389.8 553.671226695864 53.61372717357667 4.2
5394.0 550.4417545209765 53.38410917347292 4.2
5398.2 548.4326640519934 53.27212243229595 4.2
5402.4 548.8981680134469 53.400337271468224 4.2
5406.6 551.5549347598214 53.74226919693012 4.2
5410.8 554.3375422917939 54.09735107364185 4.2
5415.0 555.4082581225141 54.286019705088115 4.2
5419.2 554.4149033392528 54.273021450796676 4.2
5423.4 552.6243042826645 54.181621740082875 4.2
5427.6 551.9625179289064 54.2005882437294 4.2
5431.8 553.0007409594765 54.38661132440916 4.2
5436.0 554.4244299299772 54.61098376392034 4.2
5440.2 554.0277555984499 54.65627124878526 4.2
5444.4 553.4179026023909 54.680439928193636 4.2
5448.6 553.3544446067725 54.75855762227559 4.2
5452.8 553.8167889204406 54.888833344102885 4.2
5457.0 554.4844192070077 55.03969264139394 4.2
5461.2 555.7776672817596 55.253017389362675 4.2
5465.4 556.5668683242594 55.41661572105571 4.2
5469.6 555.9325731620988 55.43856752111634 4.2
5473.8 555.0746633768799 55.438056915391094 4.2
5478.0 555.1383099101151 55.529530302415765 4.2
5482.2 555.9548255210414 55.69651221967132 4.2
5486.4 556.2452548502179 55.81102517405278 4.2
5490.6 554.7095505103309 55.742186498502086 4.2
5494.8 552.1708497137204 55.57199653978731 4.2
5499.0 550.4296441099742 55.48147519557051 4.2
5503.2 550.8364387454337 55.60732451752781 4.2
5507.4 552.5658160940854 55.867083509267445 4.2
5511.6 554.0715765927104 56.104797603246894 4.2
5515.8 553.99294451147 56.182362813422436 4.2
5520.0 552.2492048900773 56.09084724227538 4.2
5524.2 551.4504146928305 56.09498032090071 4.2
5528.4 552.3092771258224 56.26780840600264 4.2
5532.6 554.2053448906286 56.54679568963878 4.2
5536.8 556.0266176314107 56.818792505513436 4.2
5541.0 557.1818415393193 57.02325446591421 4.2
5545.2 557.0970074688925 57.10103759839223 4.2
5549.4 555.7624431713623 57.05057159329615 4.2
5553.6 553.9366013128836 56.949248825156374 4.2
5557.8 552.2038444147695 56.85700774172421 4.2
5562.0 550.6394029707986 56.78164890185921 4.2
5566.2 549.2266986999637 56.721538235735544 4.2
5570.4 548.2472859075688 56.70586766059767 4.2
5574.6 546.4190523910524 56.602029062250125 4.2
5578.8 543.0798260925163 56.34092851383648 4.2
5583.0 539.4236694659022 56.04591967074953 4.2
5587.2 538.9454618614914 56.08051587796127 4.2
5591.4 541.9012221591568 56.472888267357256 4.2
5595.6 545.697459235998 56.95396971850854 4.2
5599.8 547.2682111893918 57.20368414665663 4.2
5604.0 547.1683916540508 57.27907553637134 4.2
5608.2 546.8475472990542 57.33132777357122 4.2
5612.4 547.1016477857411 57.44391091251562 4.2
5616.6 547.5279117848012 57.57474193240589 4.2
5620.8 547.5918677399852 57.66761627993435 4.2
5625.0 547.7926504235444 57.775006099358194 4.2
5629.2 548.5192793160313 57.93806677978857 4.2
5633.4 549.2980734596844 58.106939273247754 4.2
5637.6 549.1066935472012 58.17334008501966 4.2
5641.8 547.8906407498838 58.13102757577655 4.2
5646.0 546.3859297612707 58.057723136512784 4.2
5650.2 545.5086143655465 58.05077204457655 4.2
5654.4 544.7185925870408 58.05291075345062 4.2
5658.6 544.5217909351745 58.11817923867616 4.2
5662.8 545.3594059711851 58.29401924426634 4.2
5667.0 546.1888491324455 58.4693142097541 4.2
5671.2 545.540915317049 58.48654946263609 4.2
5675.4 544.2874279465451 58.43862649556606 4.2
5679.6 544.2541555362012 58.52157421256349 4.2
5683.8 545.1244723915174 58.70187860968557 4.2
5688.0 545.775554155676 58.8588808346307 4.2
5692.2 545.2867599932333 58.8930436957601 4.2
5696.4 543.380812939768 58.77383102021782 4.2
5700.6 540.1521608087049 58.51079513303178 4.2
5704.8 538.2207137557812 58.38751609329098 4.2
5709.0 538.9458954130565 58.55230548485705 4.2
5713.2 540.9665348068163 58.85833872680072 4.2
5717.4 541.5269813741843 59.00597623193837 4.2
5721.6 540.8966219493465 59.02391330683672 4.2
5725.8 540.0287810006735 59.01575941512529 4.2
5730.0 538.894822137473 58.978266019191466 4.2
5734.2 537.7638222188452 58.94079644324661 4.2
5738.4 536.6703710644309 58.90714843394293 4.2
5742.6 535.5747842216994 58.87297739089285 4.2
5746.8 534.5460054943047 58.84587162468118 4.2
5751.0 533.9769612281722 58.8691818321251 4.2
5755.2 533.6400470295155 58.91800053117531 4.2
5759.4 533.5053398147899 58.98913121797432 4.2
5763.6 534.5909339506843 59.19540551251177 4.2
5767.8 535.6842398132793 59.40294822970289 4.2
5772.0 535.7332603752467 59.49493576976518 4.2
5776.2 534.757408924449 59.473021062497715 4.2
5780.4 534.0691228380283 59.482881681656814 4.2
5784.6 534.0803360099275 59.570603515472115 4.2
5788.8 534.6827392832299 59.72442812867665 4.2
5793.0 535.5724118192991 59.91064565603224 4.2
5797.2 536.5283657520926 60.1046399632105 4.2
5801.4 537.2589184691744 60.27372051722149 4.2
5805.6 537.4511971216348 60.3826265180212 4.2
5809.8 537.0403166499548 60.42379524217753 4.2
5814.0 536.991238503193 60.505659635543594 4.2
5818.2 536.6707957441504 60.55695091355034 4.2
5822.4 535.8523975874035 60.55193137042793 4.2
5826.6 535.592942527086 60.609960363665834 4.2
5830.8 535.6350211211846 60.70213971889755 4.2
5835.0 535.652990594504 60.7916596423132 4.2
5839.2 535.5037956222225 60.86224949076469 4.2
5843.4 535.3256121424256 60.92955412186062 4.2
5847.6 534.1631691403819 60.88467610299039 4.2
5851.8 532.2924491516331 60.75863381566145 4.2
5856.0 531.2600008350154 60.727863186649884 4.2
5860.2 532.9719813549823 61.010979861935745 4.2
5864.4 535.2270873602548 61.35698347184535 4.2
5868.6 534.963604168402 61.41465266400254 4.2
5872.8 530.9368056575756 61.0396451202755 4.2
5877.0 526.0340699822755 60.562528671709465 4.2
5881.2 520.0646773314813 59.96088027183069 4.2
5885.4 514.3198485690816 59.3832551253239 4.2
5889.6 512.0750953204138 59.20849199482731 4.2
5893.8 516.1387501941524 59.763496745559344 4.2
5898.0 522.7086876062405 60.61051860460158 4.2
5902.2 527.3578452364167 61.23673118251323 4.2
5906.4 528.7416766917846 61.484833314412874 4.2
5910.6 528.5500470377656 61.54999188383798 4.2
5914.8 527.5469619020608 61.520520330412836 4.2
5919.0 526.1778654065641 61.44803507478687 4.2
5923.2 525.1513189433705 61.4152183164619 4.2
5927.4 524.8180739636365 61.46331782255106 4.2
5931.6 524.9833643300543 61.56983645536289 4.2
5935.8 525.0911949072868 61.66972332326109 4.2
5940.0 524.5952631033645 61.6986980841129 4.2
5944.2 522.9912561197181 61.59706227235596 4.2
5948.4 521.1382194635083 61.46558225657368 4.2
5952.6 520.283262269847 61.45143091252581 4.2
5956.8 520.5796858273409 61.57323902428086 4.2
5961.0 520.8480122374295 61.69187926882319 4.2
5965.2 520.6180681958867 61.75156946359542 4.2
5969.4 520.2305980575585 61.7925332586272 4.2
5973.6 520.0067464134326 61.8528905250726 4.2
5977.8 519.6446894238253 61.89677191894647 4.2
5982.0 519.0825594232341 61.916728297167545 4.2
5986.2 518.4785686669661 61.931557200327155 4.2
5990.4 517.3799675860823 61.887081141902854 4.2
5994.6 515.9942190270456 61.807901686573715 4.2
5998.8 515.0489298171719 61.78115170166427 4.2
6003.0 515.1533970387638 61.88024150689822 4.2
6007.2 515.2061897856244 61.97321118456277 4.2
6011.4 514.7803973139713 62.00861054171984 4.2
6015.6 514.3222982440243 62.04003012163552 4.2
6019.8 514.689287874245 62.171021056867204 4.2
6024.0 515.1234589983582 62.3103226374827 4.2
6028.2 515.1265679340827 62.39761641822585 4.2
6032.4 514.7554959155381 62.4395838650024 4.2
6036.6 514.5320784080108 62.49942186038712 4.2
6040.8 514.205053164143 62.54664224746003 4.2
6045.0 513.9639336186445 62.60427637130284 4.2
6049.2 514.0168640851045 62.69775637800496 4.2
6053.4 513.9472065459939 62.77634118968916 4.2
6057.6 513.551580518236 62.81509197334163 4.2
6061.8 513.265469937488 62.8671829142287 4.2
6066.0 513.6892091370577 63.00630337588542 4.2
6070.2 514.582786017949 63.20333573380165 4.2
6074.4 514.6008283781001 63.293046473429804 4.2
6078.6 513.6296939871382 63.26099231536637 4.2
6082.8 512.8025547898211 63.246427610466526 4.2
6087.0 512.4537213070048 63.29071471437752 4.2
6091.2 511.4221525047126 63.25050538979646 4.2
6095.4 509.64625035481765 63.11782137415836 4.2
6099.6 508.7243706894743 63.09050446607425 4.2
6103.8 508.97525069858006 63.20857506906391 4.2
6108.0 509.1141854459926 63.31286989417595 4.2
6112.2 508.1291870971189 63.27730876679845 4.2
6116.4 506.57236660607833 63.170163360754785 4.2
6120.6 506.02649756023663 63.1887843032925 4.2
6124.8 506.25046041668236 63.30354045230533 4.2
6129.0 506.3024302634207 63.39689676757646 4.2
6133.2 506.04717028645393 63.45180779214917 4.2
6137.4 505.6574343085456 63.489805993800324 4.2
6141.6 505.4034468977248 63.544797491409795 4.2
6145.8 505.28034925632215 63.61624046683342 4.2
6150.0 504.67410693024806 63.62678803123102 4.2
6154.2 503.45196807095647 63.55943090642337 4.2
6158.4 502.55716277509066 63.53309318517397 4.2
6162.6 503.2563871589015 63.70829758394488 4.2
6166.8 505.54233176870184 64.08494265008709 4.2
6171.0 507.58661571551914 64.43176080479024 4.2
6175.2 508.14446443727576 64.59040385478846 4.2
6179.4 507.3417909514699 64.57612784218755 4.2
6183.6 505.7949369459571 64.46678318810501 4.2
6187.8 504.20217926371186 64.35110370223478 4.2
6192.0 503.49522868833947 64.3481402926284 4.2
6196.2 504.3016625434017 64.53866831981775 4.2
6200.4 504.4124989717422 64.6403947572489 4.2
6204.6 503.7669567374135 64.64515781302428 4.2
6208.8 502.99296839208773 64.63325083159424 4.2
6213.0 502.05413401140726 64.5999229498326 4.2
6217.2 501.5654099038337 64.62432203479507 4.2
6221.4 501.4469625774855 64.69638283373027 4.2
6225.6 501.14895349995044 64.74526309771761 4.2
6229.8 500.18774380483984 64.70830144557607 4.2
6234.0 500.37967284961394 64.82044377771457 4.2
6238.2 501.1579983883784 65.00877762841147 4.2
6242.4 500.66365659236874 65.0321331886531 4.2
6246.6 498.5099844026446 64.83955118055538 4.2
6250.8 496.4940494225487 64.66421354606243 4.2
6255.0 496.0056535339648 64.68744531552571 4.2
6259.2 496.8526347532572 64.88495383884246 4.2
6263.4 497.2524811181296 65.02434706973243 4.2
6267.6 494.9834871674952 64.81447386914039 4.2
6271.8 490.6873400777657 64.33806572070138 4.2
6276.0 491.79417999177633 64.56958572430587 4.2
6280.2 493.91737681695133 64.9351727135497 4.2
6284.4 493.3846284900395 64.95192097425617 4.2
6288.6 492.41277543271036 64.91065626608473 4.2
6292.8 491.2667787909315 64.84612065103325 4.2
6297.0 488.75798774804036 64.60111293534912 4.2
6301.2 486.5401963306266 64.3937919358299 4.2
6305.4 486.70294023215786 64.50123052708491 4.2
6309.6 487.6066266136514 64.7071094855924 4.2
6313.8 488.89051678814616 64.9638866623022 4.2
6318.0 490.0969633017084 65.21087085379249 4.2
6322.2 490.52460175129664 65.35457578418522 4.2
6326.4 490.0675646175483 65.38046423951569 4.2
6330.6 489.94520072602927 65.45095684498729 4.2
6334.8 490.49144688657753 65.61090073773643 4.2
6339.0 491.1880033616175 65.79122911742537 4.2
6343.2 491.51462528963395 65.9222466761251 4.2
6347.4 491.4117309174666 65.99575475502651 4.2
6351.6 490.884110563836 66.01216856666753 4.2
6355.8 490.1091486682588 65.99514691446178 4.2
6360.0 489.8544113628767 66.04804999287938 4.2
6364.2 490.1145733288556 66.17043657303158 4.2
6368.4 490.33465358005526 66.28755492843561 4.2
6372.6 489.9727601629075 66.32602953925925 4.2
6376.8 489.50334341524473 66.34985834569132 4.2
6381.0 488.607091015102 66.31564530201187 4.2
6385.2 487.0575106743697 66.19238049159055 4.2
6389.4 485.2405651619963 66.03223543594696 4.2
6393.6 483.9119314379244 65.93803489102234 4.2
6397.8 483.5528368922098 65.97569897204586 4.2
6402.0 483.85798788959096 66.1040396129319 4.2
6406.2 483.735843381913 66.17409338753255 4.2
6410.4 482.9331250204041 66.1509369749509 4.2
6414.6 481.92792823799743 66.09977786538225 4.2
6418.8 481.27086003774855 66.0961251575948 4.2
6423.0 480.88962859330036 66.13022494817659 4.2
6427.2 480.90315460235325 66.21860082069549 4.2
6431.4 481.5243039196768 66.3908150016135 4.2
6435.6 482.54649860921535 66.61867643883396 4.2
6439.8 482.8458413070476 66.74703830819531 4.2
6444.0 482.03457625796784 66.72183778604827 4.2
6448.2 480.6580898216677 66.61806286097493 4.2
6452.4 479.62155155406145 66.56102481461362 4.2
6456.6 478.9492429852958 66.55428160957521 4.2
6460.8 479.067445868843 66.65734323914624 4.2
6465.0 479.88391833701917 66.85778741565227 4.2
6469.2 480.54282698751854 67.03660318148083 4.2
6473.4 479.74269197748305 67.01191053300658 4.2
6477.6 477.78113981599023 66.82454340258629 4.2
6481.8 475.4425009647724 66.5837115186913 4.2
6486.0 473.263886677073 66.36452648150966 4.2
6490.2 471.638331749038 66.22226029692469 4.2
6494.4 472.31440016560947 66.40304576814843 4.2
6498.6 474.77696760249825 66.83562290319348 4.2
6502.8 476.9671407186819 67.23075679569618 4.2
6507.0 477.2079182511248 67.3516128328629 4.2
6511.2 475.9520303159635 67.26110533295382 4.2
6515.4 474.669238535872 67.16638894084028 4.2
6519.6 474.0142006199148 67.16020297268223 4.2
6523.8 473.85773901455593 67.22456489931261 4.2
6528.0 473.84572109532695 67.309443512672 4.2
6532.2 473.28888800371163 67.31688323841935 4.2
6536.4 471.03373507231726 67.08230857033081 4.2
6540.6 465.7641681792327 66.41711393520613 4.2
6544.8 456.15085728945763 65.12983830927193 4.2
6549.0 440.45269724334423 62.96917451200463 4.2
6553.2 421.2524207207477 60.30148398357759 4.2
6557.4 410.5158236824604 58.83991003110346 4.2
6561.6 416.8749036003709 59.82793318917684 4.2
6565.8 435.3093099555733 62.553555539865755 4.2
6570.0 453.204815306749 65.20846844078098 4.2
6574.2 464.1768004758053 66.87256784067168 4.2
6578.4 468.20139163654966 67.5385916098199 4.2
6582.6 468.92817093910924 67.72983225499779 4.2
6586.8 469.01669395686855 67.82909147158301 4.2
6591.0 469.42977377326827 67.97543570750325 4.2
6595.2 470.1163055162476 68.16163510216639 4.2
6599.4 470.7565266435857 68.34142026125308 4.2
6603.6 471.1332299962691 68.48319285204522 4.2
6607.8 471.06352271672563 68.56018803114735 4.2
6612.0 470.5432685595038 68.57155530140828 4.2
6616.2 469.8118911874461 68.55197950789801 4.2
6620.4 469.7781298862566 68.63410898509213 4.2
6624.6 470.15161707510055 68.77585529946866 4.2
6628.8 469.88915624501715 68.82464817510936 4.2
6633.0 469.5277447204979 68.85888720446378 4.2
6637.2 469.0503298269862 68.87601310610063 4.2
6641.4 468.0130672640664 68.81070382232656 4.2
6645.6 466.7935643264956 68.7182355872249 4.2
6649.8 466.66807058076614 68.7866247761897 4.2
6654.0 467.09332565591814 68.93630477412316 4.2
6658.2 467.11475079352164 69.02652336827965 4.2
6662.4 466.94297689002104 69.08821942806594 4.2
6666.6 466.95653616641425 69.17736253072394 4.2
6670.8 466.90595662723325 69.25705177660751 4.2
6675.0 466.53337152792244 69.28895317261264 4.2
6679.2 466.19150837078126 69.32533868881815 4.2
6683.4 466.54156951539596 69.4646736967267 4.2
6687.6 467.29235562139775 69.66393465635699 4.2
6691.8 467.2177671233297 69.74033031212474 4.2
6696.0 466.369740975689 69.70115905399413 4.2
6700.2 465.8238512867894 69.70693703606125 4.2
6704.4 465.3475373117451 69.7229894995082 4.2
6708.6 464.4269989238009 69.67227632688748 4.2
6712.8 463.5385293387825 69.6260888557426 4.2
6717.0 463.2192063272637 69.66521792527614 4.2
6721.2 463.20327068190585 69.74996596041346 4.2
6725.4 463.40958850278423 69.86827162920969 4.2
6729.6 463.53523571295744 69.9745315935999 4.2
6733.8 462.92307374600904 69.9693758695192 4.2
6738.0 461.78863613023714 69.8850049073148 4.2
6742.2 460.9332018057783 69.84253594767208 4.2
6746.4 460.1559903494875 69.81166564263057 4.2
6750.6 459.4608424803316 69.79302144580035 4.2
6754.8 458.9403740870492 69.80073568189412 4.2
6759.0 458.75875116782555 69.85990649269928 4.2
6763.2 458.9578408423183 69.97710959810138 4.2
6767.4 459.27156814711094 70.11194254706824 4.2
6771.6 459.04013865702365 70.16362197253373 4.2
6775.8 458.0533858010756 70.09967427830584 4.2
6780.0 457.0312190094785 70.02997962638437 4.2
6784.2 456.3772316330095 70.01643593729722 4.2
6788.4 456.25790830526296 70.08482608828419 4.2
6792.6 456.29443609794436 70.17719413267791 4.2
6796.8 455.96580409902816 70.21339939611504 4.2
6801.0 455.2350632433707 70.18753658822877 4.2
6805.2 454.56026341749435 70.17008457854449 4.2
6809.4 454.5729218136863 70.25868224350963 4.2
6813.6 454.81207479716414 70.38238834005571 4.2
6817.8 454.7961091715159 70.4667107593279 4.2
6822.0 454.87683919952514 70.5660811842157 4.2
6826.2 454.8406146854815 70.64737017224313 4.2
6830.4 454.01372276727676 70.60573851873937 4.2
6834.6 452.6046903400146 70.47320128213255 4.2
6838.8 451.90323332332014 70.45048706744649 4.2
6843.0 451.797865441584 70.5206002132743 4.2
6847.2 451.4142120109843 70.5472355100003 4.2
6851.4 449.0333608619215 70.26127071670075 4.2
6855.6 443.49253545916457 69.47939050109663 4.2
6859.8 444.76473689724685 69.76410065280743 4.2
6864.0 444.72414110614545 69.84317922416308 4.2
6868.2 444.58150154558564 69.90624907014896 4.2
6872.4 446.21523726416694 70.24897631832317 4.2
6876.6 447.2946759511598 70.50501348649779 4.2
6880.8 447.13162232566333 70.56543124958226 4.2
6885.0 446.82901408315774 70.60378763704031 4.2
6889.2 446.02137158475045 70.56218166620586 4.2
6893.4 445.80229004015064 70.61354258460823 4.2
6897.6 446.1462466559957 70.75416336468365 4.2
6901.8 445.9277655200956 70.80566402304412 4.2
6906.0 445.13947237324305 70.76654617674536 4.2
6910.2 444.59852779291424 70.76654617674536 4.2
6914.4 444.00131333137426 70.75742178934756 4.2
6918.6 442.24283933918383 70.56283157090941 4.2
6922.8 440.16720777061266 70.31694596244367 4.2
6927.0 438.29536647159296 70.10290256194004 4.2
6931.2 435.8252555683423 69.79237863127686 4.2
6935.4 433.99649936394627 69.58377723879966 4.2
6939.6 434.25055084201296 69.70886313652063 4.2
6943.8 435.0416603112811 69.92041543300485 4.2
6948.0 435.48543575307525 70.0764350243024 4.2
6952.2 435.54470672112296 70.1707308718832 4.2
6956.4 435.7206691119555 70.28392392541012 4.2
6960.6 436.58408524256555 70.5082604371216 4.2
6964.8 437.58654030197073 70.75546671654217 4.2
6969.0 437.78444416463384 70.87286675383483 4.2
6973.2 437.96258630414434 70.98719242923248 4.2
6977.4 437.943427423976 71.06962109107621 4.2
6981.6 437.1911165773898 71.03297432028732 4.2
6985.8 435.89005349316966 70.90681857133754 4.2
6990.0 435.0337022380485 70.85263398240423 4.2
6994.2 434.7075279078175 70.88461746592728 4.2
6998.4 434.1179385000117 70.87351952006696 4.2
7002.6 433.48554076226014 70.85524433798916 4.2
7006.8 433.2412618901071 70.90028811274378 4.2
7011.0 433.31659369519747 70.99765425933857 4.2
7015.2 433.40821671757635 71.09777340771042 4.2
7019.4 432.6704865731153 71.0617666203341 4.2
7023.6 431.27443451225946 70.91726855624205 4.2
7027.8 430.38236466049347 70.85524433798916 4.2
7032.0 430.7363569496016 70.9983081749114 4.2
7036.2 431.6034461372645 71.22623692549426 4.2
7040.4 432.2057955975597 71.41081670427248 4.2
7044.6 432.17593260767774 71.49110339058183 4.2
7048.8 431.263673854948 71.42528796477875 4.2
7053.0 430.1990896444101 71.33390515445019 4.2
7057.2 429.9524260281653 71.37793837896342 4.2
7061.4 430.5579654856017 71.56357040744489 4.2
7065.6 430.6209551999119 71.65920735681685 4.2
7069.8 430.030242051806 71.64600845870669 4.2
7074.0 429.60679685200756 71.66052738035538 4.2
7078.2 429.4687766436393 71.72259592283154 4.2
7082.4 429.11367247183057 71.74836354177333 4.2
7086.6 428.47492845210036 71.72655956947555 4.2
7090.8 428.31450549877997 71.78471822578295 4.2
7095.0 428.65555397143845 71.92700882585699 4.2
7099.2 428.4206857005008 71.97273393787309 4.2
7103.4 427.44940100559273 71.89455501029185 4.2
7107.6 426.72422403930267 71.85748286556917 4.2
7111.8 426.5266632128839 71.90912429940671 4.2
7116.0 425.8703218327884 71.88329894504555 4.2
7120.2 424.73775697245253 71.77678472395222 4.2
7124.4 423.8856015207384 71.71731140135684 4.2
7128.6 423.71004708682176 71.77215725279902 4.2
7132.8 424.1829041140498 71.93694659581656 4.2
7137.0 424.08592726449 72.00522304407376 4.2
7141.2 422.52349363379693 71.82439889024752 4.2
7145.4 420.57568741120394 71.57741336780968 4.2
7149.6 419.7336276927257 71.51810524176118 4.2
7153.8 419.376089762832 71.54116367136277 4.2
7158.0 418.1016357078861 71.40752819035357 4.2
7162.2 418.32359994290874 71.52930412204002 4.2
7166.4 420.98940344206625 72.06958147224071 4.2
7170.6 423.372125647404 72.56246038792621 4.2
7174.8 423.5509457173366 72.67817276865799 4.2
7179.0 423.5779537989835 72.76792649862706 4.2
7183.2 424.3980088141441 72.99414064242305 4.2
7187.4 425.1416210182968 73.20757144451565 4.2
7191.6 424.9347101540912 73.25748418413666 4.2
7195.8 423.74743911217337 73.13815491120798 4.2
7200.0 422.478158867338 73.004225852276 4.2
7204.2 421.72925887060904 72.95986134910999 4.2
7208.4 421.68436496880383 73.03718058272736 4.2
7212.6 420.3175845208523 72.88530911238722 4.2
7216.8 417.41871336909514 72.46695282816601 4.2
7221.0 416.91792222909226 72.46428309613974 4.2
7225.2 418.2091285196467 72.77328843513556 4.2
7229.4 419.92598074754704 73.15701890794278 4.2
7233.6 419.94486516902435 73.24534011626862 4.2
7237.8 419.8016085262665 73.30540542295 4.2
7242.0 420.27757117018405 73.47371511380538 4.2
7246.2 420.45219235208435 73.5895250534583 4.2
7250.4 419.8994644706458 73.57800361772053 4.2
7254.6 419.00799682505834 73.50688177571526 4.2
7258.8 418.20728483607525 73.45138681571144 4.2
7263.0 417.8045511036325 73.46559494745618 4.2
7267.2 417.8525238201946 73.55903106743462 4.2
7271.4 418.0740224926264 73.68311879209158 4.2
7275.6 417.92237774053024 73.74150552071127 4.2
7279.8 417.3633972128869 73.72792308443105 4.2
7284.0 416.4677537179647 73.65462114702257 4.2
7288.2 415.4059291345113 73.55157890409463 4.2
7292.4 415.0116516708961 73.5664839858188 4.2
7296.6 415.29067260691596 73.7007657166484 4.2
7300.8 415.94542502362833 73.90196736092835 4.2
7305.0 415.9458678074069 73.98709914151117 4.2
7309.2 413.61622219211137 73.65733473353168 4.2
7313.4 411.9026631222947 73.43650505347506 4.2
7317.6 410.70682753408676 73.30743095413845 4.2
7321.8 409.4279919827501 73.16308336869311 4.2
7326.0 407.1884269620318 72.8463841968603 4.2
7330.2 405.49509592064624 72.62664795683952 4.2
7334.4 405.36296833897984 72.68620590108338 4.2
7338.6 405.9446494914124 72.87389793118236 4.2
7342.8 405.24891077729956 72.83229581951178 4.2
7347.0 403.96261513417204 72.68419753473975 4.2
7351.2 403.24480184218527 72.63802042165487 4.2
7355.4 403.13700393707967 72.70160522012814 4.2
7359.6 403.5829711451559 72.86517293927938 4.2
7363.8 404.1152927085348 73.04458062780672 4.2
7368.0 404.13458712872296 73.13141894840643 4.2
7372.2 403.77463889341493 73.14960747189672 4.2
7376.4 403.3706884818362 73.15971416177024 4.2
7380.6 402.9674034785195 73.16982224802985 4.2
7384.8 403.0285191290592 73.26423175851023 4.2
7389.0 403.73641429420985 73.47642203536654 4.2
7393.2 404.1293059843769 73.63155969763106 4.2
7397.4 403.54414337709983 73.60850546883748 4.2
7401.6 402.7152099218476 73.54074074147422 4.2
7405.8 402.3215501593259 73.55225634229105 4.2
7410.0 402.2173855830818 73.6166414311147 4.2
7414.2 402.33207826031435 73.7211328044742 4.2
7418.4 402.4655957317813 73.82917237351369 4.2
7422.6 402.06210321873033 73.83869287260706 4.2
7426.8 401.27841299512016 73.77819059850174 4.2
7431.0 400.6330119861621 73.74286390195337 4.2
7435.2 400.3832905056295 73.78022919340783 4.2
7439.4 400.285108747611 73.84549398074499 4.2
7443.6 400.4600528078914 73.96120871059331 4.2
7447.8 400.67223000471284 74.08392783130205 4.2
7452.0 400.31287869938967 74.10098825016543 4.2
7456.2 399.5307010060531 74.03958912235849 4.2
7460.4 398.7135800961644 73.97142753506627 4.2
7464.6 398.0669981569917 73.93464637316278 4.2
7468.8 397.83189151579467 73.97415279336846 4.2
7473.0 398.2422107960538 74.13375526825766 4.2
7477.2 398.48067107635046 74.26154834909549 4.2
7481.4 397.776849836745 74.21368559030473 4.2
7485.6 396.4058196747588 74.040952994554 4.2
7489.8 395.7608343342778 74.00345566202397 4.2
7494.0 395.9295143496047 74.11805259778772 4.2
7498.2 395.7302180032334 74.16380442987233 4.2
7502.4 395.11982784509513 74.13238968659743 4.2
7506.6 394.71779472932417 74.13990069703276 4.2
7510.8 394.32368120517555 74.14877832686847 4.2
7515.0 393.42982969976873 74.06346051335375 4.2
7519.2 393.0773156206531 74.07983391527371 4.2
7523.4 393.52193876213084 74.24650244249385 4.2
7527.6 394.3920822654435 74.49377793867227 4.2
7531.8 393.26717302963476 74.36421537316048 4.2
7536.0 392.4672977969539 74.29575493168986 4.2
7540.2 392.75301153580966 74.43273889807384 4.2
7544.4 393.4230871472145 74.6428133553598 4.2
7548.6 393.8006505524625 74.79765803071116 4.2
7552.8 393.4932487470228 74.82246297082087 4.2
7557.0 392.1483664950505 74.649688529142 4.2
7561.2 390.4269637732724 74.4046366191921 4.2
7565.4 389.39418749817594 74.29028081983701 4.2
7569.6 388.9478662486992 74.28754391516246 4.2
7573.8 387.9730772769198 74.18361621819764 4.2
7578.0 385.3364152324294 73.7612044979879 4.2
7582.2 385.5056814988776 73.8754262993632 4.2
7586.4 386.05197590466065 74.06209622655882 4.2
7590.6 385.19535595488185 73.97960361118933 4.2
7594.8 384.6985694005146 73.96597731965875 4.2
7599.0 388.34736764446757 74.75013821167872 4.2
7603.2 394.26518175238243 75.97312664577834 4.2
7607.4 395.8920222858448 76.37091606981416 4.2
7611.6 392.21964279809936 75.74605170837172 4.2
7615.8 385.9243610972736 74.61257011232384 4.2
7620.0 385.0590296238912 74.5274050656449 4.2
7624.2 387.3010675845868 75.04400435794423 4.2
7628.4 387.0030072480376 75.06889099320335 4.2
7632.6 387.26143349310223 75.20175916682382 4.2
7636.8 388.0810357201894 75.44387728733467 4.2
7641.0 387.51887025464134 75.41747708357224 4.2
7645.2 387.1110358485863 75.42095026671477 4.2
7649.4 386.586346683927 75.40150250106214 4.2
7653.6 384.91579508719894 75.1581358949757 4.2
7657.8 383.1150523521641 74.88864970115672 4.2
7662.0 383.3654402821327 75.01981692790105 4.2
7666.2 385.0853211974659 75.43901339760798 4.2
7670.4 385.65701015092367 75.63381379195695 4.2
7674.6 385.10730443381107 75.60873987502288 4.2
7678.8 384.97678585145604 75.66586478684891 4.2
7683.0 384.7933769275288 75.71257205746497 4.2
7687.2 380.5124700935425 74.95213358968131 4.2
7691.4 377.38310975344325 74.41697289826898 4.2
7695.6 376.17357353908676 74.25949645503276 4.2
7699.8 377.3865043840783 74.58027836531319 4.2
7704.0 378.8965985194068 74.96041806343334 4.2
7708.2 379.76532268924177 75.21422760871546 4.2
7712.4 380.794057887322 75.50018225442608 4.2
7716.6 381.05992486544915 75.63520703112663 4.2
7720.8 379.7000457715354 75.44735168627889 4.2
7725.0 379.02885935950724 75.39594691771899 4.2
7729.2 380.34714820031803 75.74047073864006 4.2
7733.4 380.9432709957039 75.94164494426676 4.2
7737.6 379.8260132181469 75.80118587074072 4.2
7741.8 379.15200716193965 75.74884234744891 4.2
7746.0 379.0724912331638 75.81515025131769 4.2
7750.2 378.9722714662078 75.87732294713179 4.2
7754.4 378.64206088763996 75.89339833708901 4.2
7758.6 378.12076731948304 75.87103350407365 4.2
7762.8 377.9936119261792 75.92765726465223 4.2
7767.0 378.4344323793382 76.09848311755638 4.2
7771.2 378.1369199965984 76.12091499687965 4.2
7775.4 376.7417703320081 75.92206291422166 4.2
7779.6 376.0994682717052 75.87452757474158 4.2
7783.8 376.7575098309973 76.08937205491422 4.2
7788.0 377.12503980628094 76.24581306789378 4.2
7792.2 376.6873821045688 76.23949308082604 4.2
7796.4 376.31629918817583 76.24651532101817 4.2
7800.6 376.25409678171593 76.3160704066565 4.2
7804.8 375.8250271018111 76.311150286374 4.2
7809.0 375.02689055350726 76.23106724629078 4.2
7813.2 374.6307070244582 76.23247148737636 4.2
7817.4 374.63865515847306 76.3160704066565 4.2
7821.6 374.38121583549133 76.34559779073092 4.2
7825.8 373.5319588931238 76.25424053228691 4.2
7830.0 372.4412114357031 76.11320329263458 4.2
7834.2 372.08995485462486 76.12301832454737 4.2
7838.4 372.5618748987582 76.3013109973935 4.2
7842.6 373.0208648289641 76.47720368489858 4.2
7846.8 373.0440246208083 76.56389165123207 4.2
7851.0 372.4494180262828 76.52370696879012 4.2
7855.2 371.3973158359658 76.3892067151669 4.2
7859.4 370.7852673158595 76.3448946250275 4.2
7863.6 370.81596743515024 76.43284054920213 4.2
7867.8 370.9527812028319 76.54273918861884 4.2
7872.0 370.755057402499 76.58363922353367 4.2
7876.2 370.10400391114985 76.53075538725362 4.2
7880.4 369.5121559246043 76.48988359532548 4.2
7884.6 369.0642030544595 76.47861246002668 4.2
7888.8 367.9928352565468 76.3378633241845 4.2
7893.0 366.45196017888486 76.0991840137149 4.2
7897.2 365.65118146646626 76.01372231253116 4.2
7901.4 365.9360185950965 76.15387380828629 4.2
7905.6 366.4810994226674 76.34841051830958 4.2
7909.8 366.7737535008221 76.49058809643222 4.2
7914.0 366.8437825705386 76.58646072104433 4.2
7918.2 366.5289819190156 76.60198081555455 4.2
7922.4 365.58445651300354 76.48565672494178 4.2
7926.6 364.37734647395223 76.3139617448357 4.2
7930.8 363.80717409691795 76.2753132687627 4.2
7935.0 364.1156892852554 76.42087395395636 4.2
7939.2 364.6126813900073 76.60621411442267 4.2
7943.4 364.59976938298973 76.68457235531773 4.2
7947.6 363.86246097598155 76.61044764723802 4.2
7951.8 363.0131504657172 76.51243084946144 4.2
7956.0 362.8137233683887 76.55119947231324 4.2
7960.2 362.7682714696321 76.62244392745778 4.2
7964.4 362.17888496479264 76.57870185300811 4.2
7968.6 361.720565022253 76.56248130521767 4.2
7972.8 362.112498576318 76.72625484938295 4.2
7977.0 362.38154363023904 76.8641802803865 4.2
7981.2 361.6470001221154 76.78917470231457 4.2
7985.4 360.46566510838676 76.61891541476201 4.2
7989.6 359.4836817471464 76.49058809643222 4.2
7993.8 358.8316136965864 76.43213657996688 4.2
7998.0 358.4845598895328 76.43847253650625 4.2
8002.2 358.09845857582013 76.43636049263633 4.2
8006.4 357.46924854646096 76.38217133321693 4.2
8010.6 357.252405846489 76.41594707695728 4.2
8014.8 357.91498014332865 76.6379713138941 4.2
8019.0 358.84989853161824 76.91871139996849 4.2
8023.2 358.9434379128826 77.01937676097924 4.2
8027.4 357.7794947920311 76.85002267913443 4.2
8031.6 356.38967422703604 76.6316188209753 4.2
8035.8 355.784493826288 76.58152316861597 4.2
8040.0 355.50127054985177 76.60056976791766 4.2
8044.2 355.22828178927915 76.62173821191892 4.2
8048.4 355.5217294777674 76.76513181622433 4.2
8052.6 356.01557769469673 76.95201564102732 4.2
8056.8 355.3890878913869 76.89675266205123 4.2
8061.0 354.06207677524293 76.68951655178621 4.2
8065.2 354.1987072895208 76.79907690282131 4.2
8069.4 355.7023765004529 77.20545735197723 4.2
8073.6 356.3615153782841 77.42906233597996 4.2
8077.8 355.50610436866924 77.32358833293907 4.2
8082.0 353.87636902108306 77.04917626070092 4.2
8086.2 352.4392734003695 76.81605507457361 4.2
8090.4 351.9891415843933 76.79766222457376 4.2
8094.6 352.7073170571979 77.03427506990651 4.2
8098.8 353.8179862124992 77.35706787749335 4.2
8103.0 353.29181582078394 77.3221639929229 4.2
8107.2 351.29460552756217 76.96477427521481 4.2
8111.4 349.83045736467284 76.72342820176176 4.2
8115.6 349.47489878272694 76.72484151255485 4.2
8119.8 348.27523209676934 76.54062426379464 4.2
8124.0 345.52973354618376 76.01582267831463 4.2
8128.2 344.10302645369313 75.7802441224089 4.2
8132.4 345.932839243417 76.26196652626665 4.2
8136.6 348.04493823875646 76.80685809900935 4.2
8140.8 348.5387618927974 76.99526179803898 4.2
8145.0 347.04283099294304 76.74392375657871 4.2
8149.2 345.68720220815857 76.52300216264808 4.2
8153.4 346.44297286285365 76.76937413139908 4.2
8157.6 347.35091091271295 77.04988591310719 4.2
8161.8 347.21090583551154 77.09815761378066 4.2
8166.0 346.4100662134061 76.9995168310179 4.2
8170.2 344.94343119125784 76.7524062772434 4.2
8174.4 343.6635595396078 76.54626419318832 4.2
8178.6 342.470618700171 76.35895916968342 4.2
8182.8 342.141205889774 76.3638823724179 4.2
8187.0 342.48036205282824 76.5180687014123 4.2
8191.2 342.5044313005429 76.60198081555455 4.2
8195.4 342.5318371670272 76.686691257629 4.2
8199.6 343.4629701086246 76.9739901599136 4.2
8203.8 342.29072111220074 76.78988196000698 4.2
8208.0 338.3409459413856 75.9815239700894 4.2
8212.2 336.47919741158137 75.64078024445529 4.2
8216.4 339.65194577434943 76.43213657996688 4.2
8220.6 342.3499125752668 77.11804298544756 4.2
8224.8 342.18940800693247 77.16067176861405 4.2
8229.0 343.1208665739979 77.44974639075666 4.2
8233.2 344.6544767596309 77.87534792924711 4.2
8237.4 343.40367924754435 77.6719127087951 4.2
8241.6 339.88358439026615 76.95414193317238 4.2
8245.8 336.57020011502726 76.28163622519799 4.2
8250.0 337.0585573487692 76.47016019850201 4.2
8254.2 338.37267086724904 76.84648368629053 4.2
8258.4 337.4406710502997 76.71282920060781 4.2
8262.6 334.8974165763161 76.21211252315194 4.2
8266.8 333.92304585104046 76.06765007662268 4.2
8271.0 334.64875456857914 76.31044743794233 4.2
8275.2 336.72259289634934 76.86134855149824 4.2
8279.4 338.39156165369633 77.32073967914383 4.2
8283.6 338.5563905080652 77.43690736158496 4.2
8287.8 337.8148449647912 77.34566895861238 4.2
8292.0 335.60055307083644 76.9165860867917 4.2
8296.2 334.2557048674202 76.68598495035309 4.2
8300.4 333.41966534605234 76.57164901871528 4.2
8304.6 334.18566492491175 76.82525315139836 4.2
8308.8 334.9412557415576 77.07685754841825 4.2
8313.0 334.04555235167624 76.94847195134273 4.2
8317.2 332.0985389372267 76.57729123418224 4.2
8321.4 330.5890447982994 76.30623048329315 4.2
8325.6 328.9593021036989 76.00672151238012 4.2
8329.8 329.2669240844695 76.15457521461492 4.2
8334.0 329.9090752868723 76.38006084498525 4.2
8338.2 330.60745233179307 76.61891541476201 4.2
8342.4 330.87140509566933 76.75735484726806 4.2
8346.6 329.9788105385826 76.62738411822998 4.2
8350.8 329.6075033500402 76.61820973172244 4.2
8355.0 329.4551845082236 76.65985615386892 4.2
8359.2 329.5367258305906 76.75594093756149 4.2
8363.4 330.33570496121575 77.01937676097924 4.2
8367.6 331.2679592012837 77.31433059180998 4.2
8371.8 330.6249056840954 77.24173138634289 4.2
8376.0 328.6426451012921 76.85568540668636 4.2
8380.2 327.2174739523684 76.59915874627362 4.2
8384.4 326.8505921565451 76.58998773911179 4.2
8388.6 327.36955083289655 76.78846745113499 4.2
8392.8 328.91789838405697 77.22892684031457 4.2
8397.0 330.86356763807623 77.76353595501936 4.2
8401.2 331.75586344972595 78.0512746698275 4.2
8405.4 331.0918445732284 77.97295619954956 4.2
8409.6 329.505430357453 77.67692056350133 4.2
8413.8 327.97813038893963 77.39412596716033 4.2
8418.0 328.1492469030721 77.51183171366752 4.2
8422.2 329.9940840275133 78.02539932281539 4.2
8426.4 330.7905638629908 78.29174988282846 4.2
8430.6 329.4338990183978 78.04839920757071 4.2
8434.8 327.3314060378633 77.62757151561192 4.2
8439.0 326.17545805775524 77.43048864515451 4.2
8443.2 326.7616655503765 77.6468782777171 4.2
8447.4 327.2405667053965 77.83805941942421 4.2
8451.6 325.66222506657294 77.53967921859025 4.2
8455.8 323.62335067485714 77.13082914694716 4.2
8460.0 323.2187368102218 77.11094047828823 4.2
8464.2 323.68414079764773 77.29866617027606 4.2
8468.4 323.5567971646801 77.3449565819555 4.2
8472.6 323.2450238360073 77.34709373160938 4.2
8476.8 323.2312795911975 77.42050503265723 4.2
8481.0 321.8719479188709 77.17133264577943 4.2
8485.2 318.4205499828171 76.41946624240043 4.2
8489.4 314.1892060346513 75.47862847791767 4.2
8493.6 311.29320868684937 74.85692792363189 4.2
8497.8 312.2512917292219 75.16159713473954 4.2
8502.0 315.9766959008873 76.1335358346884 4.2
8506.2 318.47406791884555 76.81110272012805 4.2
8510.4 319.2429451963704 77.07259824155142 4.2
8514.6 319.7133372885738 77.26236539836488 4.2
8518.8 319.1540870133972 77.20332411582646 4.2
8523.0 315.8844720804341 76.48777013093512 4.2
8527.2 307.67793798160267 74.57409643379707 4.2
8531.4 295.2980951529756 71.64402883368348 4.2
8535.6 287.53925636391904 69.83031481998847 4.2
8539.8 290.90946741470583 70.71833059532682 4.2
8544.0 300.6427777279185 73.15634511000091 4.2
8548.2 309.8017775976157 75.45916583957668 4.2
8552.4 315.2080099072795 76.85143832190543 4.2
8556.6 316.85662659229394 77.32928595538345 4.2
8560.8 316.8316452928293 77.39911591171614 4.2
8565.0 316.38400556615363 77.36561816909574 4.2
8569.2 315.87895782002226 77.31789113029555 4.2
8573.4 315.8865113282331 77.39555163277727 4.2
8577.6 316.52620802889663 77.62828649525989 4.2
8581.8 317.01840505604315 77.82515601867564 4.2
8586.0 316.40802247513625 77.7513610214049 4.2
8590.2 315.30198438571824 77.55539248094084 4.2
8594.4 315.0983501875535 77.5811119608855 4.2
8598.6 315.32162930323994 77.71198458821468 4.2
8602.8 315.1415029230756 77.74348413893608 4.2
8607.0 314.58763521284186 77.68264422138512 4.2
8611.2 314.72982665630786 77.79362337672353 4.2
8615.4 315.02017102228467 77.94136367297438 4.2
8619.6 314.31060150864283 77.84164407706832 4.2
8623.8 312.8959218643792 77.56682230809955 4.2
8628.0 311.8523218389415 77.38343431208688 4.2
8632.2 311.96241000720926 77.48613520132263 4.2
8636.4 312.3544929290553 77.659036850583 4.2
8640.6 309.77149603572667 77.09176697619074 4.2
8644.8 303.992839733349 75.72721758350826 4.2
8649.0 296.5633374587986 73.94826689278753 4.2
8653.2 290.8893167063623 72.60390836847087 4.2
8657.4 290.13377391179233 72.48564370658907 4.2
8661.6 293.9875961643707 73.5197463459261 4.2
8665.8 299.9521170083202 75.08410355521526 4.2
8670.0 304.9011481494396 76.39694638376804 4.2
8674.2 306.99435651958015 76.99597095387243 4.2
8678.4 307.4665874611945 77.18910404772478 4.2
8682.6 307.34748728828174 77.23390613374634 4.2
8686.8 307.440876326973 77.3321349240403 4.2
8691.0 307.79513767026924 77.49612727703223 4.2
8695.2 307.6961790396949 77.54610698653696 4.2
8699.4 307.3312017955029 77.52896745598034 4.2
8703.6 307.2015535951426 77.57110892755227 4.2
8707.8 307.13433065186115 77.62900148149373 4.2
8712.0 307.3049255117223 77.74706444112793 4.2
8716.2 307.6003893834879 77.89686865613938 4.2
8720.4 306.95339575130754 77.80795481165842 4.2
8724.6 305.6428249537715 77.55039246118709 4.2
8728.8 304.9524797304754 77.44974639075666 4.2
8733.0 305.0944689519298 77.56039282306817 4.2
8737.2 305.31258093194504 77.69051493962183 4.2
8741.4 304.8619809936968 77.65045413094155 4.2
8745.6 304.0255163157233 77.51183171366752 4.2
8749.8 303.73651270318334 77.51254562730824 4.2
8754.0 303.99341079414086 77.6525997219219 4.2
8758.2 303.67115264254244 77.6447328448239 4.2
8762.4 302.4510561553583 77.40695790318242 4.2
8766.6 301.9471066658611 77.35208064378712 4.2
8770.8 302.60412149473143 77.59468956937191 4.2
8775.0 302.26997106521054 77.58325563584377 4.2
8779.2 300.4328163500213 77.18554943996635 4.2
8783.4 299.4938663075844 77.0179580246957 4.2
8787.6 300.8047530780852 77.42906233597996 4.2
8791.8 302.4221904916008 77.919830653353 4.2
8796.0 300.9558664609818 77.61613273677813 4.2
8800.2 296.61162623030157 76.56882806687784 4.2
8804.4 294.37554226057256 76.06414711253966 4.2
8808.6 295.9807570161446 76.55190453816331 4.2
8812.8 297.5044226347883 77.01937676097924 4.2
8817.0 297.2840255231029 77.03569410676326 4.2
8821.2 297.5486040590666 77.17772987908415 4.2
8825.4 298.96232204088363 77.61827737940956 4.2
8829.6 299.6202731686227 77.86315548995537 4.2
8833.8 298.8258267875807 77.73059641615731 4.2
8838.0 297.9650047530068 77.5803974157284 4.2
8842.2 297.651850507149 77.57253785334582 4.2
8846.4 296.84388682209885 77.43548093417436 4.2
8850.6 295.5342558685097 77.16706811817002 4.2
8854.8 294.8463405371812 77.06053148358366 4.2
8859.0 294.5586978929363 77.05840225182793 4.2
8863.2 294.00055888676303 76.98533430214728 4.2
8867.4 293.60852121539506 76.95555949390861 4.2
8871.6 293.40624289928894 76.97540808627167 4.2
8875.8 293.08543696864973 76.96406540671144 4.2
8880.0 293.13206210700065 77.04917626070092 4.2
8884.2 293.62741461765 77.25240346308256 4.2
8888.4 293.8556689152777 77.38557252493442 4.2
8892.6 293.2835735742889 77.30792203572237 4.2
8896.8 292.08254173498005 77.06408033391925 4.2
8901.0 290.6830126883359 76.76725294450651 4.2
8905.2 289.04795389288995 76.40750174108271 4.2
8909.4 287.6340785447087 76.1054923696522 4.2
8913.6 287.3974910629151 76.11460536256654 4.2
8917.8 287.9849540474684 76.34208202697737 4.2
8922.0 288.1965761040955 76.47016019850201 4.2
8926.2 287.7027598223134 76.41102051759545 4.2
8930.4 286.990440763195 76.29358101748063 4.2
8934.6 286.1244867824587 76.13493827916245 4.2
8938.8 285.1273082126994 75.9409454990894 4.2
8943.0 283.9636783515862 75.7021127016024 4.2
8947.2 281.9882185696416 75.24610079749215 4.2
8951.4 281.12490782564544 75.08617823432897 4.2
8955.6 280.02182348918313 74.86175428371077 4.2
8959.8 278.7485543762597 74.59126973114729 4.2
8964.0 278.14391227448607 74.49926704529939 4.2
8968.2 277.47680482608786 74.39024687824927 4.2
8972.4 276.31470715284274 74.14809539452683 4.2
8976.6 275.3807054079721 73.9666585746232 4.2
8980.8 274.80662914057496 73.88155031357117 4.2
8985.0 276.1271381764071 74.30601997862478 4.2
8989.2 276.99961693937627 74.61050851930597 4.2
8993.4 276.44035037780924 74.52946436239775 4.2
8997.6 278.97153395530256 75.2821476232956 4.2
9001.8 281.8710903300895 76.13563951108758 4.2
9006.0 281.56934428914155 76.12512171033363 4.2
9010.2 280.17436249662956 75.81864174840683 4.2
9014.4 279.5140250110607 75.71048007069004 4.2
9018.6 280.1631452367194 75.95703436813749 4.2
9022.8 282.0399265947402 76.53709951894626 4.2
9027.0 284.8697731922125 77.37702002801761 4.2
9031.2 285.31876443776997 77.57110892755227 4.2
9035.4 280.04155941946993 76.20719910506583 4.2
9039.6 274.8367648588692 74.86037529193663 4.2
9043.8 274.65490263629385 74.88037315909888 4.2
9048.0 274.7261948334414 74.96939394332584 4.2
9052.2 274.1327818660883 74.87692486987956 4.2
9056.4 271.0678821440704 74.1084960790425 4.2
9060.6 270.77672974322445 74.09757585212111 4.2
9064.8 271.29688148368837 74.30875756399519 4.2
9069.0 269.8599595483159 73.98369198813334 4.2
9073.2 267.9145416286856 73.51839207462342 4.2
9077.4 266.5424026516786 73.20959427241463 4.2
9081.6 265.7299561356162 73.05399995137878 4.2
9085.8 266.39551525744076 73.30473025832411 4.2
9090.0 265.6130985994212 73.15701890794278 4.2
9094.2 264.6282792073017 72.95314180699616 4.2
9098.4 265.0203373369083 73.12872473699397 4.2
9102.6 265.6723377221843 73.37633232580032 4.2
9106.8 264.96569946831306 73.24871326650381 4.2
9111.0 264.2464499533013 73.11727544577991 4.2
9115.2 265.673875162863 73.58003668117952 4.2
9119.4 267.21247151571555 74.07437571248316 4.2
9123.6 266.48009938229796 73.93941326963643 4.2
9127.8 264.30721795098776 73.40404621902032 4.2
9132.0 262.2366867197446 72.89605067991612 4.2
9136.2 259.9333826197712 72.3222618388346 4.2
9140.4 261.1937925613167 72.73978281285862 4.2
9144.6 262.0256625425144 73.03852598970511 4.2
9148.8 261.6381004293367 72.99750222422858 4.2
9153.0 260.95782859915255 72.874569127677 4.2
9157.2 260.7281094186306 72.87725397547831 4.2
9161.4 261.5252125639171 73.16712662181419 4.2
9165.6 262.40460635555564 73.48048260470132 4.2
9169.8 262.0990988336713 73.46221180968044 4.2
9174.0 260.65363336606055 73.12401010585732 4.2
9178.2 260.4415195488612 73.13141894840643 4.2
9182.4 260.8103607894882 73.30202966200524 4.2
9186.6 261.61801186526037 73.5963032113345 4.2
9190.8 261.7716579103214 73.70687525210555 4.2
9195.0 261.6144858157546 73.72996029037523 4.2
9199.2 261.5249530417702 73.77207515174207 4.2
9203.4 263.7792681974373 74.47594113512622 4.2
9207.6 266.359607479183 75.27313429826292 4.2
9211.8 268.3170399016752 75.89549537815289 4.2
9216.0 268.73753084725456 76.08376578933652 4.2
9220.2 267.48570133094603 75.79839330329176 4.2
9224.4 262.56026406089467 74.47045374715238 4.2
9228.6 260.47233881039756 73.94554258813962 4.2
9232.8 260.41524137659934 73.99664000574751 4.2
9237.0 269.47058642109283 76.63938305049864 4.2
9241.2 269.0274008706984 76.58293386539769 4.2
9245.4 272.1183592038055 77.53325198343947 4.2
9249.6 268.97464974706077 76.70717699870235 4.2
9253.8 264.7018866826173 75.55722514736824 4.2
9258.0 263.0043319522218 75.14083208689382 4.2
9262.2 262.8263752988757 75.1581358949757 4.2
9266.4 261.8539732373594 74.94799169615473 4.2
9270.6 259.7966632943318 74.42656919604923 4.2
9274.8 259.4443085768944 74.39298756671049 4.2
9279.0 258.7396017043364 74.25812855715563 4.2
9283.2 257.6640569193747 74.01640713851324 4.2
9287.4 257.6516650946392 74.07983391527371 4.2
9291.6 258.04547278304415 74.26018041342141 4.2
9295.8 257.3805426543402 74.13580368791499 4.2
9300.0 255.4555588557521 73.64783761811333 4.2
9304.2 254.52308595232827 73.4452984575957 4.2
9308.4 255.38723122057385 73.7612044979879 4.2
9312.6 256.7836431230845 74.23145958429699 4.2
9316.8 257.5275577128365 74.51367787465074 4.2
9321.0 257.2362908546261 74.49652244142898 4.2
9325.2 255.9369232137732 74.18703257863909 4.2
9329.4 255.06908652300467 74.00209248054846 4.2
9333.6 255.7542651125104 74.2677043714696 4.2
9337.8 256.05432686952946 74.42177089248476 4.2
9342.0 253.58381359250276 73.77003678213735 4.2
9346.2 249.50492013132288 72.64872554469032 4.2
9350.4 248.52659796381386 72.42891843069513 4.2
9354.6 252.63342554664158 73.69194172613359 4.2
9358.8 256.4891048931219 74.88382160712148 4.2
9363.0 255.69792748931175 74.71985148352252 4.2
9367.2 253.29444695408066 74.08392783130205 4.2
9371.4 252.0462870531564 73.78498613391706 4.2
9375.6 251.38254226956911 73.65665632753198 4.2
9379.8 250.43907911493008 73.44597491690791 4.2
9384.0 248.43756073333572 72.92425482714835 4.2
9388.2 245.8807837791275 72.23838032696827 4.2
9392.4 245.8306870843139 72.28829807126617 4.2
9396.6 247.8059756417129 72.93433038125272 4.2
9400.8 247.12212408874697 72.7980925312871 4.2
9405.0 245.31022733701712 72.32892327208064 4.2
9409.2 245.59745092247866 72.4783002866334 4.2
9413.4 246.5450162335052 72.82290508168393 4.2
9417.6 245.76315511918932 72.6567554223078 4.2
9421.8 245.71376841398103 72.70696226972481 4.2
9426.0 245.8025499147134 72.7980925312871 4.2
9430.2 245.02559226013634 72.63266845169476 4.2
9434.4 244.85708990652685 72.64738731803656 4.2
9438.6 246.8664613735291 73.30878133935788 4.2
9442.8 249.48455922755343 74.15219308292818 4.2
9447.0 250.09523885752736 74.39983972962754 4.2
9451.2 249.89372319109296 74.40600721587172 4.2
9455.4 248.00557461193682 73.90945502523313 4.2
9459.6 246.1567274403957 73.42365504892241 4.2
9463.8 244.49058929195 72.99145148843772 4.2
9468.0 243.99265690761567 72.9074653299772 4.2
9472.2 243.53171996494717 72.8343082780182 4.2
9476.4 245.02730683581575 73.34660222652 4.2
9480.6 248.410304851499 74.4251982206062 4.2
9484.8 249.4025556764479 74.7887027122884 4.2
9489.0 248.64307117595087 74.62700285855134 4.2
9493.2 248.51693777473534 74.65518912410859 4.2
9497.4 247.96123786801104 74.55418036218427 4.2
9501.6 247.02662666283823 74.33887766053289 4.2
9505.8 247.06083764523987 74.4149167097266 4.2
9510.0 247.06329026872146 74.48142892744066 4.2
9514.2 248.64326590199875 75.02396279074628 4.2
9518.4 251.94709287601762 76.08797044979269 4.2
9522.6 253.65660220088674 76.67186017087076 4.2
9526.8 255.08161544641106 77.17062187481129 4.2
9531.0 258.3665675882483 78.23336307806781 4.2
9535.2 261.3567019673586 79.20853848745965 4.2
9539.4 259.35530472581166 78.67124081807697 4.2
9543.6 255.5693672495106 77.59111628414065 4.2
9547.8 252.6658972455802 76.77715231813569 4.2
9552.0 249.6759017869313 75.93535016958158 4.2
9556.2 246.65776605131148 75.0834120082502 4.2
9560.4 246.1325937321169 74.98942093324558 4.2
9564.6 247.78763488534338 75.56000882968969 4.2
9568.8 249.81257729013996 76.24440858104883 4.2
9573.0 246.7113540607498 75.36401025623573 4.2
9577.2 244.78237319517677 74.84038276548819 4.2
9581.4 245.02100234528845 74.9790614775007 4.2
9585.6 244.91458584546584 75.01221677437367 4.2
9589.8 244.37352591433114 74.91210487190442 4.2
9594.0 244.34633337820006 74.96939394332584 4.2
9598.2 241.46915611345574 74.15151011913623 4.2
9602.4 237.20599915813116 72.90612233720377 4.2
9606.6 236.65399425578016 72.80010404470927 4.2
9610.8 239.46286559558095 73.72860214682426 4.2
9615.0 241.24964201184252 74.3436706196009 4.2
9619.2 241.3366864492163 74.43548115202837 4.2
9623.4 240.5205449586084 74.24855397751317 4.2
9627.6 238.81476729395783 73.786345316109 4.2
9631.8 237.2129216473953 73.3553848655329 4.2
9636.0 236.28473870029993 73.13209251676882 4.2
9640.2 236.45753973788564 73.24938791519115 4.2
9644.4 236.91405490530337 73.45476945496569 4.2
9648.6 237.28192121680377 73.63291605357699 4.2
9652.8 236.10144157346733 73.33039088621047 4.2
9657.0 234.4837721011371 72.89135104934613 4.2
9661.2 235.22913379599012 73.18667216206994 4.2
9665.4 237.1819257599817 73.8584178120793 4.2
9669.6 236.77739409007253 73.79653998064296 4.2
9673.8 233.8810559592954 72.95717345799721 4.2
9678.0 229.84233188312973 71.75959847774864 4.2
9682.2 226.6444851190859 70.82262180430713 4.2
9686.4 225.64018969665358 70.56998091772684 4.2
9690.6 225.02145041772337 70.43751080333594 4.2
9694.8 227.62268733704565 71.31354076587176 4.2
9699.0 230.8529007866251 72.38823706530398 4.2
9703.2 230.8613806667138 72.45360515154476 4.2
9707.4 229.40316421403256 72.05829800423386 4.2
9711.6 228.71554433863986 71.9044882962808 4.2
9715.8 227.55171980641785 71.60049091917416 4.2
9720.0 225.98765979940404 71.16984172530671 4.2
9724.2 226.07133020676343 71.25773274557889 4.2
9728.4 226.23844994367013 71.37202188821692 4.2
9732.6 227.61008730214874 71.86674910922977 4.2
9736.8 229.97083171196573 72.67482589217931 4.2
9741.0 229.59063437050423 72.61728373451805 4.2
9745.2 228.06137670865994 72.19581111013726 4.2
9749.4 227.12109669714667 71.96014006568248 4.2
9753.6 227.163929608431 72.03573636768172 4.2
9757.8 225.90270431307226 71.69749791335992 4.2
9762.0 223.6823146185031 71.05391301765162 4.2
9766.2 226.18824296310913 71.91177357825032 4.2
9770.4 227.97360481792043 72.5417452716517 4.2
9774.6 227.76934169792406 72.53907278422075 4.2
9778.8 228.10884578430577 72.70964094254693 4.2
9783.0 227.7514484476607 72.65809382153057 4.2
9787.2 225.89172839865122 72.1266896289553 4.2
9791.4 224.90943217449302 71.87469255484193 4.2
9795.6 227.88260198360555 72.88732303572529 4.2
9799.8 230.77184904019083 73.87474588467519 4.2
9804.0 229.98242530348284 73.6851547600303 4.2
9808.2 229.83418690570912 73.7007657166484 4.2
9812.4 229.48947219651643 73.65326439125774 4.2
9816.6 229.2107935179716 73.62681264857089 4.2
9820.8 231.40008876777986 74.39367275460278 4.2
9825.0 234.16184786157183 75.34596508410814 4.2
9829.2 233.18086593806112 75.094477524062 4.2
9833.4 231.06057166068328 74.47525518951764 4.2
9837.6 232.24316139182838 74.92038492127458 4.2
9841.8 234.10364954771526 75.5850665860822 4.2
9846.0 231.29465238663997 74.74187697763048 4.2
9850.2 228.0400657650235 73.75305255889238 4.2
9854.4 229.82267815098533 74.39298756671049 4.2
9858.6 232.2152635832821 75.23154831868722 4.2
9862.8 230.44367988668643 74.72122788672922 4.2
9867.0 227.86152430523902 73.946904727918 4.2
9871.2 227.61524804671498 73.9298797840124 4.2
9875.4 228.47351512787523 74.27180866988992 4.2
9879.6 230.73981059600285 75.07234812299295 4.2
9883.8 235.66189038456696 76.73897605246053 4.2
9888.0 239.74653505388406 78.13542882467806 4.2
9892.2 238.47534078626572 77.78717509223537 4.2
9896.4 233.0616267669964 76.08586809052015 4.2
9900.6 228.0185740225869 74.50269794233272 4.2
9904.8 227.34312926211703 74.34504009323618 4.2
9909.0 231.43316672944522 75.74674935850207 4.2
9913.2 234.82996766254314 76.92367069242567 4.2
9917.4 233.067433929649 76.41102051759545 4.2
9921.6 230.325396102398 75.57601699339303 4.2
9925.8 230.83742147574986 75.80816773948715 4.2
9930.0 234.15247773804688 76.96193884037446 4.2
9934.2 237.73846615048927 78.20670705189156 4.2
9938.4 239.36481382342816 78.80830738620097 4.2
9942.6 238.39070573306662 78.55394494428909 4.2
9946.8 234.65968499976034 77.38984912787721 4.2
9951.0 229.57881095756582 75.77815026581092 4.2
9955.2 227.11680803574077 75.0287999203082 4.2
9959.4 227.7292962678153 75.29462939358287 4.2
9963.6 227.06211915531804 75.13737180337377 4.2
9967.8 226.03236223557732 74.85968580557491 4.2
9972.0 228.7645443212764 75.82841879570158 4.2
9976.2 233.20988800152006 77.36704330957414 4.2
9980.4 234.9055942950025 77.99522225956571 4.2
9984.6 231.82694532399958 77.03782271106172 4.2
9988.8 228.7002395712807 76.06274597207384 4.2
9993.0 231.10720214755125 76.92792176902458 4.2
9997.2 236.54430346043407 78.80395239852322 4.2
10001.4 235.99764041979802 78.6879081282231 4.2
10005.6 229.37124983521707 76.54273918861884 4.2
10009.8 228.05439925386756 76.16720163328338 4.2
10014.0 231.37374739414528 77.34068245979793 4.2
10018.2 231.32675176049085 77.38984912787721 4.2
10022.4 228.10446757866103 76.37584004346333 4.2
10026.6 230.4336375586299 77.22039165556258 4.2
10030.8 234.58385134810368 78.67703774288512 4.2
10035.0 237.4381506927989 79.70104212166483 4.2
10039.2 235.55430299583608 79.13488945098835 4.2
10043.4 232.17087343984002 78.06349656633385 4.2
10047.6 232.71939553670086 78.31338568172885 4.2
10051.8 233.01161875070682 78.47729046064102 4.2
10056.0 234.78952940894519 79.14217837932254 4.2
10060.2 237.55272972905703 80.14049120031379 4.2
10064.4 237.24522302456202 80.10359363686668 4.2
10068.6 232.45081818615972 78.55032748473245 4.2
10072.8 229.88192906181462 77.74706444112793 4.2
10077.0 232.13399070882062 78.57420579668185 4.2
10081.2 234.37581389432728 79.39917684687828 4.2
10085.4 237.15648211988346 80.4081370120608 4.2
10089.6 237.22330738804408 80.49779790770407 4.2
10093.8 230.39224895195812 78.24489282202849 4.2
10098.0 228.12376045426552 77.53896505504106 4.2
10102.2 233.32502990368536 79.37285464699005 4.2
10106.4 239.19730843818286 81.43816886445227 4.2
10110.6 238.36769492404525 81.22318211011066 4.2
10114.8 235.7516032895148 80.39850996638008 4.2
10119.0 238.1277798482485 81.27631409451371 4.2
10123.2 240.69419737735058 82.2204785145575 4.2
10127.4 239.66760036291006 81.93774356438989 4.2
10131.6 236.57082482169406 80.94611319708012 4.2
10135.8 235.69870144273403 80.71458162664115 4.2
10140.0 236.4271487209795 81.03114953543873 4.2
10144.2 239.14298654127907 82.02986560161207 4.2
10148.4 235.58850782710866 80.87755245330219 4.2
10152.6 223.6632869644647 76.84719147182123 4.2
10156.8 216.8480161071567 74.56722822198415 4.2
10161.0 218.2510551406164 75.11177065738241 4.2
10165.2 229.62406405701512 79.09116997621011 4.2
10169.4 233.47833876325484 80.48519488838915 4.2
10173.6 231.5367527729404 79.88182898926179 4.2
10177.8 239.69414727070935 82.76448175830726 4.2
10182.0 244.82686377808187 84.60655268998731 4.2
10186.2 230.52862326506454 79.73114482782252 4.2
10190.4 217.81048979873427 75.3945580858429 4.2
10194.6 227.24214192860546 78.7241535942604 4.2
10198.8 244.65331466831324 84.82580699082999 4.2
10203.0 251.55067174762914 87.28909684563448 4.2
10207.2 242.19881049267445 84.11316986843117 4.2
10211.4 222.09699236826864 77.19550275421653 4.2
10215.6 206.8661804844708 71.96080284611801 4.2
10219.8 204.72574543518994 71.27479879618193 4.2
10224.0 211.56877579259856 73.71773789901621 4.2
10228.2 221.50464180820862 77.24315424472269 4.2
10232.4 262.174372162085 91.50061224312164 4.2
