3000.0 61.48295681856293 1.844488704556888 4.2
3004.2 46.916280176188295 1.4114321314977227 4.2
3008.4 43.99730698294126 1.3273211052279745 4.2
3012.6 49.67550733019563 1.502809736031557 4.2
3016.8 48.52395775113291 1.4720684336778203 4.2
3021.0 45.39790421181297 1.381070981042542 4.2
3025.2 55.39633989132313 1.6899272150172022 4.2
3029.4 72.48831632221406 2.217481473000871 4.2
3033.6 81.3842983150232 2.496525463309811 4.2
3037.8 83.36790714616562 2.564460416855626 4.2
3042.0 85.92881748971055 2.650549992829513 4.2
3046.2 89.7140426629102 2.7749553527785724 4.2
3050.4 93.7354071620066 2.907341181719023 4.2
3054.6 95.91633147267882 2.983183717917641 4.2
3058.8 93.67055462132183 2.9213527452822294 4.2
3063.0 89.27446599786855 2.7919009082785227 4.2
3067.2 86.45001314617004 2.7109905268114396 4.2
3071.4 86.37429086959554 2.716038989049254 4.2
3075.6 89.2132889147276 2.8129887804906684 4.2
3079.8 97.44066190759875 3.08080350707467 4.2
3084.0 113.73143423922276 3.6056868000318834 4.2
3088.2 129.79154956537073 4.126064379107904 4.2
3092.4 136.04228740659696 4.336546423991062 4.2
3096.6 137.1876560130524 4.384943481286607 4.2
3100.8 139.30340883086788 4.464655976422077 4.2
3105.0 144.22151245081642 4.634810690253773 4.2
3109.2 153.77577931687085 4.955232084231082 4.2
3113.4 162.75390314429328 5.258719425269116 4.2
3117.6 165.92677383495513 5.3757120786408406 4.2
3121.8 165.54463177408027 5.377791990701002 4.2
3126.0 164.07080440438142 5.344265186199564 4.2
3130.2 166.7635303616147 5.446581417367523 4.2
3134.4 177.93952111188213 5.827201018198775 4.2
3138.6 193.91049450980512 6.367251435552379 4.2
3142.8 210.59873867873645 6.933747143973027 4.2
3147.0 222.5131945968957 7.34561225542856 4.2
3151.2 225.75081097143564 7.472398076920605 4.2
3155.4 226.76937981608805 7.5261349270719755 4.2
3159.6 230.83892566366146 7.68160550745736 4.2
3163.8 235.64553288730255 7.862415663462548 4.2
3168.0 239.65081423512453 8.017297511486994 4.2
3172.2 242.4555518040024 8.132648460148909 4.2
3176.4 244.68248357486465 8.229093559478395 4.2
3180.6 251.97133994619145 8.496655304715945 4.2
3184.8 266.9985639787115 9.027177873954594 4.2
3189.0 284.8552422212924 9.656327795926545 4.2
3193.2 300.60833179762335 10.217202477123644 4.2
3197.4 308.795749305101 10.52310733025021 4.2
3201.6 307.7450755035033 10.514872235188076 4.2
3205.8 304.41104473248726 10.428263588095614 4.2
3210.0 303.648534837895 10.42941622607718 4.2
3214.2 305.6549695241332 10.52582147941844 4.2
3218.4 310.3967859150238 10.717068337383456 4.2
3222.6 317.1848599900562 10.980041965954088 4.2
3226.8 324.3763317162904 11.258278817490948 4.2
3231.0 329.06321664238976 11.450699034503717 4.2
3235.2 331.0693581892677 11.550479136828498 4.2
3239.4 333.93665994334714 11.68078418634873 4.2
3243.6 339.98415034719255 11.923177243795251 4.2
3247.8 350.4214640589834 12.32105794408952 4.2
3252.0 362.36327897624415 12.773914354221285 4.2
3256.2 367.6741616110259 12.994632447080525 4.2
3260.4 365.766128755469 12.960566955159992 4.2
3264.6 363.8289911086993 12.925162145431988 4.2
3268.8 365.53128750061427 13.01907113645356 4.2
3273.0 371.5910490647856 13.268932964156459 4.2
3277.2 380.43053003079933 13.619463496277003 4.2
3281.4 388.20301782977015 13.933364548044878 4.2
3285.6 392.94871692133233 14.139823876876822 4.2
3289.8 394.2160138185962 14.221715942227743 4.2
3294.0 393.09911407295436 14.217655929684303 4.2
3298.2 392.0372011697739 14.21542996329824 4.2
3302.4 391.33248749703216 14.226039165065872 4.2
3306.6 389.77495663945075 14.205482845039812 4.2
3310.8 388.1748212294192 14.183127270522522 4.2
3315.0 388.58871959170466 14.234296240183834 4.2
3319.2 389.2982138085212 14.296443096407165 4.2
3323.4 386.5414074617178 14.231150122798551 4.2
3327.6 383.05313712283214 14.13839139094557 4.2
3331.8 384.23365941573996 14.217786879737773 4.2
3336.0 388.9315467631511 14.427929116820819 4.2
3340.2 393.75702159541976 14.643739684136653 4.2
3344.4 395.59320679463303 14.749048373122665 4.2
3348.6 391.3872816602702 14.628911076164936 4.2
3352.8 383.6736370939403 14.376593725733143 4.2
3357.0 376.78236884870586 14.15376563279893 4.2
3361.2 372.8589266000649 14.0414513634835 4.2
3365.4 373.287866724638 14.092758184521234 4.2
3369.6 377.5274683140653 14.288413170819426 4.2
3373.8 384.5019856511406 14.588680059688699 4.2
3378.0 389.8432008856595 14.828185144983191 4.2
3382.2 388.62853398097553 14.818764627105752 4.2
3386.4 385.50387140180806 14.736148860579057 4.2
3390.6 386.53795027523216 14.812351179644589 4.2
3394.8 389.0853399941029 14.946929978590772 4.2
3399.0 389.72200262943204 15.008455435001189 4.2
3403.2 391.1778988377186 15.101775157681399 4.2
3407.4 396.20779589464496 15.333736643901391 4.2
3411.6 400.2626286961723 15.528875210728744 4.2
3415.8 399.13552730408 15.523298189605837 4.2
3420.0 395.76104363572813 15.429931569269769 4.2
3424.2 393.0239434288074 15.360876589032957 4.2
3428.4 390.68099206236457 15.30678563029659 4.2
3432.6 388.74324754391165 15.26820561832304 4.2
3436.8 387.8544113480524 15.270596436790822 4.2
3441.0 388.39346097386704 15.329217983951045 4.2
3445.2 390.7728457885636 15.460801345840759 4.2
3449.4 394.8918191257193 15.66188389057916 4.2
3453.6 397.6318679971892 15.808985459155345 4.2
3457.8 396.9515615995845 15.820346818391176 4.2
3462.0 395.9780636935952 15.819909692093395 4.2
3466.2 396.7290651168204 15.888393966758539 4.2
3470.4 396.27637848314043 15.908747907695123 4.2
3474.6 393.31057552389564 15.827925593634925 4.2
3478.8 391.8341933152717 15.80665593261312 4.2
3483.0 393.5340416102491 15.913583967039855 4.2
3487.2 393.49166971084895 15.950268566756575 4.2
3491.4 389.936634990539 15.844261443070653 4.2
3495.6 388.6742716256718 15.830987281941024 4.2
3499.8 392.2751535665043 16.01607153888564 4.2
3504.0 397.0718138237984 16.250846944258726 4.2
3508.2 400.52401982799375 16.431454176220477 4.2
3512.4 401.8993629164046 16.527379521577142 4.2
3516.6 401.1541701232349 16.536210802070222 4.2
3520.8 399.3875693199486 16.502737817667825 4.2
3525.0 398.7962006034232 16.517640133743036 4.2
3529.2 403.5308234242777 16.7535945125887 4.2
3533.4 412.97869284210213 17.186680360709406 4.2
3537.6 419.8322575268009 17.513461823122558 4.2
3541.8 421.53067846564477 17.626090676619466 4.2
3546.0 421.3468895033931 17.660215549516156 4.2
3550.2 420.30408925592 17.65826377822213 4.2
3554.4 417.60015794563014 17.586199680610278 4.2
3558.6 412.42682599037977 17.40940786542261 4.2
3562.8 403.4060130899421 17.06883970825598 4.2
3567.0 393.21586874733646 16.676925935440597 4.2
3571.2 388.2763236257257 16.506234092120806 4.2
3575.4 389.7301306697247 16.60703113940429 4.2
3579.6 394.4648007455189 16.848296627333006 4.2
3583.8 400.06054703231354 17.127422064076328 4.2
3588.0 404.30432388351915 17.34970121256504 4.2
3592.2 406.79933814388863 17.497661070621223 4.2
3596.4 408.8135451147124 17.62544131940281 4.2
3600.6 409.9014932390487 17.71364758131134 4.2
3604.8 408.40486416512186 17.690169737778653 4.2
3609.0 407.1584858207903 17.677302753186602 4.2
3613.2 411.4463856319861 17.905069042330787 4.2
3617.4 418.51611598584793 18.255090907088576 4.2
3621.6 421.852174170268 18.44335815574671 4.2
3625.8 421.6591854414589 18.477703756097032 4.2
3630.0 420.93593684850805 18.48876915419702 4.2
3634.2 420.31569435731734 18.504271844993756 4.2
3638.4 419.5815362092423 18.51467103517648 4.2
3642.6 421.2988641161503 18.633395409578856 4.2
3646.8 428.66039761331126 19.00273009932522 4.2
3651.0 438.07209412108887 19.46471279429128 4.2
3655.2 444.0490697918892 19.775706140261967 4.2
3659.4 446.7180360056112 19.940314327737074 4.2
3663.6 447.6196610408875 20.026451352992893 4.2
3667.8 446.4964007739625 20.022025031824352 4.2
3672.0 443.13893504398266 19.91700351445361 4.2
3676.2 439.5001152436579 19.798669226114136 4.2
3680.4 437.49713229908167 19.753497420013712 4.2
3684.6 438.6080105545996 19.84887971961816 4.2
3688.8 444.1923106801966 20.147445979953897 4.2
3693.0 448.6778595954369 20.397267899832027 4.2
3697.2 446.11144579142956 20.326752537472018 4.2
3701.4 440.85240409185405 20.132791689981957 4.2
3705.6 437.5585548535745 20.02774254764949 4.2
3709.8 436.8458969235118 20.04047449335904 4.2
3714.0 439.2274317077365 20.19537863526816 4.2
3718.2 441.65968834032594 20.353167185199673 4.2
3722.4 441.2890749224842 20.382056446513978 4.2
3726.6 438.35674704453726 20.292333909426333 4.2
3730.8 433.57209060888425 20.116109917184126 4.2
3735.0 430.2253954180101 20.005803555984034 4.2
3739.2 431.16536242051234 20.094629352700885 4.2
3743.4 436.16296121260285 20.373235249102645 4.2
3747.6 444.458068051838 20.807312989441705 4.2
3751.8 454.3618891516612 21.31866474610435 4.2
3756.0 463.93174174802687 21.81644582750997 4.2
3760.2 469.57759213692 22.131354766921987 4.2
3764.4 470.3679534370777 22.218155398929778 4.2
3768.6 475.42845050617245 22.50733111105133 4.2
3772.8 489.307291910916 23.216032336388835 4.2
3777.0 503.3421328631923 23.93514153902765 4.2
3781.2 510.8835938409495 24.347815379575742 4.2
3785.4 508.97177489566366 24.310618045914993 4.2
3789.6 498.50154801457626 23.86338236300947 4.2
3793.8 489.260765327732 23.472967637513424 4.2
3798.0 488.264707444715 23.47707568335785 4.2
3802.2 497.30100820532846 23.96447946093005 4.2
3806.4 513.358083951559 24.792938322036782 4.2
3810.6 524.9555462421011 25.409024968487937 4.2
3814.8 524.7998555087219 25.457514511513054 4.2
3819.0 512.5944952337879 24.920227343001457 4.2
3823.2 491.7577575390006 23.95984476789287 4.2
3827.4 470.49774864909915 22.97439057520485 4.2
3831.6 457.3123453858474 22.379583513517034 4.2
3835.8 460.5209003693318 22.58603516637463 4.2
3840.0 480.45288547237243 23.615220226738053 4.2
3844.2 508.062693110142 25.026954266599258 4.2
3848.4 535.4967541698772 26.436015631811074 4.2
3852.6 556.3926882203309 27.527577879928668 4.2
3856.8 567.8465843021238 28.15554900066116 4.2
3861.0 571.0598822839304 28.376576584762553 4.2
3865.2 566.9350571660676 28.232933162034538 4.2
3869.4 556.2858332910533 27.76284701823291 4.2
3873.6 540.5946090967228 27.038338450915706 4.2
3877.8 521.6106404791769 26.14544271256987 4.2
3882.0 503.1183907563176 25.273186372333363 4.2
3886.2 489.53862067362667 24.644272370171578 4.2
3890.4 485.9915761940251 24.518618712231252 4.2
3894.6 497.9153735562274 25.174450518227744 4.2
3898.8 518.9282810479758 26.293475777619435 4.2
3903.0 535.5698892330937 27.195183902574712 4.2
3907.2 543.7083092625926 27.667887427903242 4.2
3911.4 544.5788768190056 27.771798145382178 4.2
3915.6 534.8901679955682 27.336316872418585 4.2
3919.8 510.887689090571 26.165678447267886 4.2
3924.0 478.0829518626341 24.538047340665408 4.2
3928.2 444.69482151778635 22.873256491121484 4.2
3932.4 425.7296324827298 21.944616722407837 4.2
3936.6 437.3716997146173 22.592901037093092 4.2
3940.8 468.68868148615854 24.26230176442459 4.2
3945.0 500.25937896795995 25.95183073787612 4.2
3949.2 518.4453672442376 26.952558665040886 4.2
3953.4 512.1058522008864 26.67964214032699 4.2
3957.6 486.9557069824917 25.423304551343968 4.2
3961.8 453.82473152853777 23.743897019009065 4.2
3966.0 429.3424547065499 22.510648158340853 4.2
3970.2 430.2575349017938 22.60643082669802 4.2
3974.4 454.15291534256454 23.91244587357825 4.2
3978.6 494.34790514971604 26.08386837533489 4.2
3982.8 536.2709328400318 28.35567565158164 4.2
3987.0 564.2255952619812 29.89675138803351 4.2
3991.2 579.7840623097194 30.7859103248223 4.2
3995.4 586.71707049153 31.21964784867868 4.2
3999.6 589.7067994297895 31.444739411571813 4.2
4003.8 594.2162226255138 31.751774385527643 4.2
4008.0 599.5119289349104 32.10199331724618 4.2
4012.2 604.4329168099347 32.43336428478314 4.2
4016.4 607.7701102051673 32.68074889196812 4.2
4020.6 608.2687682935051 32.776003702151215 4.2
4024.8 604.9181928783921 32.66359634802232 4.2
4029.0 597.5891723450735 32.33523339333058 4.2
4033.2 591.6947797109656 32.083075995068896 4.2
4037.4 591.4223019948043 32.13512547510951 4.2
4041.6 594.7063790976624 32.38083174532571 4.2
4045.8 599.13464662211 32.68978016425414 4.2
4050.0 600.6800500644985 32.842181737276455 4.2
4054.2 596.8798476114187 32.702126939408494 4.2
4058.4 592.2424815357197 32.51531756820944 4.2
4062.6 589.9091416516933 32.454281589714 4.2
4066.8 588.0897702250608 32.42111898168511 4.2
4071.0 585.6080660268005 32.35102162730957 4.2
4075.2 582.5261145444271 32.24719917233184 4.2
4079.4 578.5923291964414 32.09548922995046 4.2
4083.6 574.0039281038387 31.90656122423541 4.2
4087.8 567.4008421799598 31.604432762449306 4.2
4092.0 552.3698998307219 30.830459674663764 4.2
4096.2 530.037928810125 29.644764183947228 4.2
4100.4 515.6141236879959 28.897215720063876 4.2
4104.6 517.2441328281888 29.047984221393282 4.2
4108.8 532.068135428286 29.941668655194672 4.2
4113.0 554.023052393436 31.240933326715513 4.2
4117.2 571.5330199152078 32.29416054744032 4.2
4121.4 579.7325980481876 32.824339812787095 4.2
4125.6 583.9007296105314 33.127754570316775 4.2
4129.8 587.1366828133023 33.37920586254559 4.2
4134.0 590.1254031569862 33.617390581450515 4.2
4138.2 593.0868596537147 33.854780315886515 4.2
4142.4 594.8030523692296 34.02169916236636 4.2
4146.6 595.6963897125197 34.1419246865215 4.2
4150.8 598.1548639578941 34.35231425210208 4.2
4155.0 601.1504803663313 34.59425640602117 4.2
4159.2 600.545124983149 34.629322903017915 4.2
4163.4 596.2123653267214 34.448950856678046 4.2
4167.6 591.1384329745804 34.224727584115456 4.2
4171.8 587.2273778821755 34.06685170422944 4.2
4176.0 585.7931308452954 34.05210783258656 4.2
4180.2 585.9804580167057 34.13154912472037 4.2
4184.4 585.1818773363484 34.15356164289565 4.2
4188.6 583.6056368419391 34.129977344987964 4.2
4192.8 583.113318993348 34.16960827368133 4.2
4197.0 583.6645498714129 34.270465220186374 4.2
4201.2 584.2551390530697 34.37383595341735 4.2
4205.4 584.5836088280644 34.46196206227176 4.2
4209.6 584.6602840555801 34.53536099446152 4.2
4213.8 583.914711302527 34.56018033809463 4.2
4218.0 581.6049631178752 34.49212886610264 4.2
4222.2 578.4950562806163 34.37605218796271 4.2
4226.4 575.8270459717984 34.28561941691729 4.2
4230.6 574.6207763952348 34.28183023962253 4.2
4234.8 575.863358680809 34.42421139233648 4.2
4239.0 577.8969755642809 34.614335598162015 4.2
4243.2 578.2321698962505 34.70307828928852 4.2
4247.4 577.7912082771613 34.74529473223956 4.2
4251.6 578.2351097193819 34.840790490268 4.2
4255.8 579.0323582935025 34.957792485295975 4.2
4260.0 579.4154301403273 35.049998200048684 4.2
4264.2 578.450396459831 35.06065295882114 4.2
4268.4 575.0942590926281 34.925931669650126 4.2
4272.6 571.1429000743755 34.75425633548447 4.2
4276.8 568.6687614316667 34.67176895954941 4.2
4281.0 566.2377232261764 34.5913889009831 4.2
4285.2 562.3919067656925 34.423894335092584 4.2
4289.4 555.786712721125 34.08631083225661 4.2
4293.6 545.2630771718165 33.50641783704998 4.2
4297.8 535.0234920494091 32.941547710125676 4.2
4302.0 529.0837738439888 32.63953778540188 4.2
4306.2 528.3149027667122 32.65577537065631 4.2
4310.4 532.7728763377031 32.99559771419359 4.2
4314.6 540.211936917778 33.521542919951955 4.2
4318.8 547.7306820207708 34.05430332388475 4.2
4323.0 549.2205562390825 34.21338149519659 4.2
4327.2 540.419881442384 33.730594835939236 4.2
4331.4 523.3649933306392 32.72954742143782 4.2
4335.6 502.1562119080497 31.46414972238111 4.2
4339.8 489.26238018429603 30.71567049425941 4.2
4344.0 493.56189335393975 31.045595881283365 4.2
4348.2 510.2866790755882 32.15970082914111 4.2
4352.4 533.2411439862573 33.67130897878459 4.2
4356.6 553.2098197357326 34.999674065394586 4.2
4360.8 563.7011446267817 35.73222006283639 4.2
4365.0 568.3407010371449 36.09574417839485 4.2
4369.2 570.2606499887769 36.287412364242556 4.2
4373.4 570.2205353428751 36.35465268855662 4.2
4377.6 569.326112308476 36.36737878701321 4.2
4381.8 567.9317555525207 36.347956530807394 4.2
4386.0 566.6931982432162 36.33824929277319 4.2
4390.2 567.3781983236894 36.4518857157512 4.2
4394.4 570.0882405126365 36.69610755266467 4.2
4398.6 571.8950202191921 36.882809885695664 4.2
4402.8 571.7252053007386 36.94230588668841 4.2
4407.0 571.5722739440221 37.002920275575484 4.2
4411.2 572.2314949638821 37.116242197877085 4.2
4415.4 572.9347288248006 37.232654472329216 4.2
4419.6 573.2754249303679 37.32570333810384 4.2
4423.8 573.147346566502 37.388324211251195 4.2
4428.0 572.67738120328 37.428635952969515 4.2
4432.2 572.4091348951295 37.48210733573671 4.2
4436.4 572.2843392752548 37.54499060594582 4.2
4440.6 571.6180650947923 37.57231891628676 4.2
4444.8 570.2493600936417 37.55329077470635 4.2
4449.0 568.3507575827248 37.499027078800594 4.2
4453.2 566.924014681924 37.475548673262836 4.2
4457.4 567.840072241289 37.606940242127635 4.2
4461.6 570.3533434476115 37.84460703181585 4.2
4465.8 571.6190791417273 38.00003529533294 4.2
4470.0 571.3447070950051 38.05327152664862 4.2
4474.2 570.9925840867945 38.10131808412102 4.2
4478.4 571.2043320209264 38.18704034124013 4.2
4482.6 572.2018810074799 38.3255150522573 4.2
4486.8 573.8466257594004 38.507737265079044 4.2
4491.0 575.8258330910724 38.71292623168773 4.2
4495.2 577.078928243042 38.86977261040002 4.2
4499.4 576.0869624870362 38.87550109385454 4.2
4503.6 574.2931468570144 38.826835882172986 4.2
4507.8 574.4814055362134 38.91204002741892 4.2
4512.0 576.3191794071508 39.109296147775375 4.2
4516.2 578.4301498824208 39.325658180601366 4.2
4520.4 578.9266234871867 39.43265326597136 4.2
4524.6 575.5736087000618 39.27715295755829 4.2
4528.8 571.1142164499413 39.04523130996942 4.2
4533.0 569.8726530193762 39.03264664302753 4.2
4537.2 570.5285840685991 39.15002105870359 4.2
4541.4 570.4449548456523 39.21678615211585 4.2
4545.6 569.2811739127858 39.20920168669835 4.2
4549.8 566.9185164710025 39.118662727392305 4.2
4554.0 565.6857023919756 39.105694214360604 4.2
4558.2 568.3639202937796 39.36334530801432 4.2
4562.4 572.461833971629 39.72025244291532 4.2
4566.6 574.8298470881052 39.95802368718431 4.2
4570.8 575.1707833466565 40.055301033312396 4.2
4575.0 573.4651861105982 40.0099492034538 4.2
4579.2 571.3602601104171 39.9363159928821 4.2
4583.4 570.7550120338879 39.96722542150121 4.2
4587.6 571.0079654167889 40.05825252569757 4.2
4591.8 571.2935585014797 40.1517057520561 4.2
4596.0 572.2492269862073 40.29248009154228 4.2
4600.2 574.333075073901 40.51314888131735 4.2
4604.4 575.5448394537892 40.67279333497121 4.2
4608.6 574.2582243323471 40.655939365733055 4.2
4612.8 572.7591087594114 40.62374898283012 4.2
4617.0 572.9721401608591 40.71289639157814 4.2
4621.2 573.3023544909544 40.810507924195704 4.2
4625.4 572.5885544617645 40.83381905683119 4.2
4629.6 572.3930026781271 40.894038356705686 4.2
4633.8 573.6020361125417 41.054805597336916 4.2
4638.0 573.9363957945171 41.15323687712425 4.2
4642.2 572.0810474941413 41.09452831889257 4.2
4646.4 570.3902133349261 41.04724371916382 4.2
4650.6 570.3996891599191 41.12216771489918 4.2
4654.8 571.2881337751595 41.26064379107904 4.2
4659.0 572.1894338996265 41.40034879152073 4.2
4663.2 571.7381474066306 41.44231428976771 4.2
4667.4 569.5124348262801 41.355378499398654 4.2
4671.6 567.7458327535785 41.30132646364507 4.2
4675.8 567.6614490462656 41.36947409417994 4.2
4680.0 568.1637855446088 41.4805016550408 4.2
4684.2 568.5732132062909 41.58493241572837 4.2
4688.4 569.0991542238303 41.69807441003345 4.2
4692.6 569.2855785605695 41.786500332121975 4.2
4696.8 567.5722060871831 41.735344241487205 4.2
4701.0 564.0488944626373 41.55047567445501 4.2
4705.2 561.2664438117317 41.4194187473977 4.2
4709.4 560.6012938789955 41.44422282281494 4.2
4713.6 561.8958239440238 41.61405147102696 4.2
4717.8 564.237832639326 41.86200256758272 4.2
4722.0 565.5217196076255 42.03199463419865 4.2
4726.2 565.2506403514294 42.08661527906129 4.2
4730.4 564.91293981502 42.13626144045929 4.2
4734.6 564.7375523269833 42.19801284543345 4.2
4738.8 563.6019605128056 42.18790894567181 4.2
4743.0 561.9413693269829 42.13820193168968 4.2
4747.2 561.6609067739382 42.191794774627674 4.2
4751.4 562.3129275314741 42.315550971661295 4.2
4755.6 561.4390525147444 42.324515955621315 4.2
4759.8 559.1390772250228 42.22561659232068 4.2
4764.0 557.3830389636348 42.16732002624937 4.2
4768.2 556.8116687319446 42.19840150528467 4.2
4772.4 557.1852109228691 42.30113302527684 4.2
4776.6 558.2844173223123 42.45921885938114 4.2
4780.8 559.866011622271 42.654415978404764 4.2
4785.0 560.8430862278577 42.80396497322478 4.2
4789.2 559.6690708824102 42.7893806122069 4.2
4793.4 557.3011145882863 42.68310452510118 4.2
4797.6 555.9211320658073 42.65205887339709 4.2
4801.8 555.7777038215414 42.715746451633706 4.2
4806.0 556.3930823822524 42.83788296594425 4.2
4810.2 556.861235677057 42.9488955267995 4.2
4814.4 555.9259078044885 42.951664633688495 4.2
4818.6 554.8192259851953 42.9409847765008 4.2
4822.8 555.5136697137331 43.06971520152472 4.2
4827.0 557.2558766103555 43.28007453284682 4.2
4831.2 558.4486192831666 43.448221116519356 4.2
4835.4 557.8795506298464 43.47944581778458 4.2
4839.6 554.3886349704904 43.28246634424101 4.2
4843.8 546.9565770196982 42.77637713138236 4.2
4848.0 535.48095887974 41.951548888567515 4.2
4852.2 518.1647529865796 40.66530181957653 4.2
4856.4 493.35593133322743 38.78537546287318 4.2
4860.6 472.25165612257905 37.19049852873991 4.2
4864.8 466.6972844792594 36.816627205654726 4.2
4869.0 476.15210171526655 37.627381786174 4.2
4873.2 498.2654610682125 39.44282384579195 4.2
4877.4 521.5554727193149 41.357663945220416 4.2
4881.6 533.9011718978925 42.409582785108434 4.2
4885.8 538.9120374628712 42.881305621911466 4.2
4890.0 540.9579859213321 43.11813818383162 4.2
4894.2 542.487617065464 43.314369796237415 4.2
4898.4 546.221463927899 43.687379982271366 4.2
4902.6 549.9159710513566 44.05832680439143 4.2
4906.8 551.3768672231872 44.25109277375606 4.2
4911.0 550.6674251485231 44.269844856684976 4.2
4915.2 548.0231020838569 44.1326493919244 4.2
4919.4 545.4776754988344 44.00276833456933 4.2
4923.6 544.7180026134603 44.016550028441195 4.2
4927.8 545.4351325866002 44.14972471671344 4.2
4932.0 547.0803535000213 44.358412988917 4.2
4936.2 548.1049942802528 44.517216330494776 4.2
4940.4 547.5616564576773 44.54879896935585 4.2
4944.6 547.130500386548 44.589438144987064 4.2
4948.8 547.8648646426002 44.72517000079588 4.2
4953.0 548.7222855092224 44.87123263689971 4.2
4957.2 549.0202619562496 44.97177198021875 4.2
4961.4 548.7225019917399 45.023577462012504 4.2
4965.6 548.0217434001654 45.04224204094917 4.2
4969.8 547.9329672527264 45.11116053997097 4.2
4974.0 548.6327046493799 45.245146629113336 4.2
4978.2 548.3029389814716 45.294346697758506 4.2
4982.4 546.3010974315213 45.205158882893414 4.2
4986.6 544.1319024456711 45.101605301794876 4.2
4990.8 542.6363988227095 45.05344450206949 4.2
4995.0 541.7541783972241 45.05593431621734 4.2
4999.2 541.2379387421319 45.088729704785464 4.2
5003.4 540.4540881003468 45.09911296384447 4.2
5007.6 539.175305653698 45.067970357792625 4.2
5011.8 537.7368405110681 45.02316278144893 4.2
5016.0 536.5697674356378 45.0007757018037 4.2
5020.2 536.2943430831923 45.05302954642121 4.2
5024.4 536.8449113140186 45.17477519065828 4.2
5028.6 537.3918462084554 45.29643262753843 4.2
5032.8 537.5587190250906 45.386218542132575 4.2
5037.0 537.4342660763928 45.45147692622782 4.2
5041.2 537.147303067451 45.50299680289394 4.2
5045.4 536.8909074360163 45.55709258646375 4.2
5049.6 536.9171797723166 45.635204392146576 4.2
5053.8 537.4835198225345 45.75936614342334 4.2
5058.0 538.4924327721174 45.9214930628487 4.2
5062.2 539.6381636411512 46.09565600842198 4.2
5066.4 540.1648308914351 46.21723928376865 4.2
5070.6 539.0121446756924 46.19510940535595 4.2
5074.8 536.576183729389 46.062552479584404 4.2
5079.0 534.0388217664384 45.920647165476986 4.2
5083.2 532.4353228616948 45.85851635084207 4.2
5087.4 532.7377638306596 45.960421190917735 4.2
5091.6 534.3338641754701 46.1742659477296 4.2
5095.8 535.8515678853931 46.38184283984175 4.2
5100.0 536.6719570743937 46.52945867834994 4.2
5104.2 536.4260850527796 46.584774760875334 4.2
5108.4 535.8897647176279 46.614818759094355 4.2
5112.6 536.2824976129807 46.72571976572058 4.2
5116.8 537.1410831467804 46.87745223785033 4.2
5121.0 537.575791532767 46.99244047745885 4.2
5125.2 536.6753148762442 46.99070924386287 4.2
5129.4 533.5413947904963 46.79290414603527 4.2
5133.6 529.713696221832 46.53331580757828 4.2
5137.8 527.2576211752659 46.39337847322813 4.2
5142.0 526.5760593233832 46.40919122327994 4.2
5146.2 527.5843857486169 46.57404945492674 4.2
5150.4 529.355385767003 46.806697492971864 4.2
5154.6 530.9325063995486 47.022747392223586 4.2
5158.8 529.6096288070523 46.982054032532574 4.2
5163.0 522.7824558962295 46.451955358624325 4.2
5167.2 514.3925992951785 45.78086561868026 4.2
5171.4 508.8115866835157 45.35780191034854 4.2
5175.6 506.81778477327384 45.25348186080534 4.2
5179.8 508.95955509900836 45.51850607466284 4.2
5184.0 512.1194483422341 45.87541436516213 4.2
5188.2 513.0737975557993 46.03540836622779 4.2
5192.4 513.9785232269039 46.19128030993043 4.2
5196.6 516.7335700109185 46.5140333583324 4.2
5200.8 519.3174891509889 46.82221986838557 4.2
5205.0 520.1729772282595 46.975131011308115 4.2
5209.2 520.4933569020086 47.07995076525474 4.2
5213.4 521.1889020846833 47.21891460814538 4.2
5217.6 521.8620209763178 47.35610774499587 4.2
5221.8 522.2047127717719 47.463526194653426 4.2
5226.0 521.6442732421649 47.4888879716051 4.2
5230.2 520.087794710792 47.423324948049554 4.2
5234.4 519.722405804317 47.46614919851805 4.2
5238.6 521.8368903153872 47.73577743823125 4.2
5242.8 524.9025386509943 48.093236001978724 4.2
5247.0 527.4716545376219 48.406089561067205 4.2
5251.2 528.5135618902254 48.57938360512894 4.2
5255.4 527.2222148697059 48.53823723576388 4.2
5259.6 523.2627524196417 48.25074240968514 4.2
5263.8 517.3476673289007 47.78152427146184 4.2
5268.0 512.1081908285311 47.373121269439345 4.2
5272.2 509.5062328490063 47.20760850276546 4.2
5276.4 510.1734237994858 47.34476879006665 4.2
5280.6 513.6729684211557 47.74545099894178 4.2
5284.8 517.7929607471491 48.2049903214583 4.2
5289.0 520.9285028145017 48.5740147099334 4.2
5293.2 522.700176887236 48.816653032228686 4.2
5297.4 523.0265320866218 48.924680702494186 4.2
5301.6 522.2366412011443 48.9282857390024 4.2
5305.8 520.9685469563642 48.88684385217689 4.2
5310.0 520.2261902973756 48.89449894747944 4.2
5314.2 519.992960815283 48.94992153714612 4.2
5318.4 519.0668087242387 48.94000394232068 4.2
5322.6 517.1750861443803 48.8386892859313 4.2
5326.8 514.9777584736088 48.70796664925366 4.2
5331.0 513.168381362974 48.61340039138767 4.2
5335.2 512.5778627345196 48.63400106943733 4.2
5339.4 513.2256346246606 48.77216113865841 4.2
5343.6 514.3389007621013 48.95488108820143 4.2
5347.8 515.7163982554692 49.16318380373201 4.2
5352.0 517.6509855544106 49.42515045241974 4.2
5356.2 519.3111943400713 49.66151908984507 4.2
5360.4 519.1237013512045 49.72147458610251 4.2
5364.6 517.3048667100868 49.624940607974324 4.2
5368.8 515.0659056801442 49.48755529270084 4.2
5373.0 513.5273439737674 49.41695712735355 4.2
5377.2 513.8080151935463 49.52129578447056 4.2
5381.4 515.013609825266 49.7150636755717 4.2
5385.6 515.2014375225144 49.810855409210355 4.2
5389.8 514.1051502336045 49.782419483206674 4.2
5394.0 512.199759822623 49.675242970608444 4.2
5398.2 510.099987623554 49.548669826891306 4.2
5402.4 508.5618535519036 49.476161673779494 4.2
5406.6 507.7673532165095 49.475705983588654 4.2
5410.8 507.666249814827 49.54273750056712 4.2
5415.0 507.9960469848106 49.651914629330626 4.2
5419.2 508.43904711150714 49.77233321850306 4.2
5423.4 508.7893138010285 49.88385406166151 4.2
5427.6 508.7888521785925 49.9611009519373 4.2
5431.8 509.1827862628936 50.077195631802965 4.2
5436.0 510.99230314949256 50.33290537776204 4.2
5440.2 512.3320471324084 50.542881750151615 4.2
5444.4 510.9250593958251 50.48193577896278 4.2
5448.6 508.38813074757996 50.30880482365175 4.2
5452.8 506.70841553606135 50.21991808632 4.2
5457.0 506.48355304449285 50.27499082365147 4.2
5461.2 508.2309296831977 50.526125910995745 4.2
5465.4 509.83934767203993 50.764019235428954 4.2
5469.6 509.04727967150797 50.76308413624982 4.2
5473.8 507.27026323750397 50.663594612229815 4.2
5478.0 505.98448338004835 50.61275757919483 4.2
5482.2 505.41893016401883 50.633739159564286 4.2
5486.4 505.7621435812589 50.74578790806466 4.2
5490.6 506.44658062187233 50.892290789984 4.2
5494.8 506.8663680492173 51.01242860967667 4.2
5499.0 506.28821154337714 51.03216578382797 4.2
5503.2 504.2926771913723 50.908699170777204 4.2
5507.4 502.3888755857891 50.79395150585876 4.2
5511.6 501.81758006536893 50.813604149224425 4.2
5515.8 502.51870708434757 50.962180297876024 4.2
5520.0 504.20029943673853 51.210616013190666 4.2
5524.2 505.35255717349327 51.40578553296445 4.2
5528.4 504.98948834839075 51.44699347673526 4.2
5532.6 504.23699959774586 51.448415029337525 4.2
5536.8 503.9223054568998 51.49439973687704 4.2
5541.0 503.96102944577973 51.576515745017936 4.2
5545.2 504.1767629782507 51.67684606646234 4.2
5549.4 503.91953554578083 51.72875190317736 4.2
5553.6 502.89817787265997 51.7020781755693 4.2
5557.8 501.7731586072918 51.66447255317432 4.2
5562.0 500.918747113318 51.65448072457684 4.2
5566.2 500.2137675118542 51.659714298530055 4.2
5570.4 499.42754385235287 51.65638378102891 4.2
5574.6 498.11983297152494 51.59884732964908 4.2
5578.8 496.1576252678222 51.473061516461385 4.2
5583.0 493.99436962899483 51.325832226535795 4.2
5587.2 492.07672018190726 51.20354149383055 4.2
5591.4 490.77691968765777 51.14509622120537 4.2
5595.6 490.5055567673662 51.19363880858229 4.2
5599.8 491.8630769707658 51.412414467284414 4.2
5604.0 494.23443567493655 51.73780504411739 4.2
5608.2 495.5440530173907 51.95268529612205 4.2
5612.4 495.09440996565854 51.98331844631853 4.2
5616.6 493.65354883266974 51.909637967878034 4.2
5620.8 492.14036818051943 51.82794628640438 4.2
5625.0 491.74528124776657 51.86376013160039 4.2
5629.2 492.4701328863089 52.017802331026296 4.2
5633.4 493.1602633592107 52.16845800041884 4.2
5637.6 493.32001694014394 52.263200309613 4.2
5641.8 492.9488771839243 52.301723449421544 4.2
5646.0 492.22481803341253 52.3026868916453 4.2
5650.2 491.5657471144036 52.31039506836885 4.2
5654.4 490.8628889437939 52.31328592750692 4.2
5658.6 489.6111102389782 52.2574242864484 4.2
5662.8 488.1202307882875 52.1756658371298 4.2
5667.0 487.17257207528155 52.151643586807225 4.2
5671.2 486.75153305423413 52.18383592263759 4.2
5675.4 486.4702688196236 52.23095901369891 4.2
5679.6 485.9524250056008 52.2526114214462 4.2
5683.8 484.74314849086085 52.19969915265556 4.2
5688.0 483.36820421324654 52.12859263191139 4.2
5692.2 482.7885401501032 52.14299828447163 4.2
5696.4 482.6055357395735 52.200179931865776 4.2
5700.6 481.9434894326715 52.20546879544958 4.2
5704.8 480.8442287183001 52.16317288634688 4.2
5709.0 479.6110370078207 52.10603177758365 4.2
5713.2 478.5842473615765 52.07100980946616 4.2
5717.4 478.17195400493773 52.102672485858804 4.2
5721.6 478.1038810792533 52.171821533628844 4.2
5725.8 477.9658921720151 52.23336439363624 4.2
5730.0 477.63925335768863 52.27427280522552 4.2
5734.2 476.992534572808 52.28005069065972 4.2
5738.4 476.64563373497793 52.31858625086313 4.2
5742.6 477.4282591668731 52.48122939273704 4.2
5746.8 477.80763871507025 52.59978875554172 4.2
5751.0 476.0126777385352 52.47881259845664 4.2
5755.2 473.9149551423779 52.32388711124257 4.2
5759.4 473.59026940813396 52.36438412288551 4.2
5763.6 474.1520028043702 52.50298555037512 4.2
5767.8 474.6405836071347 52.63371202699261 4.2
5772.0 474.8720513445242 52.736098882137824 4.2
5776.2 474.6405191192616 52.78712388009721 4.2
5780.4 474.08637052278294 52.80219784068152 4.2
5784.6 473.4330672373965 52.80608859373652 4.2
5788.8 473.1122186806176 52.84695881387234 4.2
5793.0 473.46316585075374 52.96292963282466 4.2
5797.2 474.30389122511264 53.13393742989435 4.2
5801.4 475.3742283889395 53.331033507354825 4.2
5805.6 476.31146423251283 53.513579288752645 4.2
5809.8 476.7853365054811 53.64435155854015 4.2
5814.0 476.46960341237303 53.686365034762225 4.2
5818.2 475.3439412313966 53.6369408294135 4.2
5822.4 474.58409375641025 53.62854324067396 4.2
5826.6 474.96635383681695 53.74919942801244 4.2
5830.8 475.9495981743652 53.93814419949398 4.2
5835.0 476.92658748306917 54.126756108394126 4.2
5839.2 476.9606531751607 54.208576126141025 4.2
5843.4 475.6790475600558 54.140716632169095 4.2
5847.6 474.28341673608065 54.05949694260351 4.2
5851.8 473.47636582707077 54.045059586148916 4.2
5856.0 472.5579987195953 54.017688982598074 4.2
5860.2 471.46382846570316 53.969948046844465 4.2
5864.4 471.5438494846821 54.05650958694446 4.2
5868.6 472.7376980786844 54.27102199562564 4.2
5872.8 472.6229782604815 54.335541558430386 4.2
5877.0 469.891807572877 54.09884585934258 4.2
5881.2 464.82915238566954 53.5924979486518 4.2
5885.4 458.62453547717826 52.95268668464849 4.2
5889.6 453.73016647988976 52.4623813486312 4.2
5893.8 451.75447766308594 52.30846791769437 4.2
5898.0 453.1768520314479 52.54797686071389 4.2
5902.2 457.14019706605734 53.08306610647948 4.2
5906.4 461.2193760105084 53.63298885915918 4.2
5910.6 463.91895322735905 54.023659568158784 4.2
5914.8 464.7047656793554 54.19210240836159 4.2
5919.0 464.22505331796617 54.21306982732179 4.2
5923.2 464.4986547684504 54.322031119917035 4.2
5927.4 465.42829614499755 54.507968968215266 4.2
5931.6 465.07772748768707 54.54412761629187 4.2
5935.8 463.09568651737624 54.38861503812645 4.2
5940.0 460.14675613489715 54.118780282537514 4.2
5944.2 457.59200506755326 53.89444450869781 4.2
5948.4 457.4260828207031 53.951062251512674 4.2
5952.6 459.06253933769744 54.220560157109034 4.2
5956.8 460.24302658323955 54.436726319872676 4.2
5961.0 460.2894396543512 54.51901490012041 4.2
5965.2 459.32410380182955 54.48136750326962 4.2
5969.4 458.1713114613759 54.42118573443372 4.2
5973.6 458.11760128819225 54.49140426643406 4.2
5977.8 458.81593549909684 54.65123745198727 4.2
5982.0 459.1900165731 54.77268110205726 4.2
5986.2 458.871208943298 54.81153945730249 4.2
5990.4 457.7091656411127 54.749480165583016 4.2
5994.6 456.35712557738685 54.66432628807433 4.2
5998.8 455.7812856626195 54.671878965552715 4.2
6003.0 455.886328076268 54.76107940511115 4.2
6007.2 456.19347801529 54.874679913736195 4.2
6011.4 456.5517383680988 54.99459397508077 4.2
6015.6 456.91493447027636 55.11527770493746 4.2
6019.8 456.50036536167875 55.14218868744536 4.2
6024.0 454.3801267280477 54.962692538867955 4.2
6028.2 452.1285684048551 54.76662773615241 4.2
6032.4 451.71549909469684 54.79286382106478 4.2
6036.6 452.4394397697029 54.95712434477367 4.2
6040.8 453.26098705294476 55.13355543178874 4.2
6045.0 453.6706088626079 55.26014243607546 4.2
6049.2 453.1869211450876 55.27795907285337 4.2
6053.4 452.17912579249486 55.231647760818625 4.2
6057.6 451.07013126078266 55.17266980851441 4.2
6061.8 450.6444719745196 55.19706683630719 4.2
6066.0 451.6982861725764 55.402836475319994 4.2
6070.2 452.22571487517774 55.544364213763934 4.2
6074.4 450.40839956599257 55.397733920489564 4.2
6078.6 448.2683981702354 55.21079490505268 4.2
6082.8 447.5918604334318 55.203676221035465 4.2
6087.0 447.6047134964969 55.281523089468955 4.2
6091.2 447.6509760720272 55.36355892313542 4.2
6095.4 447.5245178130298 55.4242723383399 4.2
6099.6 447.0195769586066 55.438056915391094 4.2
6103.8 446.4498331123691 55.44367383703311 4.2
6108.0 446.07840369715376 55.4738106759659 4.2
6112.2 445.89247345317153 55.526973131923434 4.2
6116.4 445.7768340049764 55.58888972803387 4.2
6120.6 444.97258923459526 55.56483128371234 4.2
6124.8 443.1241619717534 55.40998084166566 4.2
6129.0 441.1294089384941 55.23622627105575 4.2
6133.2 439.6944671091899 55.13203205640096 4.2
6137.4 438.94327206854945 55.11324722047132 4.2
6141.6 438.9248804534495 55.18639180947236 4.2
6145.8 439.6513474397982 55.353361517942645 4.2
6150.0 440.6634427989726 55.556643550880466 4.2
6154.2 440.5001320318038 55.6119341700533 4.2
6158.4 438.697810835033 55.46001720880347 4.2
6162.6 436.69004889025086 55.281523089468955 4.2
6166.8 435.4893385282468 55.20469311969667 4.2
6171.0 435.4298139039926 55.27235893954364 4.2
6175.2 436.31405070027705 55.46001720880347 4.2
6179.4 436.99114596389654 55.62166691363288 4.2
6183.6 436.91653189400193 55.68779217716631 4.2
6187.8 436.44017219721025 55.70266836588666 4.2
6192.0 435.812175691486 55.69805119243791 4.2
6196.2 435.1293719848767 55.68625348786288 4.2
6200.4 434.724222612989 55.70985139647778 4.2
6204.6 435.2128178654514 55.848048223274084 4.2
6208.8 436.2806121863637 56.06089152805402 4.2
6213.0 436.6792417178438 56.18805514730228 4.2
6217.2 436.0693656174654 56.18546765131795 4.2
6221.4 434.9116136568595 56.11203248964084 4.2
6225.6 433.5775907421407 56.015472026476495 4.2
6229.8 432.4272421488829 55.942259051366776 4.2
6234.0 431.5386104759899 55.90259907835813 4.2
6238.2 430.7593034349365 55.87686090698654 4.2
6242.4 429.9184337551973 55.84290466481461 4.2
6246.6 428.7596038613457 55.76734899710244 4.2
6250.8 427.679119958166 55.70164229426692 4.2
6255.0 427.52609368493785 55.75656367858512 4.2
6259.2 427.7042809361183 55.854735557550384 4.2
6263.4 426.92241629572294 55.827476831567594 4.2
6267.6 424.7160868500695 55.613470805809726 4.2
6271.8 420.96002173069473 55.195541706058684 4.2
6276.0 422.5084361866971 55.472788820021314 4.2
6280.2 424.0238701582582 55.74629388590747 4.2
6284.4 423.48069272421054 55.74937462507808 4.2
6288.6 423.2464381632435 55.793036724761585 4.2
6292.8 422.794565728021 55.80794102804198 4.2
6297.0 420.57346460597347 55.58888972803387 4.2
6301.2 418.5262730148989 55.39212165295718 4.2
6305.4 419.15627278690573 55.54948027436541 4.2
6309.6 419.9229387369671 55.725246724126286 4.2
6313.8 419.9055483538971 55.79714785908859 4.2
6318.0 419.6720164250735 55.840333063232315 4.2
6322.2 419.9685742280087 55.95411099334948 4.2
6326.4 420.784718645392 56.13736193987772 4.2
6330.6 422.01074404297873 56.375706825064434 4.2
6334.8 422.8705480721258 56.565548146832924 4.2
6339.0 422.52825022926584 56.594730997436066 4.2
6343.2 421.55713572733356 56.53950474641982 4.2
6347.4 420.69710134984416 56.49890098268307 4.2
6351.6 420.0287081901218 56.483812148733676 4.2
6355.8 419.6322033752134 56.505145817083275 4.2
6360.0 419.5725076225042 56.571800347757474 4.2
6364.2 419.8378760205662 56.68236991503384 4.2
6368.4 420.308901083452 56.8208858257474 4.2
6372.6 420.8312056012426 56.96656068078116 4.2
6376.8 420.904590663056 57.05162251334117 4.2
6381.0 420.141677848666 57.02325446591421 4.2
6385.2 418.9944253354315 56.942430447808846 4.2
6389.4 417.8930032841239 56.867482154299914 4.2
6393.6 416.73342012858853 56.78426385363648 4.2
6397.8 415.51234902129335 56.69228999747836 4.2
6402.0 414.91001237298786 56.684458209181265 4.2
6406.2 415.275460510722 56.80885028751335 4.2
6410.4 415.56120340589854 56.92250448667585 4.2
6414.6 415.1204178712012 56.93666168921482 4.2
6418.8 414.7721299165039 56.96341267928235 4.2
6423.0 415.04712577351694 57.07579901813503 4.2
6427.2 415.7589681314568 57.24848524041367 4.2
6431.4 416.62584941590836 57.442852766317785 4.2
6435.6 416.90314246981853 57.55618501963686 4.2
6439.8 416.2444877133673 57.540283854928475 4.2
6444.0 415.2199303171152 57.47354692109576 4.2
6448.2 414.2402128051623 57.41270379207906 4.2
6452.4 413.33929050331676 57.36249066144176 4.2
6456.6 412.57745365766635 57.33132777357122 4.2
6460.8 412.05260129434237 57.33291191858542 4.2
6465.0 411.66523857697564 57.35350978747317 4.2
6469.2 411.00215495918525 57.33555225754734 4.2
6473.4 410.03447005528136 57.27485521360051 4.2
6477.6 409.3181496322173 57.24901252087681 4.2
6481.8 409.01383819284126 57.280658237582934 4.2
6486.0 408.80045080525406 57.32499163121262 4.2
6490.2 408.4257305463978 57.34664300906952 4.2
6494.4 407.62347475380466 57.308098674861114 4.2
6498.6 406.6620468791564 57.24690342816257 4.2
6502.8 406.4886845340272 57.29648765516992 4.2
6507.0 406.4542240137764 57.36566071741427 4.2
6511.2 407.1431981789299 57.5371041491914 4.2
6515.4 407.07186573731434 57.601262186952724 4.2
6519.6 406.5101113935919 57.595957158955805 4.2
6523.8 405.64672859522216 57.54770385169481 4.2
6528.0 404.9533194019552 57.52332745465776 4.2
6532.2 404.66748299233194 57.55671513413226 4.2
6536.4 403.8052974508906 57.50796503306932 4.2
6540.6 401.47090284413014 57.24901252087681 4.2
6544.8 397.7228065865513 56.78740195473177 4.2
6549.0 391.60774627276174 55.98607221532911 4.2
6553.2 381.21186518499945 54.56975450365831 4.2
6557.4 365.3372051124457 52.36438412288551 4.2
6561.6 345.8929822806923 49.64094037748158 4.2
6565.8 333.7505234447543 47.95964944303947 4.2
6570.0 340.1782288134684 48.945864096368275 4.2
6574.2 359.75549041658854 51.82890100124989 4.2
6578.4 378.7291212756959 54.632113251900016 4.2
6582.6 390.8933875286738 56.458846381278185 4.2
6586.8 396.77134626428483 57.38098512446178 4.2
6591.0 398.82523653636923 57.751597234226274 4.2
6595.2 398.73955010639656 57.81279950566376 4.2
6599.4 398.04516214657923 57.785649629056834 4.2
6603.6 398.8409453808527 57.97489890497699 4.2
6607.8 400.67428951984107 58.315499511190055 4.2
6612.0 401.39093939129845 58.49409148326604 4.2
6616.2 401.0735340527753 58.52211321866338 4.2
6620.4 401.0484061557631 58.59276595753122 4.2
6624.6 401.2083233545335 58.69052575770708 4.2
6628.8 400.92157040115825 58.722968304218384 4.2
6633.0 400.73867704928347 58.77058314802922 4.2
6637.2 401.2725443450264 58.92342732947432 4.2
6641.4 401.56696573093006 59.041312041295114 4.2
6645.6 400.7235441895248 58.99184783041035 4.2
6649.8 399.99272035567645 58.95871370430823 4.2
6654.0 400.2281778570105 59.06796379331495 4.2
6658.2 400.1027919041946 59.124026094600154 4.2
6662.4 399.26739635394085 59.07503668541235 4.2
6666.6 398.85997598027376 59.08918501046521 4.2
6670.8 398.93065912909753 59.17414614746119 4.2
6675.0 398.9502252790819 59.251588770667645 4.2
6679.2 399.09874180035695 59.34826128061027 4.2
6683.4 399.1152718521763 59.42538444192569 4.2
6687.6 398.5774061189134 59.419911413797564 4.2
6691.8 397.81701059489717 59.38106740565521 4.2
6696.0 397.1022654942849 59.34880790081401 4.2
6700.2 396.6666803701062 59.35810121461374 4.2
6704.4 396.5933428213958 59.42155326930774 4.2
6708.6 396.0896178620522 59.42045869392695 4.2
6712.8 394.92064582196093 59.3192976130594 4.2
6717.0 394.28890645683225 59.298539910773435 4.2
6721.2 394.7222586926798 59.43797431978586 4.2
6725.4 395.2437540724331 59.5909075996933 4.2
6729.6 395.19073357608806 59.657355777031164 4.2
6733.8 394.76698804391276 59.66779651704638 4.2
6738.0 394.30042159357134 59.67164356606549 4.2
6742.2 393.9326632854789 59.69033276121302 4.2
6746.4 393.7903597202503 59.743133855981874 4.2
6750.6 393.1954689979852 59.727178603566514 4.2
6754.8 392.4210227328452 59.683735906395704 4.2
6759.0 391.64479746592707 59.63977550220669 4.2
6763.2 391.0288437383324 59.62000388549225 4.2
6767.4 390.9647123299269 59.68428561644965 4.2
6771.6 391.27190254005103 59.80534499360203 4.2
6775.8 390.81938561694454 59.810302647327546 4.2
6780.0 389.5667363331039 59.69253187484884 4.2
6784.2 389.0630343763847 59.68923323477711 4.2
6788.4 389.3089653447505 59.80093853527617 4.2
6792.6 388.83484173230147 59.80204011941872 4.2
6796.8 387.96832807131085 59.742583603918106 4.2
6801.0 387.5678154449407 59.75469032010641 4.2
6805.2 387.1858417503829 59.76955191590484 4.2
6809.4 386.57303939577105 59.748636655368564 4.2
6813.6 386.24243489581943 59.771203432472596 4.2
6817.8 386.53136516480026 59.889681022324 4.2
6822.0 386.79230420485567 60.00397203775284 4.2
6826.2 386.28090282654216 59.99844572219132 4.2
6830.4 385.2414242571401 59.91064565603224 4.2
6834.6 384.18734056287013 59.82021918773004 4.2
6838.8 383.33056448415965 59.76019418393181 4.2
6843.0 382.70503388643095 59.73598097444334 4.2
6847.2 382.04914137864506 59.70682808847153 4.2
6851.4 380.9066967047473 59.60133671049475 4.2
6855.6 376.2827544791518 58.950025867329416 4.2
6859.8 377.85254086232794 59.26850873235595 4.2
6864.0 375.96092117891936 59.044031056801714 4.2
6868.2 376.05155453037986 59.13056108458425 4.2
6872.4 376.4474818623063 59.26523352402157 4.2
6876.6 377.3894271341525 59.48616891800521 4.2
6880.8 378.59195878746493 59.748636655368564 4.2
6885.0 377.99439977068977 59.727178603566514 4.2
6889.2 377.01590231876446 59.64526878149878 4.2
6893.4 376.6017164433352 59.652410801014305 4.2
6897.6 375.8800220846144 59.61066956728659 4.2
6901.8 375.0183462741656 59.54646712297972 4.2
6906.0 374.4278177005083 59.525081678094125 4.2
6910.2 374.38981044307724 59.591456454762515 4.2
6914.4 374.514170483132 59.683735906395704 4.2
6918.6 373.2474159122924 59.5541458232554 4.2
6922.8 371.4579731677556 59.340609126357066 4.2
6927.0 369.7761355714193 59.14363323157339 4.2
6931.2 367.421354192943 58.83828424676784 4.2
6935.4 365.6101352309714 58.61921523202215 4.2
6939.6 365.50420524083074 58.67323039556818 4.2
6943.8 366.1430944991895 58.84695561567905 4.2
6948.0 367.1991229038593 59.0880965574781 4.2
6952.2 367.99400194493495 59.28761772205221 4.2
6956.4 368.2274512330039 59.39693019946752 4.2
6960.6 368.4647109152147 59.50699230061109 4.2
6964.8 369.59999365548214 59.76239587140447 4.2
6969.0 370.83466601867144 60.03437587325614 4.2
6973.2 371.02657022959096 60.13786419407872 4.2
6977.4 370.1195392991502 60.063135485599986 4.2
6981.6 368.355644199964 59.84887620779743 4.2
6985.8 366.37426402434744 59.59859203070528 4.2
6990.0 365.12275798368734 59.4664482245292 4.2
6994.2 365.0170585071143 59.52069586957223 4.2
6998.4 365.3959522073117 59.654059080808224 4.2
7002.6 365.2907002186599 59.70847787189143 4.2
7006.8 364.4297407771032 59.639226202104155 4.2
7011.0 363.5844665078018 59.57224953481646 4.2
7015.2 363.4738244137256 59.625495343667275 4.2
7019.4 363.34674335702533 59.67604049723446 4.2
7023.6 363.1129304358118 59.70902780982836 4.2
7027.8 363.2272873939195 59.79928619710852 4.2
7032.0 363.2817078476696 59.87975296706801 4.2
7036.2 363.1022195480369 59.921682621311106 4.2
7040.4 362.9331066255772 59.965298515533384 4.2
7044.6 362.83450229599237 60.02055403871945 4.2
7048.8 362.9366934499678 60.10906879990896 4.2
7053.0 363.07929795663216 60.20436776235585 4.2
7057.2 362.90788456625086 60.24763451413328 4.2
7061.4 362.6599758162109 60.27816181269458 4.2
7065.6 362.59612617618865 60.33926282193 4.2
7069.8 362.2321541635002 60.350378748681514 4.2
7074.0 361.7588327932844 60.34315316337719 4.2
7078.2 361.6859138310183 60.40265104116595 4.2
7082.4 361.36022860348385 60.419899701711486 4.2
7086.6 360.5997447174578 60.364276536907916 4.2
7090.8 360.08976937268835 60.350378748681514 4.2
7095.0 359.82924297155483 60.378177525587255 4.2
7099.2 359.2646047174186 60.354825692749436 4.2
7103.4 358.6383376482485 60.32092601883016 4.2
7107.6 358.43243064439974 60.357605199188434 4.2
7111.8 358.4678286078394 60.434926741810564 4.2
7116.0 358.5001782139279 60.51179000099978 4.2
7120.2 358.40071650624037 60.56643340810197 4.2
7124.4 358.08379270193535 60.58428683788917 4.2
7128.6 357.2833371358745 60.52015059125168 4.2
7132.8 356.0386626875624 60.380401980827486 4.2
7137.0 355.0633621888317 60.28593486725285 4.2
7141.2 354.6523664756274 60.287045385440756 4.2
7145.4 354.00399523344714 60.24763451413328 4.2
7149.6 352.9602227718331 60.1406337088414 4.2
7153.8 351.6055049575647 59.98021249171995 4.2
7158.0 349.2736853086044 59.652410801014305 4.2
7162.2 349.034507790458 59.68153711680985 4.2
7166.4 350.6284602269802 60.02442383158962 4.2
7170.6 351.4133541063737 60.22932555642232 4.2
7174.8 350.9018483080179 60.21213130094461 4.2
7179.0 350.5430395134226 60.22100514235799 4.2
7183.2 349.91401509630623 60.183300345973464 4.2
7187.4 349.331399791783 60.15337511960279 4.2
7191.6 349.01991404937326 60.16999840787077 4.2
7195.8 348.80209647144716 60.2027042771807 4.2
7200.0 348.4402060257982 60.21046760125793 4.2
7204.2 348.44780467900705 60.28204821468662 4.2
7208.4 349.33290766246654 60.505659635543594 4.2
7212.6 349.0901217088481 60.53408747539087 4.2
7216.8 346.9763826949491 60.237647120073255 4.2
7221.0 347.02643977045665 60.316481572490005 4.2
7225.2 347.1630603956753 60.410440148993544 4.2
7229.4 347.70324609180653 60.574801548141565 4.2
7233.6 346.76900741609217 60.482258497790106 4.2
7237.8 346.1115548145507 60.437709937123145 4.2
7242.0 345.53831711152054 60.40765820947219 4.2
7246.2 345.40181977610706 60.453854997714124 4.2
7250.4 346.09977802128657 60.64625672110786 4.2
7254.6 346.4577747263879 60.77934282892176 4.2
7258.8 346.0027843124294 60.769827000519854 4.2
7263.0 345.7332640896416 60.79277947638105 4.2
7267.2 345.57238445055043 60.834788148327476 4.2
7271.4 344.73484491841754 60.757514610573615 4.2
7275.6 343.6019549785379 60.62782662408216 4.2
7279.8 342.7538634418406 60.54802756898621 4.2
7284.0 342.24521152072884 60.5279548510085 4.2
7288.2 342.06504049543105 60.565875573204025 4.2
7292.4 342.41461255319024 60.69766718472875 4.2
7296.6 342.225350533524 60.734016065520215 4.2
7300.8 341.9576720466949 60.75639542610263 4.2
7305.0 341.93598993011176 60.82246259680101 4.2
7309.2 340.28716108094795 60.598796624618075 4.2
7313.4 339.1396751685794 60.46387823901216 4.2
7317.6 337.442610809695 60.230435031818104 4.2
7321.8 336.65535845416673 60.1589157053463 4.2
7326.0 336.04653836157036 60.11903487570022 4.2
7330.2 335.1333179198423 60.02442383158962 4.2
7334.4 333.8659058619497 59.86596673167255 4.2
7338.6 333.8587950490264 59.933273623169065 4.2
7342.8 334.3935225408919 60.09799731999939 4.2
7347.0 335.0157115466593 60.27871699763866 4.2
7351.2 335.39823873702085 60.41656086691832 4.2
7355.4 335.19741740569856 60.44940075716569 4.2
7359.6 334.328063842495 60.36149672325001 4.2
7363.8 333.4642535051021 60.27427566125955 4.2
7368.0 333.11793860297047 60.280382583151415 4.2
7372.2 333.5270309512418 60.42323872102008 4.2
7376.4 334.28457432025766 60.62950185598414 4.2
7380.6 334.5321925584135 60.74352628635783 4.2
7384.8 333.868755887781 60.692076980425774 4.2
7389.0 332.75602032042843 60.55862418705651 4.2
7393.2 331.9314056231188 60.477245145894244 4.2
7397.4 331.93958660453336 60.54746990361102 4.2
7401.6 332.42833357895137 60.70549433579688 4.2
7405.8 332.568641169282 60.80005890065648 4.2
7410.0 332.1519747161952 60.79277947638105 4.2
7414.2 331.40011943441766 60.72394804283043 4.2
7418.4 330.7293681539554 60.66972131127055 4.2
7422.6 330.4556184143042 60.68816414375393 4.2
7426.8 330.48046819534966 60.76143191857944 4.2
7431.0 330.5816417176229 60.848797488782544 4.2
7435.2 330.86889760202735 60.97053417793551 4.2
7439.4 331.05902672975634 61.07451122059615 4.2
7443.6 330.8378579686518 61.10264354962624 4.2
7447.8 330.4678714629228 61.10320632836273 4.2
7452.0 330.0893878421123 61.10208077607361 4.2
7456.2 329.45048958957386 61.05257699583475 4.2
7460.4 328.59505833053885 60.96267285357047 4.2
7464.6 328.14982258075065 60.94863729536169 4.2
7468.8 328.07685619495106 61.00367518467218 4.2
7473.0 327.76553895344625 61.014351546443685 4.2
7477.2 327.2165490649185 60.98064308457444 4.2
7481.4 327.0841535324584 61.0244677179966 4.2
7485.6 327.5005410303508 61.17077742202288 4.2
7489.8 327.8300899936391 61.301062219385784 4.2
7494.0 327.5622738466617 61.31969697156793 4.2
7498.2 326.80990770120167 61.24744833182921 4.2
7502.4 326.14357240972345 61.19106331746891 4.2
7506.6 327.4874833218225 61.5120215435205 4.2
7510.8 327.8512618335344 61.64927874374842 4.2
7515.0 327.7715726480829 61.70324437968109 4.2
7519.2 327.6347675972785 61.74645089898553 4.2
7523.4 327.3564852904534 61.76294557080679 4.2
7527.6 326.62407104061185 61.69358390199195 4.2
7531.8 325.8664851784533 61.61919211314197 4.2
7536.0 324.9791325844547 61.51995370809004 4.2
7540.2 323.96905105325123 61.397120021585856 4.2
7544.4 324.1274719485604 61.495593884524546 4.2
7548.6 324.967874051509 61.72370685566909 4.2
7552.8 324.83684630606035 61.76749660047967 4.2
7557.0 323.8250269071504 61.64360089681749 4.2
7561.2 322.6738741298978 61.49276197297706 4.2
7565.4 322.0071124959795 61.43388777066229 4.2
7569.6 322.1153294127393 61.52278687189204 4.2
7573.8 322.05762767102436 61.58004472624199 4.2
7578.0 319.82473804147395 61.220940906825604 4.2
7582.2 320.7559955832222 61.467280636838524 4.2
7586.4 319.9291260262308 61.37676581478033 4.2
7590.6 315.8123014065363 60.65407724263841 4.2
7594.8 313.05206383780825 60.19050679024624 4.2
7599.0 315.26253669835614 60.68257481467256 4.2
7603.2 321.39892917352256 61.93212761367566 4.2
7607.4 326.7177655712833 63.02661748244541 4.2
7611.6 327.930144076111 63.33036630373287 4.2
7615.8 327.88246683057105 63.391057966489456 4.2
7620.0 325.0448668834301 62.91178389555412 4.2
7624.2 320.5979153717891 62.119506946760175 4.2
7628.4 319.67622624696 62.009181664759126 4.2
7632.6 321.6534757636122 62.461441102881764 4.2
7636.8 322.80363807050946 62.753795771808555 4.2
7641.0 323.22195693215986 62.90425164023759 4.2
7645.2 322.6172258752115 62.85560341771557 4.2
7649.4 320.7469325494008 62.55989339583466 4.2
7653.6 319.10215182296974 62.307453207153486 4.2
7657.8 318.4763707122765 62.253532503974654 4.2
7662.0 317.5798647548821 62.14640343262371 4.2
7666.2 315.771524890116 61.86029688873357 4.2
7670.4 314.4251161452945 61.66404359340201 4.2
7674.6 313.95670037352085 61.6396267151092 4.2
7678.8 313.69712776782836 61.656092850393364 4.2
7683.0 314.0245401720506 61.78798038425315 4.2
7687.2 311.46761256927726 61.35189761432145 4.2
7691.4 310.85543063263987 61.29823926614627 4.2
7695.6 309.88195185058026 61.17303107826033 4.2
7699.8 310.5663267416583 61.37506993549738 4.2
7704.0 311.39576832977014 61.606140219778254 4.2
7708.2 312.0407447096489 61.8010708023223 4.2
7712.4 312.61525204881326 61.982344567421784 4.2
7716.6 313.2140805091223 62.16873063399746 4.2
7720.8 313.66398049667845 62.32581984488427 4.2
7725.0 313.7128285581451 62.40336371575052 4.2
7729.2 313.1296296287009 62.355102864615056 4.2
7733.4 312.3433806483855 62.26614805898266 4.2
7737.6 312.0819888690918 62.28163427971932 4.2
7741.8 312.1830788155714 62.369462310776726 4.2
7746.0 311.9767786606436 62.39589233218801 4.2
7750.2 311.3633095296258 62.34074672445741 4.2
7754.4 311.1120662768466 62.3579744893426 4.2
7758.6 311.6954987045812 62.54260984640106 4.2
7762.8 311.7313356580383 62.61753973005838 4.2
7767.0 310.70385692776784 62.47870222146391 4.2
7771.2 310.0309724092504 62.410835993948396 4.2
7775.4 310.0614503895071 62.48445698761151 4.2
7779.6 309.48721964175036 62.43613342142209 4.2
7783.8 308.48490506400736 62.30114092554972 4.2
7788.0 308.40497060848844 62.352231372127655 4.2
7792.2 308.76856035760875 62.49309013070606 4.2
7796.4 308.654795644012 62.53742571274824 4.2
7800.6 308.42760206768804 62.55874101062478 4.2
7804.8 308.6325289265884 62.66773524851043 4.2
7809.0 309.1081166636527 62.83187211717886 4.2
7813.2 309.03478891710256 62.8845561589065 4.2
7817.4 308.37033017933993 62.816827642453624 4.2
7821.6 308.53046262325074 62.91699906218917 4.2
7825.8 308.54873157369735 62.988316349350725 4.2
7830.0 307.32205644304275 62.80525742086955 4.2
7834.2 306.6732853291914 62.73992569319429 4.2
7838.4 307.65105626212403 63.0074640055747 4.2
7842.6 308.8084138147966 63.31228676378015 4.2
7846.8 308.3444159808969 63.28488569256919 4.2
7851.0 306.86495967282474 63.04868021390154 4.2
7855.2 306.3703697281053 63.01442823269855 4.2
7859.4 306.8898109603234 63.1887843032925 4.2
7863.6 306.78804133444373 63.235360677445385 4.2
7867.8 305.68253870949064 63.07481712116302 4.2
7872.0 304.38488586077966 62.87413163605653 4.2
7876.2 303.4839887628834 62.754951750092516 4.2
7880.4 303.1912964284454 62.761310011299166 4.2
7884.6 303.2312270662324 62.836501911172064 4.2
7888.8 302.54317702082346 62.76073196093372 4.2
7893.0 301.2957801355897 62.568536961574615 4.2
7897.2 301.0225157830083 62.57833444645276 4.2
7901.4 301.5734876817985 62.759575876175326 4.2
7905.6 301.68629508918593 62.84981446929267 4.2
7909.8 301.1495716654234 62.80467896573538 4.2
7914.0 300.7413624353437 62.78617121422512 4.2
7918.2 300.7407791576124 62.852708876856134 4.2
7922.4 300.8151622773692 62.93496572326547 4.2
7926.6 300.52691196288976 62.94134222328513 4.2
7930.8 300.04836106083246 62.90772795370147 4.2
7935.0 299.7059690111867 62.90251355554462 4.2
7939.2 299.71451048026853 62.97091443863333 4.2
7943.4 299.87785079062564 63.07191248537242 4.2
7947.6 299.5444328923579 63.06842709898672 4.2
7951.8 298.8700236997671 62.99295767100564 4.2
7956.0 298.3428992469313 62.94829914195567 4.2
7960.2 297.66330239020226 62.87123624196127 4.2
7964.4 296.8049415767632 62.7561077496716 4.2
7968.6 296.7954239050051 62.82029912455536 4.2
7972.8 297.7059503094342 63.07946481666466 4.2
7977.0 297.8119159561526 63.16841792875149 4.2
7981.2 297.3232469776748 63.13119353269572 4.2
7985.4 297.61574535953946 63.259827015556056 4.2
7989.6 297.59332170990314 63.32161749464983 4.2
7993.8 296.7007869176838 63.198096832825925 4.2
7998.0 295.9391725132411 63.10212723694566 4.2
8002.2 295.394531804252 63.052164509003894 4.2
8006.4 294.7940321533206 62.99005680489524 4.2
8010.6 294.832369067672 63.06436105829959 4.2
8014.8 295.39550042838977 63.251087951162674 4.2
8019.0 295.0616915018724 63.24584509202344 4.2
8023.2 294.04514837224656 63.09399107253406 4.2
8027.4 293.39684977454965 63.020812783770914 4.2
8031.6 292.9740216209725 62.99585867070945 4.2
8035.8 292.9213427558595 63.05042233738432 4.2
8040.0 292.5453215868171 63.035325532954666 4.2
8044.2 291.34497717132905 62.84228963340607 4.2
8048.4 290.88287228219895 62.80814977645786 4.2
8052.6 291.96648488623305 63.10793942530297 4.2
8056.8 292.884297813161 63.37237741643961 4.2
8061.0 292.3179015806547 63.31578562672132 4.2
8065.2 291.4600075547424 63.19576857178377 4.2
8069.4 291.0521198547834 63.17307252126959 4.2
8073.6 290.77080382241274 63.17772745676389 4.2
8077.8 290.6371073053413 63.214397062080394 4.2
8082.0 290.30837345688457 63.20857506906391 4.2
8086.2 289.77191921783697 63.157364645954125 4.2
8090.4 289.36184592423535 63.1335194146622 4.2
8094.6 289.26139038087615 63.1771455710697 4.2
8098.8 289.09987663069194 63.20741073480606 4.2
8103.0 288.57159300749487 63.157364645954125 4.2
8107.2 287.57523332291726 63.00456247143827 4.2
8111.4 286.3291855000074 62.796581153248574 4.2
8115.6 285.0020525618774 62.57026581802576 4.2
8119.8 283.5950135092662 62.32581984488427 4.2
8124.0 282.3354589249352 62.11321370573119 4.2
8128.2 282.1632781865767 62.139535137844646 4.2
8132.4 283.4704488293556 62.491938976046455 4.2
8136.6 283.59549131172247 62.584098389489995 4.2
8140.8 283.3916723866031 62.603699767264 4.2
8145.0 283.19597558539436 62.62503765403346 4.2
8149.2 283.21438073904534 62.69371423457201 4.2
8153.4 283.2485900192744 62.76593460589273 4.2
8157.6 282.9309397848027 62.76015391589229 4.2
8161.8 282.546126511942 62.73934783978478 4.2
8166.0 282.2997565019076 62.74917207160439 4.2
8170.2 281.6280311357806 62.664272197166596 4.2
8174.4 281.58757261049055 62.71970399025393 4.2
8178.6 281.85861811585494 62.84460487156299 4.2
8182.8 282.21323802831506 62.988316349350725 4.2
8187.0 281.3349411848667 62.85676127138294 4.2
8191.2 280.54994941877254 62.74570452002077 4.2
8195.4 281.195873951471 62.954676992902336 4.2
8199.6 281.9083379961492 63.178891244230506 4.2
8203.8 280.13484099272347 62.845762522628306 4.2
8208.0 277.58408277452725 62.33730174266843 4.2
8212.2 277.5710827087889 62.39819112415764 4.2
8216.4 280.71272938766253 63.16899973406076 4.2
8220.6 281.1604445368955 63.334449494964815 4.2
8224.8 278.9167284019736 62.893244581563295 4.2
8229.0 277.5435443215433 62.64753681326891 4.2
8233.2 277.71793283599465 62.75090591925704 4.2
8237.4 278.51779221641783 62.99585867070945 4.2
8241.6 278.41087141725774 63.035906112432535 4.2
8245.8 276.28649755892343 62.61869319839069 4.2
8250.0 275.1346940052502 62.42118370244115 4.2
8254.2 274.30850890199224 62.297124352036185 4.2
8258.4 274.3149177972252 62.361994986136445 4.2
8262.6 273.9780670678568 62.34878575569114 4.2
8266.8 273.904011688085 62.395317647428264 4.2
8271.0 274.3375230034802 62.55758864664241 4.2
8275.2 275.8215895667009 62.959895715225514 4.2
8279.4 276.1337715144612 63.09515331750476 4.2
8283.6 275.39941655287817 62.99121713530833 4.2
8287.8 275.2800448235904 63.027778486337795 4.2
8292.0 274.3131756449364 62.87007812165754 4.2
8296.2 274.2223373567114 62.91294278411314 4.2
8300.4 273.0305294578596 62.70295380250811 4.2
8304.6 272.5761271591789 62.66196360258854 4.2
8308.8 272.4034754568923 62.68563072948397 4.2
8313.0 271.8427116822753 62.619846687970856 4.2
8317.2 270.63687179016216 62.40508800823317 4.2
8321.4 269.89103428411624 62.29597680716639 4.2
8325.6 268.5160016088605 62.041172951749715 4.2
8329.8 268.28976596856353 62.05145937015813 4.2
8334.0 267.0657913419915 61.830676754126685 4.2
8338.2 266.9860923052589 61.87454238849079 4.2
8342.4 268.26698957372304 62.234040764461746 4.2
8346.6 268.80543946492287 62.42175862543716 4.2
8350.8 268.832078370083 62.49078784259221 4.2
8355.0 267.7788957189369 62.30860096342834 4.2
8359.2 267.78843821165685 62.37348354824166 4.2
8363.4 268.96732130237035 62.71103954145924 4.2
8367.6 269.81086372277895 62.97091443863333 4.2
8371.8 269.9551179644736 63.06784621998138 4.2
8376.0 269.6298172640278 63.05506823534563 4.2
8380.2 269.049684840995 62.98251517817849 4.2
8384.4 268.5723356956489 62.93380642903161 4.2
8388.6 268.4641395957164 62.971494424859856 4.2
8392.8 268.27704044159765 62.99063696743029 4.2
8397.0 267.68063159901675 62.913522236399054 4.2
8401.2 267.34902667298843 62.898458211354644 4.2
8405.4 268.14671653268357 63.14922135942749 4.2
8409.6 268.8949068460525 63.38872259662737 4.2
8413.8 268.0926366094912 63.26274030532985 4.2
8418.0 266.7936028471853 63.01907147841903 4.2
8422.2 266.5300336514268 63.019651908190326 4.2
8426.4 267.372731194131 63.28197138298613 4.2
8430.6 267.78872432397725 63.44362654116738 4.2
8434.8 266.88224116223404 63.29188058316552 4.2
8439.0 265.5065753292853 63.02835899630397 4.2
8443.2 265.37200213927196 63.059133676883 4.2
8447.4 265.7119802790505 63.202753612248095 4.2
8451.6 264.63993782575585 63.01036567333528 4.2
8455.8 263.53593946974325 62.80988525374723 4.2
8460.0 264.3385653670326 63.0637802167437 4.2
8464.2 265.5665803366245 63.41967323093424 4.2
8468.4 264.8588736112139 63.31345302994363 4.2
8472.6 263.6597572560789 63.08934230673726 4.2
8476.8 263.7772774906693 63.180055053134566 4.2
8481.0 263.9144248916587 63.27556037429908 4.2
8485.2 263.2358819731451 63.175399946142946 4.2
8489.4 262.0108407916291 62.94366111074206 4.2
8493.6 259.77517497637353 62.4683449779891 4.2
8497.8 256.60212208856694 61.766358811623725 4.2
8502.0 254.30509037937532 61.27396723401042 4.2
8506.2 254.2857804125247 61.329863769352635 4.2
8510.4 256.3547145056148 61.88993121293727 4.2
8514.6 258.9481149466311 62.57775808134678 4.2
8518.8 260.77647484641847 63.08178879283972 4.2
8523.0 261.1970561303443 63.24584509202344 4.2
8527.2 260.0616755398731 63.03300326851834 4.2
8531.4 258.4738701018801 62.70988437206062 4.2
8535.6 255.95590021918227 62.16014229972757 4.2
8539.8 250.06554394410117 60.789420036060385 4.2
8544.0 242.64468085430795 59.043487243683025 4.2
8548.2 239.4417651019265 58.321407972083556 4.2
8552.4 243.13822677454846 59.279973386964805 4.2
8556.6 250.4048833714241 61.11164863144517 4.2
8560.8 256.0663745184996 62.55470782955538 4.2
8565.0 258.33932477198397 63.171908840986816 4.2
8569.2 258.5596174125784 63.28780013636427 4.2
8573.4 257.9663634644466 63.2044999929945 4.2
8577.6 257.5310953114461 63.15969149211782 4.2
8581.8 257.70834188964733 63.265071033747816 4.2
8586.0 257.8597079400732 63.36420640692866 4.2
8590.2 256.8755115175251 63.18412855312965 4.2
8594.4 254.9236506964496 62.76535651293338 4.2
8598.6 253.7264610106125 62.531666068225434 4.2
8602.8 254.04438585775085 62.67119849123382 4.2
8607.0 254.80365229882202 62.919896563788726 4.2
8611.2 255.259493148314 63.09399107253406 4.2
8615.4 255.21979937652245 63.14573170091357 4.2
8619.6 254.46439845782672 63.020232343307605 4.2
8623.8 254.00361805219399 62.96743463345173 4.2
8628.0 254.56868657266844 63.16899973406076 4.2
8632.2 255.7209250221562 63.51671077812283 4.2
8636.4 256.1579017904149 63.687177181818605 4.2
8640.6 255.60035529745554 63.61038146437596 4.2
8644.8 254.34274512822648 63.35895417144273 4.2
8649.0 252.2025425247442 62.886872954248446 4.2
8653.2 249.87095202729273 62.36601574214964 4.2
8657.4 246.8074626061909 61.661203924637384 4.2
8661.6 241.82266733201075 60.474460129958935 4.2
8665.8 236.84047938371532 59.28597956726685 4.2
8670.0 235.96905851797905 59.12511520944038 4.2
8674.2 240.2339553991552 60.252073887447814 4.2
8678.4 246.31220251584952 61.83637183217432 4.2
8682.6 249.92498050719962 62.80410051592893 4.2
8686.8 250.57261731898964 63.027778486337795 4.2
8691.0 250.96996775493176 63.1887843032925 4.2
8695.2 251.52554762624243 63.38989027080389 4.2
8699.4 250.98435700369686 63.314619317590214 4.2
8703.6 250.0756508050645 63.14631329727399 4.2
8707.8 250.0577755167952 63.202753612248095 4.2
8712.0 250.3833935014046 63.34611720631025 4.2
8716.2 250.22741008987643 63.36770813913462 4.2
8720.4 249.7148917261998 63.29887624690844 4.2
8724.6 248.85948902559687 63.142823799461084 4.2
8728.8 247.8723985051714 62.95293751492516 4.2
8733.0 247.16919003000476 62.83476569844744 4.2
8737.2 246.8656705080682 62.817984781838746 4.2
8741.4 246.58307683154544 62.80641434712137 4.2
8745.6 246.18525325366912 62.76535651293338 4.2
8749.8 245.25225111655755 62.58755701014204 4.2
8754.0 243.59937526214443 62.225443407887624 4.2
8758.2 242.452986414818 61.99205026157947 4.2
8762.4 242.93109369233645 62.173884204119034 4.2
8766.6 244.17369340216106 62.551827145130794 4.2
8770.8 244.33340024597067 62.652730074746465 4.2
8775.0 244.02088869728746 62.63253647582191 4.2
8779.2 244.3809614105459 62.78501466086217 4.2
8783.4 245.1951821052877 63.05448747937992 4.2
8787.6 245.87631427293323 63.29013178803702 4.2
8791.8 245.96972452055923 63.37471218411191 4.2
8796.0 245.38432303935326 63.284302819915716 4.2
8800.2 244.7057475387252 63.16958154472817 4.2
8804.4 244.63000515964794 63.210321610665325 4.2
8808.6 243.93351654745308 63.09050446607425 4.2
8812.8 241.86967789164214 62.61638628297407 4.2
8817.0 240.5778133167227 62.341320906598064 4.2
8821.2 240.76087727746457 62.4482108082177 4.2
8825.4 241.11068562879427 62.59851056989089 4.2
8829.6 241.29215137478138 62.70526390724875 4.2
8833.8 241.53169536267143 62.8272426643089 4.2
8838.0 242.01665843493456 63.01326747472466 4.2
8842.2 242.55631548257202 63.213814838648204 4.2
8846.4 241.96698304200595 63.12014676346724 4.2
8850.6 239.92517924555395 62.64695981078851 4.2
8854.8 238.1089620801439 62.23174801990293 4.2
8859.0 237.73649271693702 62.193357102560064 4.2
8863.2 237.19861889712803 62.11149747792265 4.2
8867.4 234.3088301384286 61.412955737881724 4.2
8871.6 232.12897313744642 60.899257832204206 4.2
8875.8 233.88277574664838 61.41748097840059 4.2
8880.0 236.61557222115397 62.19392992718588 4.2
8884.2 237.81574321134966 62.568536961574615 4.2
8888.4 238.13875200353743 62.712772335456584 4.2
8892.6 238.51941713649356 62.87239438359907 4.2
8896.8 238.16261997147305 62.83765941297344 4.2
8901.0 237.07166652828312 62.60888939480392 4.2
8905.2 236.20109109889577 62.437858619377174 4.2
8909.4 235.87631777128635 62.410835993948396 4.2
8913.6 236.0103084529053 62.50517853497187 4.2
8917.8 235.48204481632948 62.42405837037381 4.2
8922.0 234.41684521585356 62.20023134629124 4.2
8926.2 233.58450380541657 62.03774452456179 4.2
8930.4 232.55593700645332 61.82270452602947 4.2
8934.6 231.46377224686512 61.590254689650564 4.2
8938.8 231.13771420028127 61.561330855666746 4.2
8943.0 230.85048601313133 61.54262267214408 4.2
8947.2 229.53185363188592 61.24857656191283 4.2
8951.4 229.2932795741567 61.24237155363281 4.2
8955.6 227.440540826231 60.80453897960318 4.2
8959.8 224.31825804233947 60.02608239062595 4.2
8964.0 222.02483653906398 59.46809136591674 4.2
8968.2 221.60047395107776 59.41006123336995 4.2
8972.4 221.73180957429435 59.500963729815304 4.2
8976.6 222.11889694571062 59.6606526554408 4.2
8980.8 222.84721194341762 59.91230107121796 4.2
8985.0 224.79419491913433 60.492286448385244 4.2
8989.2 225.93273959514747 60.855523118081315 4.2
8993.4 226.03798895263793 60.94077879430299 4.2
8997.6 227.41750493736336 61.36998257879323 4.2
9001.8 227.08399992761915 61.337207504956545 4.2
9006.0 225.10926473881116 60.860567827896766 4.2
9010.2 223.68269799074193 60.531299841830325 4.2
9014.4 222.47622363948952 60.260953615452465 4.2
9018.6 221.26412485785735 59.98849963675164 4.2
9022.8 220.78145594413036 59.91340470675362 4.2
9027.0 223.55190228995144 60.72171093111917 4.2
9031.2 227.85068295020417 61.94696020493396 4.2
9035.4 226.4448705062162 61.62202984714665 4.2
9039.6 222.28534326932086 60.54635458827088 4.2
9043.8 221.415161291368 60.36538849821649 4.2
9048.0 220.90018057447534 60.28093778854964 4.2
9052.2 221.45881578744442 60.48950073978831 4.2
9056.4 219.16644472149173 59.91892318938696 4.2
9060.6 219.49232498874466 60.0636886900688 4.2
9064.8 219.25262499271687 60.05373178914673 4.2
9069.0 218.22798916303694 59.82848422734296 4.2
9073.2 218.3354655407981 59.91340470675362 4.2
9077.4 217.71798598586818 59.79928619710852 4.2
9081.6 214.91786411528497 59.084831318812995 4.2
9085.8 214.11293724334138 58.91800053117531 4.2
9090.0 214.54059871945393 59.09027348350303 4.2
9094.2 215.38142833686362 59.376692208105624 4.2
9098.4 214.8024361013392 59.271784121689535 4.2
9102.6 213.2643862824414 58.90172313491703 4.2
9106.8 212.21772619143667 58.666745948846604 4.2
9111.0 212.85760016360766 58.897925722902414 4.2
9115.2 214.96158243906712 59.534950928897004 4.2
9119.4 216.3160400258768 59.965298515533384 4.2
9123.6 216.02538193798753 59.939898059438256 4.2
9127.8 213.91095342239822 59.407872526145454 4.2
9132.0 211.77439469119244 58.86863962941987 4.2
9136.2 209.91044942909312 58.40418930924805 4.2
9140.4 211.14016248648986 58.80036202902298 4.2
9144.6 211.27680844890355 58.89250127328047 4.2
9148.8 211.59284957763373 59.03478691493471 4.2
9153.0 210.39641233984523 58.75488762909286 4.2
9157.2 209.41889105147513 58.535589984724616 4.2
9161.4 210.44836875438696 58.87731547199568 4.2
9165.6 211.41093869431145 59.20085786192995 4.2
9169.8 212.0379162867398 59.43085797416203 4.2
9174.0 211.3487984430553 59.2919863561093 4.2
9178.2 209.75205314107913 58.897925722902414 4.2
9182.4 208.84536437504488 58.6970128328155 4.2
9186.6 210.59867815802772 59.243949081024915 4.2
9190.8 211.13810704493423 59.450019307506814 4.2
9195.0 210.95692558553483 59.45330472776312 4.2
9199.2 211.86203172612824 59.7629463059473 4.2
9203.4 215.26065581152977 60.777103676428766 4.2
9207.6 217.97584314716275 61.59989898722085 4.2
9211.8 219.96027506854932 62.21742027997864 4.2
9216.0 218.5708909480132 61.88081144761005 4.2
9220.2 215.13970629962142 60.96491884281054 4.2
9224.4 208.12344234819366 59.030437231334645 4.2
9228.6 203.72372554844776 57.83516780537261 4.2
9232.8 200.45200227214048 56.95816639669124 4.2
9237.0 210.43373689127884 59.84887620779743 4.2
9241.2 210.3839068992695 59.889129420517655 4.2
9245.4 215.9344046483717 61.52505349687576 4.2
9249.6 212.71952309321665 60.66413368075861 4.2
9253.8 211.4253395676832 60.34982290371134 4.2
9258.0 211.03325705535337 60.292598283237716 4.2
9262.2 211.27346042667443 60.416004412391615 4.2
9266.4 210.26315080252243 60.1816374429045 4.2
9270.6 207.95701209104303 59.575541709951395 4.2
9274.8 207.8759026403831 59.60627745264781 4.2
9279.0 207.17955946468294 59.46042376119749 4.2
9283.2 205.43282599445726 59.01249817384891 4.2
9287.4 203.38595239757822 58.477392602054806 4.2
9291.6 201.30021748321744 57.93006289295748 4.2
9295.8 200.11318866291558 57.64053458384623 4.2
9300.0 198.61102722876365 57.25955915005257 4.2
9304.2 197.08572994048708 56.87114865455986 4.2
9308.4 197.3872878343639 57.00960080764134 4.2
9312.6 199.3349062057678 57.62407937588316 4.2
9316.8 199.90870654756228 57.84209308051325 4.2
9321.0 198.3189611318347 57.43385931057445 4.2
9325.2 197.63913511075 57.28857239964748 4.2
9329.4 198.77686040899547 57.670272032957115 4.2
9333.6 198.91836687306335 57.76330048097235 4.2
9337.8 197.0389656621691 57.26905277751485 4.2
9342.0 194.58328403123184 56.60619980753156 4.2
9346.2 194.41739250584615 56.6088066793934 4.2
9350.4 197.77931795337406 57.63947281573942 4.2
9354.6 200.9679538925906 58.6213748835025 4.2
9358.8 202.5820315008453 59.14526745312981 4.2
9363.0 202.09669343469147 59.0565401410316 4.2
9367.2 197.6449256588808 57.80747499525745 4.2
9371.4 193.55495964275678 56.66201307849353 4.2
9375.6 193.96845832421965 56.833970824623044 4.2
9379.8 197.5741390717559 57.94233597159389 4.2
9384.0 200.25587060186635 58.78141008668914 4.2
9388.2 200.05830680262974 58.77599636805971 4.2
9392.4 200.70403095787054 59.01847725386336 4.2
9396.6 200.46002252793468 58.99945501082062 4.2
9400.8 197.14766069089978 58.07644175213065 4.2
9405.0 196.05397630383408 57.80587773776248 4.2
9409.2 196.39383689369157 57.95781442910026 4.2
9413.4 196.897511782521 58.158339723963415 4.2
9417.6 196.91589508595416 58.215683392762045 4.2
9421.8 196.6823970491778 58.19852796071453 4.2
9426.0 195.02145123228658 57.75851250249406 4.2
9430.2 194.51067797960837 57.65858763442215 4.2
9434.4 195.08176834409937 57.87939728023167 4.2
9438.6 195.60055910269924 58.08500084351064 4.2
9442.8 195.9186014746784 58.231234871080304 4.2
9447.0 195.9103696248199 58.28059809552027 4.2
9451.2 197.32919658906718 58.75488762909286 4.2
9455.4 197.35377721468203 58.81444457017604 4.2
9459.6 196.51681169874666 58.617055660104384 4.2
9463.8 194.09669806364664 57.94660547797647 4.2
9468.0 194.14435000111854 58.01228875538223 4.2
9472.2 194.60569077599575 58.20174421909266 4.2
9476.4 195.60073689837526 58.55122692146519 4.2
9480.6 198.22462630961044 59.389271770016606 4.2
9484.8 198.61904960999993 59.56017978240115 4.2
9489.0 194.952299189113 58.512411868383765 4.2
9493.2 190.97301015948176 57.368830948575386 4.2
9497.4 191.81554308743003 57.672927908283704 4.2
9501.6 195.94571371720093 58.966859714318055 4.2
9505.8 198.62408498946633 59.825729087264634 4.2
9510.0 199.8942127725505 60.26150864190248 4.2
9514.2 200.13760646979165 60.38818821957072 4.2
9518.4 199.75301888105815 60.32537079266128 4.2
9522.6 200.23047179063715 60.52293771135892 4.2
9526.8 202.06316848613716 61.130788837057175 4.2
9531.0 204.68985371599814 61.98006109552326 4.2
9535.2 206.8338620066483 62.684476028128124 4.2
9539.4 203.16604917502013 61.62713809768694 4.2
9543.6 196.7364351405998 59.729379074677844 4.2
9547.8 191.70022755256244 58.25161895876638 4.2
9552.0 188.77854181931676 57.41429018562635 4.2
9556.2 187.49547623773861 57.07422197731513 4.2
9560.4 189.1407593553623 57.625671610034374 4.2
9564.6 192.71327431203588 58.76571167626554 4.2
9568.8 197.8255127087754 60.37762142458256 4.2
9573.0 197.03398313259513 60.18884368805911 4.2
9577.2 195.64472415331247 59.8169134915911 4.2
9581.4 194.04002064790362 59.378332869408524 4.2
9585.6 192.459188481564 58.94622534122294 4.2
9589.8 191.54294260300853 58.71701916180546 4.2
9594.0 192.66278171881495 59.11204715537374 4.2
9598.2 192.4268472369245 59.091361976591465 4.2
9602.4 191.28180819820608 58.79115603683886 4.2
9606.6 191.23256000049776 58.82744683246485 4.2
9610.8 191.0373016928025 58.81877833826188 4.2
9615.0 190.4016368287274 58.674311206368266 4.2
9619.2 191.1768694000155 58.96468733494064 4.2
9623.4 191.88816031636765 59.23576479234814 4.2
9627.6 191.96284518423593 59.310556642387205 4.2
9631.8 191.38255251067872 59.182867014458225 4.2
9636.0 190.01315630234774 58.81065278503705 4.2
9640.2 190.1941551785702 58.91800053117531 4.2
9644.4 190.830077190907 59.16651644299554 4.2
9648.6 190.358664861385 59.07177216844251 4.2
9652.8 188.4493478115125 58.53019890592064 4.2
9657.0 187.19782216624233 58.19209597714616 4.2
9661.2 187.28849911777294 58.27093678177814 4.2
9665.4 186.96899384272575 58.222117983452485 4.2
9669.6 186.06652060777918 57.99145429342661 4.2
9673.8 188.42002018534453 58.77599636805971 4.2
9678.0 191.81475842043756 59.88692306409401 4.2
9682.2 190.15211309929396 59.4193641387088 4.2
9686.4 188.20556298412512 58.8621335864651 4.2
9690.6 188.52108026167454 59.011954651156984 4.2
9694.8 190.92532843564865 59.81636255999491 4.2
9699.0 190.54578049261988 59.749186963182765 4.2
9703.2 188.11494010640124 59.038049387966964 4.2
9707.4 186.09872767178527 58.455852702497204 4.2
9711.6 185.17386093282562 58.215683392762045 4.2
9715.8 184.97972190315807 58.20496065521223 4.2
9720.0 185.71916605715018 58.48816552804618 4.2
9724.2 186.829516426091 58.888704455802085 4.2
9728.4 184.76445128843122 58.288113558087325 4.2
9732.6 184.00071277308166 58.09730674734323 4.2
9736.8 187.67255037858453 59.307825353206404 4.2
9741.0 190.42421240597227 60.22932555642232 4.2
9745.2 190.1795176833787 60.20381326219037 4.2
9749.4 187.30849595806197 59.346074850138706 4.2
9753.6 185.6433397107393 58.8691818321251 4.2
9757.8 185.6818395188822 58.932111246458916 4.2
9762.0 186.230859686048 59.157253124384226 4.2
9766.2 188.53067697240044 59.93934599511754 4.2
9770.4 188.2420165274876 59.89905903038841 4.2
9774.6 189.25321527942185 60.272610244484454 4.2
9778.8 189.25097561074355 60.32370396409504 4.2
9783.0 184.92564735095561 58.99565129800174 4.2
9787.2 181.81777066337932 58.0539801374349 4.2
9791.4 184.17542008570885 58.85725452611966 4.2
9795.6 188.118353796173 60.16889004574801 4.2
9799.8 188.2724741378922 60.26983465211814 4.2
9804.0 185.75933580989175 59.51631038419625 4.2
9808.2 185.40038373859997 59.45220956750472 4.2
9812.4 186.00078071573532 59.69583069721471 4.2
9816.6 187.16087403665426 60.11958859502431 4.2
9820.8 187.86744163289043 60.39820057332547 4.2
9825.0 187.84175475677802 60.44160662589502 4.2
9829.2 187.5568416075031 60.40153839346277 4.2
9833.4 188.2252330290267 60.668603743996 4.2
9837.6 189.33501337268447 61.078448966787526 4.2
9841.8 188.3910142077847 60.82582386317152 4.2
9846.0 184.59910532317838 59.652410801014305 4.2
9850.2 182.01163778945994 58.86647086853745 4.2
9854.4 184.08096452392516 59.58651694111645 4.2
9858.6 189.01956643090608 61.23729519624815 4.2
9862.8 191.33076225750793 62.03888731257335 4.2
9867.0 191.56625022641398 62.16815804146464 4.2
9871.2 194.1893250629645 63.073074323636774 4.2
9875.4 196.26545411068463 63.8016631733406 4.2
9879.6 194.64109170335314 63.32744989973849 4.2
9883.8 193.5411677558491 63.023134599084905 4.2
9888.0 191.73453265691043 62.48791010172404 4.2
9892.2 187.62879009609233 61.20177247437054 4.2
9896.4 184.34644778405 60.18219173882219 4.2
9900.6 185.1971185835672 60.51123266938387 4.2
9904.8 185.17648390544676 60.55583542356465 4.2
9909.0 183.72725984142195 60.13287938889851 4.2
9913.2 184.34082139095815 60.384851137170905 4.2
9917.4 187.0223865444609 61.31517893577552 4.2
9921.6 190.2032032548716 62.410835993948396 4.2
9925.8 193.586119557781 63.5746532327921 4.2
9930.0 194.451258256812 63.912822917623735 4.2
9934.2 189.92207930627814 62.476975894974004 4.2
9938.4 183.19613644996724 60.315370512072974 4.2
9942.6 180.99614262746317 59.64142343286958 4.2
9946.8 184.9108876301017 60.982889735874494 4.2
9951.0 189.13495577965014 62.428658114432615 4.2
9955.2 189.3901010916249 62.565655640309636 4.2
9959.4 188.78300903676066 62.4177342756633 4.2
9963.6 188.79073913510425 62.47294798532598 4.2
9967.8 187.1158702597148 61.9709280491438 4.2
9972.0 185.93995223352496 61.63338209008092 4.2
9976.2 187.6942466016767 62.26729505438106 4.2
9980.4 188.22502333661498 62.49596811012836 4.2
9984.6 186.20867625916307 61.87853171626049 4.2
9988.8 182.516704896535 60.702698808840445 4.2
9993.0 184.10326045627252 61.28186870074379 4.2
9997.2 185.11111369116009 61.66915532673478 4.2
10001.4 183.87371927341866 61.30840250624671 4.2
10005.6 185.39711897965134 61.86827396448169 4.2
10009.8 186.99347583762588 62.45338754626726 4.2
10014.0 186.98814816129104 62.50402715763768 4.2
10018.2 191.77229235021144 64.15699290696915 4.2
10022.4 198.48413149754194 66.45811210687637 4.2
10026.6 201.421523034819 67.49817023849754 4.2
10030.8 199.43533736385737 66.88858365513435 4.2
10035.0 198.4131724160197 66.60149839476465 4.2
10039.2 196.65411665475222 66.0663022650479 4.2
10043.4 191.27038640113412 64.31140534919535 4.2
10047.6 191.16860904354974 64.3309552078402 4.2
10051.8 189.500158242974 63.822821542139074 4.2
10056.0 189.60541021224043 63.91164561076059 4.2
10060.2 192.86615626759465 65.06508477856872 4.2
10064.4 196.5212313246387 66.35352507567983 4.2
10068.6 200.46339406344723 67.74106185237902 4.2
10072.8 194.31075215129366 65.71673828719443 4.2
10077.0 177.98308804260003 60.24486007191537 4.2
10081.2 173.63480881950167 58.822028873889685 4.2
10085.4 180.03253617748854 61.040207318771834 4.2
10089.6 188.01017626522773 63.79813746055582 4.2
10093.8 195.16766404571814 66.28206037767875 4.2
10098.0 197.55795501853183 67.14968813429833 4.2
10102.2 189.17569151213922 64.3540672483149 4.2
10106.4 182.26542326313123 62.05488855527738 4.2
10110.6 178.9597633365352 60.98008143468195 4.2
10114.8 174.76829724298435 59.60133671049475 4.2
10119.0 174.80830545756393 59.664499243863276 4.2
10123.2 187.381029408915 64.00884637196961 4.2
10127.4 202.38267298519523 69.1907439129306 4.2
10131.6 203.67287042209787 69.6896045266251 4.2
10135.8 194.40041594956162 66.5720606238732 4.2
10140.0 185.22574264698957 63.48278922888803 4.2
10144.2 178.96233956600685 61.38694207457181 4.2
10148.4 175.49231437486807 60.24652472191425 4.2
10152.6 175.3455315833766 60.24596983347062 4.2
10156.8 176.75652435521255 60.781022247428545 4.2
10161.0 174.73678949439613 60.13620254644018 4.2
10165.2 189.01549115884495 65.10404909334386 4.2
