3000.0 59.04277285492383 1.7712831856477151 4.2
3004.2 37.26418018475731 1.1210577878120336 4.2
3008.4 25.43958924030729 0.7674675115929797 4.2
3012.6 25.108820455045926 0.759605323993834 4.2
3016.8 38.84080442496103 1.1783111844644212 4.2
3021.0 69.17478279797395 2.1043985796450806 4.2
3025.2 89.98975538017294 2.7452379884309837 4.2
3029.4 73.85841994833802 2.2593941502593182 4.2
3033.6 48.69906504109331 1.4938809872619767 4.2
3037.8 44.430673771941336 1.3667214169428687 4.2
3042.0 55.78415196490056 1.7207112574110872 4.2
3046.2 77.45053590772524 2.395631417483372 4.2
3050.4 93.64135086720802 2.904423887736449 4.2
3054.6 89.67937231491447 2.7892022058738886 4.2
3058.8 80.4672374545996 2.5095739637028145 4.2
3063.0 79.80815319451139 2.495858730727189 4.2
3067.2 89.99224034441434 2.8220714165507794 4.2
3071.4 111.61035637523034 3.5095868972686945 4.2
3075.6 129.8403119545043 4.094001524061447 4.2
3079.8 133.07002100441636 4.207305034377397 4.2
3084.0 129.59746780230714 4.1086959124198 4.2
3088.2 127.08854787848801 4.0401361425296205 4.2
3092.4 130.44334454795455 4.158071950394416 4.2
3096.6 142.5722606196494 4.557052164787671 4.2
3100.8 156.58629342076912 5.0185701600139545 4.2
3105.0 167.40254093812297 5.379773607493222 4.2
3109.2 177.41728812912638 5.71705012545019 4.2
3113.4 187.86220373516747 6.069990341061933 4.2
3117.6 197.37333033516103 6.3945207356329155 4.2
3121.8 205.45612940197464 6.67433498324628 4.2
3126.0 213.14704070226674 6.942821505031678 4.2
3130.2 220.6526159042384 7.206626262178166 4.2
3134.4 225.88761365191283 7.397415279336845 4.2
3138.6 229.28165817296727 7.5287001399186035 4.2
3142.8 236.4154015693527 7.783734250770446 4.2
3147.0 248.70228124393847 8.210167169493333 4.2
3151.2 260.29949114634303 8.61596646627974 4.2
3155.4 268.7994726331408 8.921050544846471 4.2
3159.6 277.072258260276 9.22010782582164 4.2
3163.8 285.742744214695 9.533930901668484 4.2
3168.0 292.90238559563886 9.798779839907354 4.2
3172.2 297.2488158135508 9.970570301320087 4.2
3176.4 297.6479392080217 10.010413102494612 4.2
3180.6 296.0241518664118 9.98214789355373 4.2
3184.8 297.4575013724791 10.056989576339294 4.2
3189.0 305.29255690101854 10.34913375686661 4.2
3193.2 321.6510796761892 10.932412246808646 4.2
3197.4 341.4816045956003 11.63697228524708 4.2
3201.6 352.76631798020844 12.053134420984087 4.2
3205.8 353.56104234478244 12.112003844319586 4.2
3210.0 350.39926773684687 12.035163648957479 4.2
3214.2 348.14443798696215 11.98902870451741 4.2
3218.4 350.9305811474444 12.116578490811024 4.2
3222.6 358.00117265229164 12.392987167502794 4.2
3226.8 364.63399709155317 12.655520160402398 4.2
3231.0 369.71522784932574 12.865302435721219 4.2
3235.2 374.4303008830379 13.063272911150817 4.2
3239.4 378.26146392868355 13.231223331133737 4.2
3243.6 379.9431956768878 13.324533099567544 4.2
3247.8 380.8927442917543 13.392448962863883 4.2
3252.0 383.83818838712216 13.530940988802547 4.2
3256.2 388.6468130532376 13.735864563414536 4.2
3260.4 394.1481439360835 13.966256053060697 4.2
3264.6 398.1853726272741 14.145685558106466 4.2
3268.8 398.0710149726054 14.178033559657763 4.2
3273.0 396.9037882966643 14.172811141126253 4.2
3277.2 399.6127739406872 14.30619037565298 4.2
3281.4 406.4535370213855 14.588411328746036 4.2
3285.6 416.3435826695513 14.981662180599338 4.2
3289.8 425.11875205292904 15.336561482743862 4.2
3294.0 427.86825416908636 15.475190360978017 4.2
3298.2 425.605547443403 15.43263198905668 4.2
3302.4 420.82923584620744 15.298329124791335 4.2
3306.6 416.8059710305249 15.190637495628678 4.2
3310.8 416.94172769408084 15.234212176738978 4.2
3315.0 420.94580828516814 15.419560666841925 4.2
3319.2 427.39202201996125 15.69538596874248 4.2
3323.4 434.8145053509921 16.00840267503087 4.2
3327.6 441.91935544860496 16.311128157040102 4.2
3331.8 443.1465851402528 16.397740150064493 4.2
3336.0 433.22865139691845 16.07118868538853 4.2
3340.2 420.85870192747785 15.651645397607648 4.2
3344.4 414.931900466577 15.470060067816846 4.2
3348.6 415.3007437912586 15.522726300700317 4.2
3352.8 421.3140663247593 15.787014214387147 4.2
3357.0 426.2521398439547 16.012089170374384 4.2
3361.2 423.92452769079244 15.96452495220196 4.2
3365.4 417.4109847411863 15.758540782842335 4.2
3369.6 410.06863794423947 15.520010116106725 4.2
3373.8 405.67158316539934 15.39189173778939 4.2
3378.0 407.2470661127219 15.490163435842 4.2
3382.2 411.9596536179391 15.708401748820373 4.2
3386.4 417.000661384559 15.940135176276625 4.2
3390.6 421.743248953383 16.161437982204948 4.2
3394.8 425.39939479803155 16.341954613549408 4.2
3399.0 426.7985404332105 16.436297747105026 4.2
3403.2 425.79279627270313 16.43811445425858 4.2
3407.4 425.57393067726036 16.470242744164178 4.2
3411.6 427.83572221882827 16.598620667310193 4.2
3415.8 429.6555106666397 16.71029050191354 4.2
3420.0 429.0432192383749 16.72753703166576 4.2
3424.2 426.130881893789 16.654822173021053 4.2
3428.4 421.67929960482047 16.521291731424327 4.2
3432.6 418.1295474774721 16.422376327607534 4.2
3436.8 417.0697919395593 16.420863840504325 4.2
3441.0 418.8127644231313 16.529815265698538 4.2
3445.2 421.825060652397 16.68937219085248 4.2
3449.4 420.58534570860064 16.680920017920368 4.2
3453.6 414.6151655561012 16.48420474052151 4.2
3457.8 412.0192571710769 16.420863840504325 4.2
3462.0 416.12434794762123 16.62478356454243 4.2
3466.2 423.76200900395827 16.971022138792392 4.2
3470.4 431.1279562806347 17.307884963222012 4.2
3474.6 432.963837357539 17.423684560989972 4.2
3478.8 428.65345832640526 17.291951150977123 4.2
3483.0 423.2006302539932 17.11323050197778 4.2
3487.2 420.89672130488464 17.06113816491579 4.2
3491.4 425.75331638670417 17.299597549353088 4.2
3495.6 435.2129337819858 17.726541020637463 4.2
3499.8 439.7671662575282 17.95510710070882 4.2
3504.0 436.88291345196785 17.88018467163292 4.2
3508.2 430.11893944087996 17.645582521573914 4.2
3512.4 423.3205169020529 17.408285475599754 4.2
3516.6 421.0477114923617 17.356254112547408 4.2
3520.8 423.5128028139913 17.49959509046707 4.2
3525.0 427.0660144974043 17.68854048796436 4.2
3529.2 431.3687834286565 17.909357262044537 4.2
3533.4 438.42937591050094 18.24584579088701 4.2
3537.6 445.52061486141497 18.585061390361076 4.2
3541.8 446.89879897437373 18.686845718245003 4.2
3546.0 444.90961576365305 18.647817060425343 4.2
3550.2 446.6256028313425 18.764111286343464 4.2
3554.4 448.7749986183373 18.899051131094687 4.2
3558.6 443.20321885542774 18.708544444929693 4.2
3562.8 433.0463350436784 18.322975462094206 4.2
3567.0 425.83272733068327 18.060260073439828 4.2
3571.2 423.6906780726405 18.011753716041 4.2
3575.4 426.8900016036345 18.190473334841464 4.2
3579.6 432.6176719390867 18.47787394282168 4.2
3583.8 436.76288342606205 18.69872523510025 4.2
3588.0 438.37763158939316 18.8118713480272 4.2
3592.2 437.5142852003909 18.818803174364408 4.2
3596.4 435.76593446670853 18.787457017312256 4.2
3600.6 435.3910530898201 18.815163647113984 4.2
3604.8 436.197232637121 18.89400387107089 4.2
3609.0 437.4208605014355 18.991182183162664 4.2
3613.2 439.69269624934446 19.134274497661455 4.2
3617.4 443.5679781449439 19.34781829233845 4.2
3621.6 448.61758355844097 19.613540655107297 4.2
3625.8 454.3992076966692 19.91241798286393 4.2
3630.0 458.538709788892 20.140395750057504 4.2
3634.2 458.5256198419738 20.186452305626197 4.2
3638.4 457.4634160638578 20.186266382385746 4.2
3642.6 458.92983091768 20.297754713107196 4.2
3646.8 460.30888990343726 20.40572361211144 4.2
3651.0 458.9882721787385 20.394074431588066 4.2
3655.2 457.92142612501635 20.39351093027199 4.2
3659.4 459.73703145497944 20.521447930071677 4.2
3663.6 460.76252973354894 20.614461763215502 4.2
3667.8 457.97098337570856 20.536574263763637 4.2
3672.0 456.88185416748286 20.534682862476686 4.2
3676.2 461.5970166739874 20.794093862347967 4.2
3680.4 465.0409644772036 20.99713304114019 4.2
3684.6 462.096372402636 20.911828087895874 4.2
3688.8 457.78234162062597 20.763855601765954 4.2
3693.0 456.2455477227753 20.741301283281974 4.2
3697.2 459.04933859511436 20.916258473394127 4.2
3701.4 466.4587170532122 21.302177543420772 4.2
3705.6 472.58091550438854 21.630771021770304 4.2
3709.8 473.52210867374964 21.7230098937599 4.2
3714.0 473.11362567501203 21.753442791271596 4.2
3718.2 473.65242119419935 21.827500156210064 4.2
3722.4 472.3100379332773 21.814838391596734 4.2
3726.6 468.69648384549976 21.696815702030495 4.2
3730.8 468.1718731029072 21.72140934220705 4.2
3735.0 473.0293001380652 21.996217228395132 4.2
3739.2 479.0533313667855 22.326466764284273 4.2
3743.4 483.7364161050237 22.59539823479328 4.2
3747.6 487.4283600715864 22.818968035375832 4.2
3751.8 491.2492457616854 23.04941991663014 4.2
3756.0 498.7169024617395 23.452222184291596 4.2
3760.2 509.2597641222379 24.00158929436727 4.2
3764.4 514.8843899036556 24.320920045189467 4.2
3768.6 514.5613559218035 24.359927981493822 4.2
3772.8 517.26570796392 24.542567832366945 4.2
3777.0 525.9437336304403 25.00990257740016 4.2
3781.2 536.8809030141978 25.586801504295693 4.2
3785.4 544.7154570367084 26.01788561348032 4.2
3789.6 541.0264669743399 25.899059895274945 4.2
3793.8 528.3970573113841 25.350585832729188 4.2
3798.0 521.1267108496144 25.05716887723454 4.2
3802.2 525.9195797484754 25.34358217464048 4.2
3806.4 542.5557935291203 26.203059318143524 4.2
3810.6 564.9714845156046 27.345886064646358 4.2
3814.8 581.7571194199993 28.220454244321964 4.2
3819.0 586.497193091812 28.513071294716433 4.2
3823.2 577.4457904294067 28.134810866637956 4.2
3827.4 558.4310392406511 27.268170446444984 4.2
3831.6 537.2308275622338 26.290569875870574 4.2
3835.8 523.7805231434472 25.6885741899931 4.2
3840.0 528.7359084517268 25.988427372219277 4.2
3844.2 550.9006768629581 27.137135302904213 4.2
3848.4 581.7559620174181 28.719706676154633 4.2
3852.6 611.6252610338662 30.260214346623812 4.2
3856.8 629.8759375095862 31.23115171095731 4.2
3861.0 636.4285466817338 31.624815463160303 4.2
3865.2 636.9088931635365 31.717576790676848 4.2
3869.4 631.8558344950866 31.534358455407226 4.2
3873.6 620.9658409981535 31.05817981318706 4.2
3877.8 602.7572490372148 30.212871251651237 4.2
3882.0 575.1408204508589 28.89109484497363 4.2
3886.2 548.311001550809 27.602981859093372 4.2
3890.4 535.6840822651179 27.025640786058176 4.2
3894.6 539.5249531370379 27.278218262452825 4.2
3898.8 558.2225032580809 28.284467052551072 4.2
3903.0 584.3057393006062 29.669894359378365 4.2
3907.2 608.1657665315306 30.94795808568776 4.2
3911.4 624.822689446556 31.86397847328142 4.2
3915.6 631.0628508376291 32.25135754795213 4.2
3919.8 626.2697537498934 32.07509859366425 4.2
3924.0 611.7461675883327 31.398434857945357 4.2
3928.2 593.2395162757379 30.51377924782302 4.2
3932.4 576.6627249686921 29.72459869363353 4.2
3936.6 570.6511258576645 29.477591763756923 4.2
3940.8 582.67779185071 30.16310181095765 4.2
3945.0 600.0110376515815 31.126622597491682 4.2
3949.2 608.7836750782163 31.64900055734309 4.2
3953.4 604.387869090853 31.48734190792527 4.2
3957.6 584.0868920498932 30.494393490220062 4.2
3961.8 554.753638572217 29.024450079691174 4.2
3966.0 524.8846049935003 27.51997277980382 4.2
3970.2 508.6329425874706 26.724402247616705 4.2
3974.4 517.1661679492453 27.23027328670582 4.2
3978.6 543.4113412775513 28.672660998239852 4.2
3982.8 578.4905352541829 30.588064690186332 4.2
3987.0 611.4047147488976 32.39664224348423 4.2
3991.2 632.7938837610517 33.60067484772802 4.2
3995.4 644.443316755224 34.29130396815858 4.2
3999.6 649.3698719441829 34.626133571386276 4.2
4003.8 651.9593292213336 34.83726081814128 4.2
4008.0 656.0332160785144 35.12853189737028 4.2
4012.2 661.1075357221417 35.47447688762122 4.2
4016.4 665.9771643193574 35.81063318095511 4.2
4020.6 666.8613051702506 35.93320871693175 4.2
4024.8 662.1930923136806 35.75625287257806 4.2
4029.0 657.4015442942942 35.57164913894578 4.2
4033.2 655.7370728296772 35.55559903816518 4.2
4037.4 655.1152321095788 35.595901800608374 4.2
4041.6 654.338685138929 35.627717496640166 4.2
4045.8 653.8113184557558 35.673030077161094 4.2
4050.0 653.5325278178857 35.731890958442904 4.2
4054.2 653.4779170979671 35.80304793763178 4.2
4058.4 652.8111388040168 35.840660121570224 4.2
4062.6 648.8153653511258 35.6950504409566 4.2
4066.8 641.7584932017853 35.37985103471434 4.2
4071.0 636.7765328610623 35.17774528981411 4.2
4075.2 634.809473806774 35.14147611105765 4.2
4079.4 631.3943213484474 35.02450450533143 4.2
4083.6 623.0556869929954 34.63315048874336 4.2
4087.8 607.2702086039958 33.82517093687425 4.2
4092.0 585.3801675752757 32.672923807593904 4.2
4096.2 562.9721982675694 31.486761894994558 4.2
4100.4 546.1309697706233 30.607509996019928 4.2
4104.6 540.9729789780947 30.38057574792354 4.2
4108.8 549.4184642427298 30.918043224219716 4.2
4113.0 569.5184994981734 32.114709657457375 4.2
4117.2 594.5348632262517 33.5938671171222 4.2
4121.4 613.5863946145453 34.74113477340914 4.2
4125.6 623.9747531757147 35.40136436388217 4.2
4129.8 629.6616090535468 35.796783078912505 4.2
4134.0 632.6278548235177 36.038607344361026 4.2
4138.2 633.873071087259 36.18295232901483 4.2
4142.4 634.3970992711183 36.28640971983755 4.2
4146.6 634.8410013766545 36.3854709063752 4.2
4150.8 635.520608919624 36.498246502315475 4.2
4155.0 636.5128834317994 36.62924777462891 4.2
4159.2 637.584346246097 36.765121030139404 4.2
4163.4 638.1649959348833 36.872959807476924 4.2
4167.6 638.8769153865074 36.98860904519032 4.2
4171.8 641.02991194496 37.18810084598249 4.2
4176.0 642.8716507429979 37.37007762795841 4.2
4180.2 641.4504776777591 37.36250619011191 4.2
4184.4 638.379405356768 37.25838276409173 4.2
4188.6 636.7712954701625 37.23917062545668 4.2
4192.8 636.5623690366843 37.30164632373661 4.2
4197.0 636.8297099489612 37.3921123542545 4.2
4201.2 636.7230046370913 37.460709621887204 4.2
4205.4 635.3289335071336 37.453464778938056 4.2
4209.6 633.0872879871156 37.3959008810682 4.2
4213.8 630.6747113760367 37.32776608969344 4.2
4218.0 629.0716360644633 37.307143702533885 4.2
4222.2 629.3665425867846 37.399000870331044 4.2
4226.4 629.4656844410497 37.47934565375064 4.2
4230.6 626.8524456586874 37.39796751202458 4.2
4234.8 623.2000017793116 37.25392192012447 4.2
4239.0 620.5980713529926 37.17200612169519 4.2
4243.2 619.1761934870592 37.16036747194547 4.2
4247.4 618.7894908528613 37.21071371266306 4.2
4251.6 620.2638320817924 37.37317547656366 4.2
4255.8 624.3251558528718 37.69224453358096 4.2
4260.0 626.8361817301408 37.91857430521968 4.2
4264.2 624.0136978429175 37.82230565579789 4.2
4268.4 620.3589214603178 37.67489060969943 4.2
4272.6 619.950168551176 37.7241966419413 4.2
4276.8 619.2633415459632 37.756523585268546 4.2
4281.0 615.492547884739 37.60035973624748 4.2
4285.2 611.6106824554116 37.436565593805064 4.2
4289.4 609.7729570242179 37.3972786223497 4.2
4293.6 607.6732096975378 37.34152068046798 4.2
4297.8 603.7440331792504 37.172690861659035 4.2
4302.0 599.7640667485872 36.99985311728573 4.2
4306.2 596.8935163737241 36.894701415433246 4.2
4310.4 594.1801056215487 36.7986596270315 4.2
4314.6 590.8159026432988 36.661649409761 4.2
4318.8 587.5692636437143 36.53120517932913 4.2
4323.0 583.5133326464007 36.34963045460793 4.2
4327.2 572.1097087624632 35.70853229246197 4.2
4331.4 550.7984003928544 34.44514362832271 4.2
4335.6 524.9897684322052 32.894856789491996 4.2
4339.8 502.61775240066794 31.55411470934855 4.2
4344.0 498.34903491446823 31.346712447039156 4.2
4348.2 517.185370165122 32.594475732444444 4.2
4352.4 544.6125581553625 34.38935259625821 4.2
4356.6 569.258967085533 36.01504817162219 4.2
4360.8 585.8371612186589 37.13539091624889 4.2
4365.0 592.6042456837686 37.636740096560416 4.2
4369.2 594.5842552079681 37.835197035675186 4.2
4373.4 596.039241665952 38.00073528829832 4.2
4377.6 599.6434626145467 38.3039886465695 4.2
4381.8 604.9119341428691 38.71470906887564 4.2
4386.0 606.2112616445627 38.87227871803802 4.2
4390.2 602.7714082505126 38.725764492161495 4.2
4394.4 599.8712978842055 38.613218271474615 4.2
4398.6 599.5540140322418 38.66660127112397 4.2
4402.8 600.6470371078067 38.81110430158082 4.2
4407.0 602.147868965575 38.98234852382463 4.2
4411.2 602.7923848699512 39.098491342705984 4.2
4415.4 602.6888377748645 39.1662507476713 4.2
4419.6 603.4528252495751 39.290540208560564 4.2
4423.8 604.7700648535939 39.4511802130135 4.2
4428.0 604.6137649206484 39.515911125773 4.2
4432.2 603.4406408282895 39.514091392716075 4.2
4436.4 603.5925371240871 39.59898005393966 4.2
4440.6 604.4521762406325 39.7304972011171 4.2
4444.8 603.4493260642902 39.73964653949209 4.2
4449.0 600.8809605512935 39.645326605496805 4.2
4453.2 598.8152526993359 39.58366477281221 4.2
4457.4 596.9061276641277 39.531928390721326 4.2
4461.6 593.526332560947 39.38220241338352 4.2
4465.8 590.2319517127385 39.237379954485924 4.2
4470.0 590.0301557014271 39.29777846018215 4.2
4474.2 592.2955473181493 39.52282687571121 4.2
4478.4 594.8938681558668 39.770770052899756 4.2
4482.6 596.9380755376126 39.982320853264056 4.2
4486.8 597.9100210536044 40.1225013189213 4.2
4491.0 598.0247312936724 40.20536415155105 4.2
4495.2 597.8651193468629 40.26984889476846 4.2
4499.4 597.5084434928385 40.32106550079385 4.2
4503.6 596.9275643615782 40.35710455862836 4.2
4507.8 596.2659043837233 40.387595690252525 4.2
4512.0 595.6773307204861 40.42294958781093 4.2
4516.2 595.1451816823648 40.46206095486219 4.2
4520.4 594.630966605464 40.50232926950823 4.2
4524.6 594.0033200433464 40.53479677661507 4.2
4528.8 593.131475184194 40.55048005939483 4.2
4533.0 592.1364785467372 40.55757687108315 4.2
4537.2 591.1659449677705 40.566169410179484 4.2
4541.4 590.2958683467986 40.58149106025066 4.2
4545.6 589.6181203719328 40.60990747489021 4.2
4549.8 588.866220025556 40.63310402371092 4.2
4554.0 587.7697109313875 40.632355541167755 4.2
4558.2 586.7627038122533 40.6375952085195 4.2
4562.4 586.2495705222613 40.67691425669603 4.2
4566.6 586.0508633512676 40.73802778041122 4.2
4570.8 586.0043195565862 40.80975617378236 4.2
4575.0 585.8832175026793 40.87633973114004 4.2
4579.2 585.4988286518346 40.92455822878411 4.2
4583.4 585.1803493846021 40.97736234105746 4.2
4587.6 585.2024916618258 41.05404934683524 4.2
4591.8 585.0477686372346 41.11838039769953 4.2
4596.0 584.4417260333032 41.150962728047624 4.2
4600.2 584.4829238872439 41.229113804711176 4.2
4604.4 585.9319286033772 41.406831591198205 4.2
4608.6 588.2192373392622 41.644341576172884 4.2
4612.8 590.6796442322682 41.894788279375 4.2
4617.0 592.5616017953398 42.104837929377005 4.2
4621.2 593.1106541064528 42.220561035072805 4.2
4625.4 591.5434673156595 42.1855776200835 4.2
4629.6 587.6764885101634 41.98595152286106 4.2
4633.8 582.589541846934 41.69807441003345 4.2
4638.0 577.4731099689752 41.406831591198205 4.2
4642.2 573.4526450167166 41.19305483621121 4.2
4646.4 571.5208323265128 41.128606954745734 4.2
4650.6 572.6368343341508 41.28345156691674 4.2
4654.8 576.1919725312224 41.614818037244 4.2
4659.0 578.4313644817636 41.85197912218192 4.2
4663.2 577.7729031457027 41.8797422366959 4.2
4667.4 576.6379366756349 41.8727997319449 4.2
4671.6 576.3283126143689 41.925668875599 4.2
4675.8 576.5558744619658 42.017673302415126 4.2
4680.0 576.9704202185518 42.12345643931603 4.2
4684.2 576.865272718219 42.19140617562675 4.2
4688.4 575.9276644313477 42.19840150528467 4.2
4692.6 574.5001973036517 42.16926194781343 4.2
4696.8 572.6656318259846 42.10987962975582 4.2
4701.0 570.075992911432 41.994459892742974 4.2
4705.2 567.4048948576692 41.872414070983034 4.2
4709.4 566.3567693836525 41.86971454370588 4.2
4713.6 567.1054283617749 41.9998752076447 4.2
4717.8 568.3792342953884 42.16926194781343 4.2
4722.0 569.3315997521797 42.315161232828935 4.2
4726.2 569.4729016449111 42.40099030843934 4.2
4730.4 568.6977666668773 42.418567690673626 4.2
4734.6 567.255437010989 42.38615285808392 4.2
4738.8 565.6873865648711 42.344011604217236 4.2
4743.0 564.7639998881984 42.34986204973635 4.2
4747.2 564.4457362376133 42.40099030843934 4.2
4751.4 564.0661887387541 42.44748856432698 4.2
4755.6 563.8539380380688 42.506563963156836 4.2
4759.8 564.6246643287652 42.639882572398456 4.2
4764.0 565.407739667133 42.77440725177464 4.2
4768.2 564.3393425967424 42.7688920714594 4.2
4772.4 561.973168563164 42.664631605445614 4.2
4776.6 559.9683824858794 42.587289504401824 4.2
4780.8 558.7944745907633 42.57277897003244 4.2
4785.0 558.3999496994309 42.617502961022836 4.2
4789.2 558.9890583056108 42.737390394266356 4.2
4793.4 560.7869667466559 42.95008226503384 4.2
4797.6 562.4827174203306 43.15548482485168 4.2
4801.8 562.3945716935224 43.22430310725345 4.2
4806.0 560.642119221642 43.16502532016697 4.2
4810.2 557.6927346585998 43.01302633821339 4.2
4814.4 555.8695877223845 42.947313260160634 4.2
4818.6 557.9040346332134 43.17973771617722 4.2
4822.8 560.9068583111324 43.487856301522854 4.2
4827.0 560.9480686526224 43.56683390764409 4.2
4831.2 558.1143917183604 43.42221766223994 4.2
4835.4 552.7292432464386 43.07804642867093 4.2
4839.6 546.8325005537234 42.692540590074536 4.2
4843.8 543.0462874616106 42.470561225956956 4.2
4848.0 534.6382571842504 41.88552853660062 4.2
4852.2 515.2284876635871 40.43486523566449 4.2
4856.4 489.9506676827275 38.51766928798683 4.2
4860.6 464.3372121849755 36.56722466235703 4.2
4864.8 451.044377940802 35.5818070259008 4.2
4869.0 461.12822505306383 36.44013690992406 4.2
4873.2 483.31334146506543 38.25921015849402 4.2
4877.4 505.76003301604055 40.10513660865735 4.2
4881.6 523.664187336424 41.596424344781006 4.2
4885.8 532.9247429164695 42.4048957638178 4.2
4890.0 537.4072690553357 42.83512119459365 4.2
4894.2 541.3097247245989 43.22032218514471 4.2
4898.4 545.2714536564052 43.611397139306256 4.2
4902.6 549.7691081809469 44.04656040246719 4.2
4906.8 552.1849193630144 44.31594349987667 4.2
4911.0 550.7891626289671 44.27963170647193 4.2
4915.2 548.7858017021044 44.194070077868986 4.2
4919.4 548.4095148237932 44.2392748909419 4.2
4923.6 548.2412748445169 44.301251998411104 4.2
4927.8 547.5138483135795 44.31798437148709 4.2
4932.0 547.513861644853 44.393562730996905 4.2
4936.2 548.64542152436 44.561109958153494 4.2
4940.4 549.3093971229116 44.69099254085206 4.2
4944.6 548.603944228494 44.70951924630412 4.2
4948.8 547.0026740405301 44.65478472198113 4.2
4953.0 545.2863154764038 44.59025952035692 4.2
4957.2 545.1705316384125 44.656429895352495 4.2
4961.4 547.0874723838693 44.889420612356375 4.2
4965.6 548.9360968233404 45.11739330765273 4.2
4969.8 549.5806472691265 45.24681355262142 4.2
4974.0 549.6493172592743 45.328985573109705 4.2
4978.2 549.2531720879224 45.372843792534646 4.2
4982.4 547.8076249831502 45.32982057157211 4.2
4986.6 545.4967774706997 45.21473605995927 4.2
4990.8 543.5117306052604 45.12612062916235 4.2
4995.0 542.2483879767005 45.09703612076127 4.2
4999.2 541.1731378083657 45.08333135485828 4.2
5003.4 540.0013011607733 45.061329385579455 4.2
5007.6 538.7632861485436 45.033530941427635 4.2
5011.8 537.3457164153701 44.9904150831294 4.2
5016.0 535.4786984074918 44.9092704482643 4.2
5020.2 533.6631507757802 44.83198827254418 4.2
5024.4 533.1051043922754 44.86007548244516 4.2
5028.6 533.9038746596204 45.00243362218827 4.2
5032.8 535.3156132182409 45.1968325518031 4.2
5037.0 536.3068610679255 45.35613089795358 4.2
5041.2 535.620757735389 45.37367959890238 4.2
5045.4 533.4307520863665 45.26348616578447 4.2
5049.6 530.8640308402379 45.12071780252273 4.2
5053.8 529.1138778572953 45.04680567030744 4.2
5058.0 529.5117537159973 45.15563979198237 4.2
5062.2 531.1615820146749 45.371590111849876 4.2
5066.4 531.9591760635946 45.51515227074996 4.2
5070.6 531.2152700364064 45.526891665664074 4.2
5074.8 528.7950636653206 45.394579762625625 4.2
5079.0 526.3866048069065 45.262652389235726 4.2
5083.2 526.6460846288377 45.35989076241666 4.2
5087.4 528.2524055601626 45.573459782697135 4.2
5091.6 528.3828330208415 45.66000976143854 4.2
5095.8 526.9489042699015 45.611252681266286 4.2
5100.0 524.6297357242165 45.48539808728957 4.2
5104.2 523.0243258243041 45.42092767652523 4.2
5108.4 524.1257082462251 45.59151248158942 4.2
5112.6 526.3439354420749 45.85978348598193 4.2
5116.8 527.1283457911888 46.00361921355972 4.2
5121.0 526.6762116510479 46.03964857929583 4.2
5125.2 525.7697793945334 46.0358323699603 4.2
5129.4 524.5321588847175 46.00277180338236 4.2
5133.6 523.1439439192881 45.95618827462543 4.2
5137.8 521.7889357797554 45.91218904871228 4.2
5142.0 520.5148331030798 45.874991838926874 4.2
5146.2 519.9384483696645 45.899082046421434 4.2
5150.4 520.704506129055 46.04176883228611 4.2
5154.6 520.9395324095973 46.13770628819873 4.2
5158.8 518.6947740207711 46.013789353354824 4.2
5163.0 515.4671631785633 45.801953341678775 4.2
5167.2 512.8787573751392 45.646133910634305 4.2
5171.4 511.07541802101264 45.55961023400312 4.2
5175.6 510.19458671648226 45.55499465312551 4.2
5179.8 510.0388667603298 45.61503369443167 4.2
5184.0 510.28789832728677 45.71134499396715 4.2
5188.2 510.72584541925835 45.82473899284537 4.2
5192.4 511.14129887514224 45.936298789473916 4.2
5196.6 511.8169644929803 46.07146262876608 4.2
5200.8 512.9333637361503 46.246620297630486 4.2
5205.0 513.9913224775595 46.41688586115035 4.2
5209.2 514.596929992722 46.54660392249687 4.2
5213.4 514.9145447791295 46.6504674661458 4.2
5217.6 514.9958054408164 46.733036454827534 4.2
5221.8 514.305047863036 46.74552050999649 4.2
5226.0 512.6092561411499 46.66636784258137 4.2
5230.2 510.4681640522144 46.54617521440579 4.2
5234.4 508.5333506875759 46.44425490719969 4.2
5238.6 507.8725935364935 46.458373376751815 4.2
5242.8 508.88854279883697 46.62598289279804 4.2
5247.0 510.3723363302433 46.8368846161965 4.2
5251.2 511.19681108819583 46.98767973853839 4.2
5255.4 510.3800631038871 46.98767973853839 4.2
5259.6 507.71947384646484 46.81747637427875 4.2
5263.8 504.56659582862363 46.60108195641506 4.2
5268.0 502.12717062793456 46.44981621628138 4.2
5272.2 501.202814550831 46.43826654974734 4.2
5276.4 502.0810514323575 46.593785926570035 4.2
5280.6 504.2555791102923 46.87011293849875 4.2
5284.8 506.7387806089178 47.17587890633555 4.2
5289.0 507.97006604633333 47.36570436639498 4.2
5293.2 507.36049344662274 47.38403058965739 4.2
5297.4 505.58679251671487 47.29334149186492 4.2
5301.6 503.7271272231898 47.19413168439519 4.2
5305.8 503.3794755205094 47.236313904038894 4.2
5310.0 504.7126763006484 47.43643030746904 4.2
5314.2 506.34842634663346 47.66548320435772 4.2
5318.4 507.0505512260514 47.807055968285106 4.2
5322.6 505.6169161375275 47.7472100387638 4.2
5326.8 502.6902623667063 47.545782572893195 4.2
5331.0 500.6934264947452 47.431624588554754 4.2
5335.2 500.2923313231458 47.4683351458022 4.2
5339.4 500.7031693584812 47.58214323500866 4.2
5343.6 501.4935738837038 47.73226026574515 4.2
5347.8 502.3783797270361 47.891672060632246 4.2
5352.0 502.8900526484347 48.0157813020557 4.2
5356.2 502.5828727300529 48.06179647259493 4.2
5360.4 501.1997638325165 48.004726532606476 4.2
5364.6 498.5842602510392 47.82907700130901 4.2
5368.8 495.8459874207327 47.64090468528424 4.2
5373.0 494.7018945568043 47.60537603501594 4.2
5377.2 495.3599317135311 47.743252290294436 4.2
5381.4 497.32318453085287 48.00737944513343 4.2
5385.6 499.064945718675 48.25074240968514 4.2
5389.8 498.61800253088745 48.2827502361962 4.2
5394.0 496.29439505997226 48.13267516582375 4.2
5398.2 493.2956809275633 47.916379953628386 4.2
5402.4 490.84433305033707 47.75248754707951 4.2
5406.6 490.14522328433236 47.75864537737589 4.2
5410.8 490.98733766105 47.91505599341356 4.2
5415.0 492.69747070017945 48.156620309338564 4.2
5419.2 494.0090398344124 48.359744758546576 4.2
5423.4 493.53957317684973 48.388705057662925 4.2
5427.6 491.964298119431 48.30899469956595 4.2
5431.8 490.40367179463976 48.23030407460638 4.2
5436.0 489.48384020411106 48.21431489493381 4.2
5440.2 489.80534775205376 48.32056458421367 4.2
5444.4 490.24051979434904 48.43820043935368 4.2
5448.6 489.42641217807073 48.4324010664836 4.2
5452.8 488.0924807295808 48.374891060090974 4.2
5457.0 487.04977511274734 48.345939028554874 4.2
5461.2 486.90596115138567 48.406089561067205 4.2
5465.4 488.2759681434083 48.61698249106914 4.2
5469.6 489.4204600641188 48.80586339302176 4.2
5473.8 488.66519113036134 48.8054138764782 4.2
5478.0 486.9823250901206 48.71200436916561 4.2
5482.2 485.3639363577518 48.62459532930914 4.2
5486.4 484.54522617093824 48.61698249106914 4.2
5490.6 485.1473273856749 48.751950957942796 4.2
5494.8 486.1087915100213 48.92332888228499 4.2
5499.0 486.45404089307425 49.032947430065704 4.2
5503.2 486.27580540642134 49.089883337862666 4.2
5507.4 485.6685869821451 49.103449248006854 4.2
5511.6 485.27271330020307 49.138285579481845 4.2
5515.8 485.46310994754805 49.23251251810994 4.2
5520.0 484.90772098427215 49.25110740493055 4.2
5524.2 482.82579877203705 49.114304675293425 4.2
5528.4 480.3815710198245 48.94000394232068 4.2
5532.6 478.5625501043663 48.828794227534196 4.2
5536.8 478.09651968939073 48.85533549735054 4.2
5541.0 479.1074834480973 49.032947430065704 4.2
5545.2 479.8382069849343 49.1822054881919 4.2
5549.4 479.32402226686355 49.20395356814471 4.2
5553.6 478.8373978699722 49.228431653471276 4.2
5557.8 478.89844386872716 49.3092049357265 4.2
5562.0 478.3428487950195 49.326465829461036 4.2
5566.2 476.83007609751047 49.244757141875304 4.2
5570.4 475.5196744132982 49.18356446152488 4.2
5574.6 475.0264953950123 49.20667275423794 4.2
5578.8 475.16853030622445 49.29558218103851 4.2
5583.0 475.56074530990634 49.410585480223496 4.2
5587.2 475.4324486353385 49.471604960734126 4.2
5591.4 474.37318379564374 49.43562167802954 4.2
5595.6 472.43703117906637 49.30784249086648 4.2
5599.8 470.2320455876601 49.1514121621873 4.2
5604.0 469.1340997717526 49.110233608858444 4.2
5608.2 469.3472402545539 49.20621954612074 4.2
5612.4 469.7253760817045 49.319651597087685 4.2
5616.6 469.48126215043817 49.3678256918445 4.2
5620.8 467.9990697538516 49.28559455296061 4.2
5625.0 466.0925928279011 49.15820314981769 4.2
5629.2 466.079387688743 49.23024532932609 4.2
5633.4 467.73953097992603 49.47935162263543 4.2
5637.6 468.68034154954125 49.65282925982209 4.2
5641.8 468.0000308855844 49.654658571350964 4.2
5646.0 465.81718558360217 49.49667207693044 4.2
5650.2 463.20113310513705 49.29195008212533 4.2
5654.4 462.10024530839235 49.24793217104878 4.2
5658.6 462.29933023405744 49.342369366557705 4.2
5662.8 462.115789777061 49.396024800141944 4.2
5667.0 461.46931621964274 49.40011955766575 4.2
5671.2 461.17666887177427 49.44199655365398 4.2
5675.4 461.0672797364476 49.503510767276325 4.2
5679.6 460.61041498581847 49.527681708034805 4.2
5683.8 459.6462055945557 49.49712796022703 4.2
5688.0 458.1314213566301 49.406944907866674 4.2
5692.2 456.79459109917264 49.33555293718167 4.2
5696.4 456.6677042501437 49.394659956393966 4.2
5700.6 457.3957424474411 49.546388078860566 4.2
5704.8 458.1634156688009 49.70270211089946 4.2
5709.0 458.1346803665303 49.77279164074428 4.2
5713.2 456.4008028137882 49.65740266501092 4.2
5717.4 454.1173554275935 49.4816302834522 4.2
5721.6 453.0501402242569 49.43789832496117 4.2
5725.8 452.66082050059237 49.46795989246147 4.2
5730.0 451.9308732545957 49.46067056160273 4.2
5734.2 450.78720630958503 49.40785502580794 4.2
5738.4 449.2329665531614 49.30965909237895 4.2
5742.6 447.89077904245636 49.23432634431254 4.2
5746.8 447.53302461081637 49.266986645425376 4.2
5751.0 447.4603103575171 49.331009174082766 4.2
5755.2 446.7704224300747 49.32692014509294 4.2
5759.4 446.37387701143723 49.35509588797117 4.2
5763.6 447.2203831461086 49.52083967858112 4.2
5767.8 448.6057845834133 49.74666831050039 4.2
5772.0 449.82605777004903 49.954659144833435 4.2
5776.2 450.19514827171173 50.068433066217715 4.2
5780.4 449.1149065991879 50.02095741604936 4.2
5784.6 447.87682231606 49.955579352136326 4.2
5788.8 447.6928561223493 50.0075986089343 4.2
5793.0 448.0084420658816 50.11549219338056 4.2
5797.2 448.3040761480917 50.22130573310823 4.2
5801.4 447.9686618345363 50.25647224400189 4.2
5805.6 446.5756454223959 50.172760901827594 4.2
5809.8 445.36787774724996 50.109492002969255 4.2
5814.0 445.2902642048022 50.17322301216064 4.2
5818.2 445.48384838831333 50.2675825730818 4.2
5822.4 445.3210026646489 50.321780610791556 4.2
5826.6 445.1135813363236 50.37093355792225 4.2
5830.8 445.0911555893268 50.44103624455916 4.2
5835.0 445.5695810298118 50.56802592825911 4.2
5839.2 446.5833769730153 50.756071441432645 4.2
5843.4 447.0478620729894 50.88197965762825 4.2
5847.6 446.46759187316707 50.88900974850998 4.2
5851.8 446.02818747184887 50.91198148171611 4.2
5856.0 446.2673547804118 51.01242860967667 4.2
5860.2 446.0221003724192 51.057553371976276 4.2
5864.4 444.94064963801543 51.006790819270336 4.2
5868.6 444.5618961513468 51.03639617171172 4.2
5872.8 445.1012691220941 51.17148259508539 4.2
5877.0 444.35070473508176 51.158287706953 4.2
5881.2 441.4010456065782 50.89135332797727 4.2
5885.4 437.26959965049605 50.48705055197946 4.2
5889.6 433.2211536342006 50.091034384108376 4.2
5893.8 431.0091260377587 49.90637205901421 4.2
5898.0 431.2843689525025 50.00944099088936 4.2
5902.2 433.16106334903907 50.29861190961379 4.2
5906.4 435.4833387445748 50.6402685361273 4.2
5910.6 436.67880766659954 50.851527151226996 4.2
5914.8 436.48882193600366 50.90166635988916 4.2
5919.0 436.3073958476446 50.95279358191817 4.2
5923.2 436.44393282290457 51.04109701399103 4.2
5927.4 436.11074101691975 51.07448544694831 4.2
5931.6 435.1164892492156 51.030285723993174 4.2
5935.8 433.6653625122746 50.932148892223914 4.2
5940.0 432.21552724382775 50.83373259020106 4.2
5944.2 431.4698244013683 50.81781641911383 4.2
5948.4 431.43256677794983 50.885260245840946 4.2
5952.6 431.58252810778055 50.974855107510834 4.2
5956.8 431.5063756770211 51.037806378934455 4.2
5961.0 430.82709748957245 51.02934572004923 4.2
5965.2 429.86415910806835 50.98706345912725 4.2
5969.4 429.37810228503656 51.00115365194034 4.2
5973.6 429.5453065736533 51.09283486475286 4.2
5977.8 430.2674506325933 51.25072342311735 4.2
5982.0 430.88010046550323 51.39584373403373 4.2
5986.2 430.3668481211464 51.40673247124989 4.2
5990.4 429.31652882159574 51.35325779756164 4.2
5994.6 429.07858130254994 51.39679048918276 4.2
5998.8 429.2640207482049 51.49107987725599 4.2
6003.0 428.81361705831466 51.50910454545327 4.2
6007.2 427.9973421633005 51.483018252079816 4.2
6011.4 427.442794758495 51.48823445364796 4.2
6015.6 427.33784283408875 51.547546610477234 4.2
6019.8 427.8436882520958 51.680653897478955 4.2
6024.0 427.90102651163227 51.759729736817945 4.2
6028.2 426.1376920623414 51.618335969921404 4.2
6032.4 423.75320130899655 51.40105110317807 4.2
6036.6 422.43554698657414 51.312597538381645 4.2
6040.8 422.2564966929809 51.362245222609495 4.2
6045.0 423.027542462986 51.52761010790333 4.2
6049.2 423.9253308165133 51.70874531773778 4.2
6053.4 423.9498733726524 51.78357146257864 4.2
6057.6 423.51429146145097 51.80217563215344 4.2
6061.8 423.2432571978698 51.84083642079625 4.2
6066.0 422.4861172685229 51.819831920234385 4.2
6070.2 420.5709330534316 51.65638378102891 4.2
6074.4 418.7419594881512 51.50293750165779 4.2
6078.6 418.1981653706983 51.50720691486839 4.2
6082.8 418.3292001334321 51.594570320398596 4.2
6087.0 418.4953638813632 51.68636617010146 4.2
6091.2 418.5424727355591 51.76354367515451 4.2
6095.4 418.31249128906376 51.80646985115744 4.2
6099.6 417.25979775346156 51.747336377849464 4.2
6103.8 415.09611140830646 51.54992051738607 4.2
6108.0 413.54540339120905 51.42804319487897 4.2
6112.2 413.891151342347 51.54184967991163 4.2
6116.4 414.6383765714975 51.70588786582535 4.2
6120.6 414.60378145400415 51.772602905064055 4.2
6124.8 414.11926182126865 51.78309452045614 4.2
6129.0 413.43763912912164 51.768788299243354 4.2
6133.2 412.609288783224 51.73589898804997 4.2
6137.4 411.7943624441452 51.70445919908356 4.2
6141.6 411.37149927586523 51.722082181430736 4.2
6145.8 411.4759044544741 51.805992698133956 4.2
6150.0 411.4518535977689 51.87379244233871 4.2
6154.2 410.97371187904514 51.88430456359045 4.2
6158.4 410.70828829553875 51.92159197993844 4.2
6162.6 410.8708168801779 52.013011535005035 4.2
6166.8 410.6289147156601 52.05326793891596 4.2
6171.0 409.67000001516845 52.00247333682544 4.2
6175.2 408.70993887893025 51.95124981020946 4.2
6179.4 408.1357498963443 51.94885742182925 4.2
6183.6 407.76925497718406 51.97278626416538 4.2
6187.8 407.4935308029787 52.00822118021251 4.2
6192.0 407.18086381418783 52.038887076341 4.2
6196.2 406.8500745500654 52.067173217022635 4.2
6200.4 406.9057618103226 52.14491933890766 4.2
6204.6 407.0667948809059 52.23625099578471 4.2
6208.8 406.02606470954004 52.17326311424758 4.2
6213.0 403.91552625492244 51.97230757931817 4.2
6217.2 402.6016755912215 51.87331466925452 4.2
6221.4 402.55108820641686 51.93689713239158 4.2
6225.6 402.73449353938946 52.03073968453654 4.2
6229.8 402.65495325055866 52.09067678327103 4.2
6234.0 402.20147488809687 52.102192604720784 4.2
6238.2 401.51582421078905 52.083480687420725 4.2
6242.4 401.0532747843864 52.09355549999243 4.2
6246.6 400.81305719175987 52.13243375007137 4.2
6250.8 400.4479251260746 52.1550060359174 4.2
6255.0 399.73725575948924 52.13243375007137 4.2
6259.2 398.54337770034874 52.046556375223 4.2
6263.4 396.9035275393339 51.901988844551575 4.2
6267.6 395.03057503009296 51.726369760968495 4.2
6271.8 392.96407899925947 51.52476266561592 4.2
6276.0 395.63197576534236 51.9440729755768 4.2
6280.2 396.7220191042754 52.15692753274308 4.2
6284.4 395.46642219072874 52.061418858375724 4.2
6288.6 394.51299393482253 52.00534717911001 4.2
6292.8 393.22887118673265 51.905335197306805 4.2
6297.0 390.90017793091596 51.66685184484622 4.2
6301.2 388.6393096831214 51.436569957753676 4.2
6305.4 388.347013699843 51.466424762526074 4.2
6309.6 389.2078572044683 51.64924768082974 4.2
6313.8 390.4843324084885 51.887649776161204 4.2
6318.0 390.8319068741838 52.002952299510824 4.2
6322.2 390.7552249399426 52.06189836397193 4.2
6326.4 391.25144943703856 52.19729532302332 4.2
6330.6 391.88939208978104 52.35184598536241 4.2
6334.8 391.9651350426182 52.43146589237383 4.2
6339.0 391.57210988653225 52.44837052457949 4.2
6343.2 390.93490182058366 52.43243172456372 4.2
6347.4 390.25234347343337 52.410222084772876 4.2
6351.6 389.75435327302165 52.41263572027024 4.2
6355.8 389.40794616818664 52.43532932788255 4.2
6360.0 389.09085494887995 52.46189815446738 4.2
6364.2 388.97135184261805 52.515076201495496 4.2
6368.4 389.2714809815421 52.62498681102199 4.2
6372.6 389.2207061799819 52.68754950132663 4.2
6376.8 388.03568137112376 52.59639763115469 4.2
6381.0 386.8296595031315 52.50201841854729 4.2
6385.2 386.67691477253055 52.55039684019919 4.2
6389.4 386.84866270077526 52.64292354661418 4.2
6393.6 386.67521021098764 52.68852005079394 4.2
6397.8 385.95079117008913 52.65892633349777 4.2
6402.0 384.52972300102 52.533943177164986 4.2
6406.2 383.5979419885389 52.47542927343884 4.2
6410.4 384.08468925361814 52.61093256087209 4.2
6414.6 384.77078986663645 52.77399845296425 4.2
6418.8 384.6711066100996 52.82943913333418 4.2
6423.0 384.37347555750637 52.85766814536053 4.2
6427.2 384.25685681455167 52.91076003661844 4.2
6431.4 383.74100808526885 52.90881076808858 4.2
6435.6 382.60898863903446 52.821654473085765 4.2
6439.8 381.9341529996951 52.797334802491314 4.2
6444.0 382.2981454397351 52.91660827310927 4.2
6448.2 382.67690796444134 53.038105152203045 4.2
6452.4 382.4218425768386 53.0718222959964 4.2
6456.6 381.9983536351119 53.082088289271745 4.2
6460.8 381.60377315352076 53.096268401863995 4.2
6465.0 380.69765027251145 53.039082159204 4.2
6469.2 379.252191448056 52.90637428341153 4.2
6473.4 378.3104760130582 52.84355175435601 4.2
6477.6 378.3319354744352 52.91514615338893 4.2
6481.8 378.6570104623223 53.02931289901961 4.2
6486.0 378.9128782457966 53.13393742989435 4.2
6490.2 379.2321031213288 53.24759536129889 4.2
6494.4 379.48200522353955 53.351667770899844 4.2
6498.6 379.2081321819894 53.38214246643761 4.2
6502.8 378.2164906207623 53.31138924734363 4.2
6507.0 375.62253666654647 53.01417410167514 4.2
6511.2 374.45806069379836 52.91807043323043 4.2
6515.4 373.23906060765813 52.81387095994274 4.2
6519.6 372.59699892396014 52.79101352242083 4.2
6523.8 372.7485630248202 52.880554442981925 4.2
6528.0 372.8524174264043 52.96341744168019 4.2
6532.2 372.27023043661484 52.94878513024491 4.2
6536.4 371.17952535641 52.86156298576963 4.2
6540.6 369.3295651289386 52.66571686418229 4.2
6544.8 365.89838736629173 52.24346819909111 4.2
6549.0 360.488383030096 51.53710271873127 4.2
6553.2 351.8960642651425 50.3732532785499 4.2
6557.4 337.92622906230383 48.43552371943697 4.2
6561.6 320.4363313077932 45.987521089169576 4.2
6565.8 306.16670162356183 43.99587910587433 4.2
6570.0 303.26515683002407 43.634700560174366 4.2
6574.2 316.26812994360034 45.56380662242552 4.2
6578.4 336.9649274206125 48.60758004230751 4.2
6582.6 352.3046081821946 50.885260245840946 4.2
6586.8 359.8523151058377 52.04176293097878 4.2
6591.0 362.979945784689 52.56104607399147 4.2
6595.2 364.02676355632315 52.779831573170476 4.2
6599.4 364.68369786119297 52.94244571744212 4.2
6603.6 365.42624645756933 53.1177902894918 4.2
6607.8 366.1840937066275 53.29567904929664 4.2
6612.0 367.0519747419663 53.48992636014514 4.2
6616.2 367.94593120601775 53.688342949978036 4.2
6620.4 368.20085674955897 53.79377225728283 4.2
6624.6 367.5275793469952 53.76355774970196 4.2
6628.8 367.0991871022135 53.769005012969814 4.2
6633.0 367.4931599772983 53.894940897161476 4.2
6637.2 367.61688072296437 53.98138213448917 4.2
6641.4 367.2095599008829 53.989834973581274 4.2
6645.6 366.97194169706665 54.02316199415737 4.2
6649.8 366.9138347772092 54.08290360770393 4.2
6654.0 366.6060786374413 54.105822072083406 4.2
6658.2 366.0425581945463 54.09087414618879 4.2
6662.4 365.8472945232199 54.13024590181954 4.2
6666.6 366.2692496646685 54.261025824637365 4.2
6670.8 366.54340891630727 54.370083502614804 4.2
6675.0 366.2778992304377 54.399135746330565 4.2
6679.2 365.79381555992467 54.395628617495056 4.2
6683.4 365.06176236587334 54.355062568675415 4.2
6687.6 364.1603657018421 54.28901974429502 4.2
6691.8 363.5861652050094 54.27152185251299 4.2
6696.0 363.41794205205497 54.3145267723661 4.2
6700.2 363.32704081898373 54.36908197788885 4.2
6704.4 363.2632130176313 54.42770221392264 4.2
6708.6 363.40714267653846 54.51750850488043 4.2
6712.8 363.40411318231463 54.58533751459014 4.2
6717.0 362.7760085187918 54.559200798052025 4.2
6721.2 361.9825351403722 54.507968968215266 4.2
6725.4 361.6404621956758 54.524538705457985 4.2
6729.6 361.28568381941517 54.539104147828056 4.2
6733.8 360.3469314159988 54.46531252729817 4.2
6738.0 359.31491208991054 54.3770946922844 4.2
6742.2 358.5700338661113 54.332038529531516 4.2
6746.4 357.9027868466511 54.29852096226637 4.2
6750.6 357.4509902885955 54.297520755759436 4.2
6754.8 357.2006703965616 54.32703459429493 4.2
6759.0 356.5499351821301 54.295520398017274 4.2
6763.2 355.9170505098658 54.266523490811664 4.2
6767.4 355.5998430695414 54.285519714671665 4.2
6771.6 355.3551894623258 54.315527292138775 4.2
6775.8 355.14368583182414 54.35055709776917 4.2
6780.0 355.11896559259117 54.414168859821565 4.2
6784.2 355.20900700409885 54.495419489403325 4.2
6788.4 354.9918684941127 54.52956083233321 4.2
6792.6 354.37671105086275 54.50244684153477 4.2
6796.8 353.91606225322744 54.498933052201515 4.2
6801.0 353.8699665657515 54.559200798052025 4.2
6805.2 353.6482131120107 54.592376461927785 4.2
6809.4 352.92267467297495 54.54764431952029 4.2
6813.6 352.0724044369112 54.48337470799785 4.2
6817.8 351.55456410618126 54.47032919898912 4.2
6822.0 351.4000545495201 54.51349165439144 4.2
6826.2 351.16177679047047 54.543625248624664 4.2
6830.4 350.4588082587329 54.50144287860846 4.2
6834.6 349.55784254141656 54.428203513893905 4.2
6838.8 348.67872454079986 54.358066423437826 4.2
6843.0 347.89819437790106 54.30302211955915 4.2
6847.2 347.81093187819744 54.356063835151915 4.2
6851.4 347.1127833721758 54.31352627102351 4.2
6855.6 342.6528232609325 53.68142056551408 4.2
6859.8 345.09792419679513 54.130744462104744 4.2
6864.0 343.8988353486801 54.00873434146681 4.2
6868.2 343.3708221392996 53.99182406924875 4.2
6872.4 344.7564470782214 54.27602077167365 4.2
6876.6 345.3072755148947 54.42920612768882 4.2
6880.8 344.4382590212456 54.35856708203679 4.2
6885.0 343.63814463425035 54.29852096226637 4.2
6889.2 342.50874849205036 54.18611320683895 4.2
6893.4 341.8584310204936 54.14919442113868 4.2
6897.6 342.2041276688034 54.27002229566372 4.2
6901.8 342.0838051215207 54.31702810635449 4.2
6906.0 341.3973193332784 54.27402120600559 4.2
6910.2 340.8756823311811 54.25702787179486 4.2
6914.4 340.62792953062717 54.2835197990565 4.2
6918.6 339.7510516290243 54.2095746942127 4.2
6922.8 338.54288020282127 54.082405488047264 4.2
6927.0 337.019383211359 53.90437314669239 4.2
6931.2 334.36775825075205 53.5451327975378 4.2
6935.4 332.2172863683556 53.265253713828876 4.2
6939.6 331.7511049433229 53.25495229664587 4.2
6943.8 331.82633300451255 53.331524706587935 4.2
6948.0 332.2382535365774 53.46234448985077 4.2
6952.2 332.6754400523408 53.59743422744707 4.2
6956.4 333.1226493970497 53.73435002698357 4.2
6960.6 334.2626873043413 53.983370918736384 4.2
6964.8 336.27296648077913 54.373588984442804 4.2
6969.0 337.74453126008507 54.67741825890611 4.2
6973.2 337.71084832114224 54.737883382951914 4.2
6977.4 336.78288498169735 54.65325091507098 4.2
6981.6 335.48053644842213 54.50746693357998 4.2
6985.8 333.8758133683308 54.312025553565306 4.2
6990.0 332.15049440823884 54.09635457278664 4.2
6994.2 331.0405241900706 53.98038776984152 4.2
6998.4 331.17666773459496 54.06746403150054 4.2
7002.6 331.38329800725813 54.16615398184736 4.2
7006.8 330.5200517799194 54.08987776464232 4.2
7011.0 329.6744729052142 54.01619643931374 4.2
7015.2 329.710775299508 54.08688873012383 4.2
7019.4 330.02988799194543 54.204082797441934 4.2
7023.6 330.2369878832317 54.30302211955915 4.2
7027.8 330.1767340480146 54.358066423437826 4.2
7032.0 329.7217001881526 54.34805421974922 4.2
7036.2 328.92501536432593 54.281519957119144 4.2
7040.4 327.89182290017845 54.17563369686249 4.2
7044.6 326.96749334325057 54.087386891072875 4.2
7048.8 326.6080451423013 54.09236875292336 4.2
7053.0 326.92903083704533 54.210073985146444 4.2
7057.2 327.353059160635 54.34505091826678 4.2
7061.4 327.4338904426301 54.42319072194324 4.2
7065.6 327.4214745042609 54.48588381790007 4.2
7069.8 327.4243685165533 54.55116124948625 4.2
7074.0 327.46066825588395 54.622050571569254 4.2
7078.2 327.3826012591136 54.67389318911188 4.2
7082.4 326.6964026039649 54.62406295934919 4.2
7086.6 326.0869471801145 54.58684578404125 4.2
7090.8 325.9768679609978 54.63311962188527 4.2
7095.0 325.3722084907929 54.596399125077454 4.2
7099.2 324.18613145371603 54.46180113202544 4.2
7103.4 323.62697426148355 54.432214079888496 4.2
7107.6 324.07631903349204 54.57226759158873 4.2
7111.8 324.61918656169536 54.72830528483626 4.2
7116.0 324.5587902289905 54.78277153211246 4.2
7120.2 324.0267532773431 54.75754894165782 4.2
7124.4 323.2277691138764 54.686987451192344 4.2
7128.6 322.2142640280972 54.579807549809594 4.2
7132.8 321.3669130618017 54.50043893417612 4.2
7137.0 321.2372217435172 54.542620527171046 4.2
7141.2 321.3060196386609 54.618529071347574 4.2
7145.4 320.53256833530884 54.55116124948625 4.2
7149.6 318.90825770504404 54.33854433439121 4.2
7153.8 316.8601810650188 54.05302454732171 4.2
7158.0 314.4545380369668 53.705652816789 4.2
7162.2 314.4882082684762 53.77445282814871 4.2
7166.4 316.4602483125378 54.175134723134505 4.2
7170.6 317.4112103685715 54.40164097679636 4.2
7174.8 316.4445757881582 54.299521187198415 4.2
7179.0 315.95508408034254 54.2790202583038 4.2
7183.2 315.92597728911926 54.3375433906333 4.2
7187.4 315.64987677721797 54.35356070354318 4.2
7191.6 314.9765394523617 54.30102155914299 4.2
7195.8 314.4409405004683 54.27202171400333 4.2
7200.0 314.66197328959953 54.373588984442804 4.2
7204.2 315.5453122624657 54.589862447970546 4.2
7208.4 315.89263371385704 54.71368931361537 4.2
7212.6 314.6368312951249 54.55970330917601 4.2
7216.8 312.4754593031883 54.24803355488515 4.2
7221.0 312.6673729812059 54.34455038415572 4.2
7225.2 313.19982318671157 54.50043893417612 4.2
7229.4 313.6698275740475 54.645700810975086 4.2
7233.6 312.38939019468114 54.48588381790007 4.2
7237.8 311.6019008449808 54.41166305243917 4.2
7242.0 311.2692460612099 54.41667478260332 4.2
7246.2 311.3412189056179 54.49240804444015 4.2
7250.4 311.3732650908545 54.561210870317616 4.2
7254.6 311.0558056806163 54.568749300890474 4.2
7258.8 310.867695419551 54.59891344006674 4.2
7263.0 310.5540278709685 54.60696002617391 4.2
7267.2 309.8839118157782 54.552166128267224 4.2
7271.4 309.4291205627806 54.53508570617279 4.2
7275.6 309.4850153256827 54.60796593281579 4.2
7279.8 309.5553817139816 54.683461764469826 4.2
7284.0 309.2355254125403 54.69000964930803 4.2
7288.2 308.83939354420556 54.682958113493584 4.2
7292.4 308.82773050494427 54.74393357173788 4.2
7296.6 308.4609394929804 54.741916767843186 4.2
7300.8 308.21683172886 54.76158377561438 4.2
7305.0 308.13200804917335 54.809520162760805 4.2
7309.2 306.69420046216715 54.61651688744031 4.2
7313.4 306.0036451379424 54.55618582850086 4.2
7317.6 305.0421986698312 54.447256334523225 4.2
7321.8 304.4426765240053 54.402643101286316 4.2
7326.0 303.03683821439597 54.2135691504466 4.2
7330.2 301.537691877321 54.00724204560494 4.2
7334.4 300.8985337636525 53.95454071717137 4.2
7338.6 301.56075475663545 54.13523171131303 4.2
7342.8 301.56841695697426 54.19859145704717 4.2
7347.0 300.97690713301125 54.154181975935664 4.2
7351.2 300.64416385703055 54.15617712648156 4.2
7355.4 300.48075641899425 54.18860862702838 4.2
7359.6 299.958265230255 54.15617712648156 4.2
7363.8 299.51686785000066 54.13822341743676 4.2
7368.0 299.80165112057193 54.25153116760855 4.2
7372.2 300.4713286580013 54.43472083370248 4.2
7376.4 300.8349823138338 54.5627184731157 4.2
7380.6 300.6671056838534 54.59438775645253 4.2
7384.8 299.9326735770706 54.523032157591295 4.2
7389.0 298.97434397081247 54.41066076179621 4.2
7393.2 298.7805655842744 54.4372277029594 4.2
7397.4 299.3388244532987 54.60092497542709 4.2
7401.6 299.6084325627877 54.712177539396436 4.2
7405.8 299.59964606404213 54.77268110205726 4.2
7410.0 299.3180028214881 54.78327610240849 4.2
7414.2 298.42600190755 54.68195082545785 4.2
7418.4 297.35056029264814 54.54663952403334 4.2
7422.6 296.77624813853026 54.50294882993264 4.2
7426.8 296.97356826544285 54.60092497542709 4.2
7431.0 297.5957550716254 54.77722156556563 4.2
7435.2 297.994291373807 54.912599095035176 4.2
7439.4 297.9349374816966 54.963704998405255 4.2
7443.6 297.3933138715809 54.92575052658921 4.2
7447.8 296.6670022378271 54.853456610799775 4.2
7452.0 296.31358456742277 54.84992019175944 4.2
7456.2 296.348106907383 54.918162777881186 4.2
7460.4 296.210894676338 54.95459353394288 4.2
7464.6 295.7005782392161 54.92170359682504 4.2
7468.8 295.2130791890327 54.892877851808095 4.2
7473.0 295.0579292818751 54.92575052658921 4.2
7477.2 294.9600920390454 54.969273859243984 4.2
7481.4 294.6615737789406 54.975349623663824 4.2
7485.6 294.40150226735074 54.98851608381415 4.2
7489.8 294.355945950678 55.041720415959325 4.2
7494.0 296.14327659293747 55.438056915391094 4.2
7498.2 295.7162663878595 55.42018867748441 4.2
7502.4 295.097020051643 55.36610856795204 4.2
7506.6 294.69360108194525 55.35234188073266 4.2
7510.8 294.2665242053111 55.333991622391316 4.2
7515.0 293.8213060551104 55.31208123085408 4.2
7519.2 293.45801902726316 55.3054588670918 4.2
7523.4 293.0521751204702 55.29068875880913 4.2
7527.6 292.8277210284966 55.31004349601168 4.2
7531.8 292.5605045416543 55.32125196673013 4.2
7536.0 291.8982391477764 55.257597671067195 4.2
7540.2 291.4308505405151 55.230630365638696 4.2
7544.4 291.8070915052484 55.36355892313542 4.2
7548.6 292.1974551892664 55.499363193101566 4.2
7552.8 291.5689584633008 55.44163125422922 4.2
7557.0 290.51623706007587 55.3029120152328 4.2
7561.2 289.8436588525594 55.23622627105575 4.2
7565.4 289.11689061265116 55.15895121950829 4.2
7569.6 288.3761857756174 55.07874042737438 4.2
7573.8 287.95033592851416 55.05845240693135 4.2
7578.0 286.34397720326245 54.81204429256211 4.2
7582.2 287.9484751066307 55.180292721096656 4.2
7586.4 289.40749862722953 55.521347771345006 4.2
7590.6 290.3013413302346 55.75450956870536 4.2
7594.8 292.61499067256915 56.26107161564727 4.2
7599.0 296.77025215269197 57.123130510923396 4.2
7603.2 299.6680387148126 57.7446827939046 4.2
7607.4 296.6502715825674 57.22634384575191 4.2
7611.6 291.1637739039134 56.229989187673986 4.2
7615.8 289.4370971368747 55.958233996504006 4.2
7620.0 291.2482416232136 56.37051466968973 4.2
7624.2 292.6581979621511 56.70586766059767 4.2
7628.4 292.3306416081813 56.70482310953422 4.2
7632.6 291.83155464198967 56.67036371660178 4.2
7636.8 290.5911747704157 56.491616214837705 4.2
7641.0 288.7891386164344 56.20306497404342 4.2
7645.2 287.7633975592595 56.065022399378975 4.2
7649.4 287.5878352106825 56.09239711107183 4.2
7653.6 286.82284073840646 56.004638721350936 4.2
7657.8 285.3627065637001 55.78070513914174 4.2
7662.0 284.36553533554775 55.6467750086643 4.2
7666.2 284.06188481635434 55.64831260712243 4.2
7670.4 284.2714403592267 55.75040157596794 4.2
7674.6 284.31891692737395 55.820792760903785 4.2
7678.8 283.92167095496205 55.803829098473734 4.2
7683.0 283.80470323391086 55.84187600997057 4.2
7687.2 280.1901695109038 55.190966568149555 4.2
7691.4 278.29054985195035 54.87670160889603 4.2
7695.6 277.753974901465 54.83072646628498 4.2
7699.8 279.02708717323355 55.14218868744536 4.2
7704.0 279.5533535633262 55.30647764067591 4.2
7708.2 279.90799650198613 55.43703571804905 4.2
7712.4 280.56284888788696 55.62730243843364 4.2
7716.6 281.2478929519427 55.823877617147666 4.2
7720.8 281.449608892103 55.92474338763965 4.2
7725.0 281.231704157435 55.942259051366776 4.2
7729.2 280.6339210448769 55.88406640024217 4.2
7733.4 279.92668853116163 55.803829098473734 4.2
7737.6 279.6846973295802 55.81616579616743 4.2
7741.8 280.14144174026313 55.96802734663303 4.2
7746.0 280.18331504239757 56.03714492378138 4.2
7750.2 279.1100244564106 55.883036987177924 4.2
7754.4 278.0794240434252 55.73705268981878 4.2
7758.6 278.14709631662987 55.81102517405278 4.2
7762.8 278.2969587410746 55.90156932391249 4.2
7767.0 277.86295141712696 55.8748023652752 4.2
7771.2 277.31482198138815 55.82490594044601 4.2
7775.4 276.83677048825507 55.788925893342984 4.2
7779.6 276.62964500519814 55.80742702027623 4.2
7783.8 276.5858243557226 55.85885123818244 4.2
7788.0 276.22651806972397 55.84650510599318 4.2
7792.2 275.70273405591917 55.80074535012179 4.2
7796.4 275.58592247054327 55.83724729765154 4.2
7800.6 275.9060586949986 55.96235730346429 4.2
7804.8 276.29542734253596 56.10169722321981 4.2
7809.0 276.1483222928387 56.13219173586776 4.2
7813.2 275.3945693538161 56.03920944652423 4.2
7817.4 274.8049718185211 55.97936915647504 4.2
7821.6 274.57061113718885 55.99174466126563 4.2
7825.8 274.6248074285057 56.062956925669766 4.2
7830.0 274.7727944826247 56.15339259885264 4.2
7834.2 274.5010093635253 56.15804751851033 4.2
7838.4 274.2801703310522 56.17304932914765 4.2
7842.6 274.06976325205807 56.19012522988519 4.2
7846.8 273.5773181541707 56.14925521641018 4.2
7851.0 273.49872117500416 56.19323049675954 4.2
7855.2 273.74031374351364 56.30306014937257 4.2
7859.4 273.4453041471997 56.3025415814131 4.2
7863.6 272.8088323217727 56.231542901158036 4.2
7867.8 272.108827844723 56.14718663950649 4.2
7872.0 271.18089133876634 56.015472026476495 4.2
7876.2 270.23636062960963 55.87994886175631 4.2
7880.4 269.58065864131294 55.803829098473734 4.2
7884.6 268.8821198087814 55.71857489319236 4.2
7888.8 267.80542053460033 55.554596806195185 4.2
7893.0 267.1609930624131 55.4799422069372 4.2
7897.2 267.33940739374486 55.576091386671564 4.2
7901.4 267.58955579799186 55.68727927600817 4.2
7905.6 267.3988786093003 55.70677284138206 4.2
7909.8 267.2207938184885 55.72883957937254 4.2
7914.0 267.34075047321033 55.81308136608275 4.2
7918.2 266.90967751092063 55.782246438277255 4.2
7922.4 265.9008481641034 55.630376601711696 4.2
7926.6 265.39905297162704 55.5842819856536 4.2
7930.8 265.893217224996 55.74680733061321 4.2
7935.0 266.4547045180849 55.923713225284054 4.2
7939.2 265.9841571955885 55.88406640024217 4.2
7943.4 265.1651160436087 55.77094456687005 4.2
7947.6 265.3268814547913 55.863996265443234 4.2
7951.8 265.63809557561666 55.988650528602385 4.2
7956.0 264.6523202136957 55.83981875712672 4.2
7960.2 263.141469511467 55.57967462520784 4.2
7964.4 263.0723033668546 55.623716129317756 4.2
7968.6 264.00806896397626 55.88046353747552 4.2
7972.8 264.36473086651995 56.01495610728885 4.2
7977.0 264.0572345364287 56.00876544766367 4.2
7981.2 263.47588196681113 55.944320078320054 4.2
7985.4 262.71199585570594 55.840847374074414 4.2
7989.6 262.1194095435777 55.77351297292087 4.2
7993.8 262.26884167363625 55.863996265443234 4.2
7998.0 262.60709478252045 55.99483896492216 4.2
8002.2 262.07793105724795 55.940713330980905 4.2
8006.4 260.94362265863606 55.75707721787912 4.2
8010.6 260.3149809283156 55.68112483056299 4.2
8014.8 260.7113123119893 55.82439177642881 4.2
8019.0 261.28882011516384 56.00670204649852 4.2
8023.2 260.7966557887885 55.9597802010109 4.2
8027.4 259.606430894713 55.762726462299774 4.2
8031.6 258.64561065721205 55.614495253236115 4.2
8035.8 258.4586171047544 55.632426138279705 4.2
8040.0 258.8005275147547 55.764267264659225 4.2
8044.2 258.9402334406055 55.85267783095202 4.2
8048.4 258.6009702248589 55.83776158007302 4.2
8052.6 258.2456419227837 55.81925039670873 4.2
8056.8 258.3878503199717 55.908263066890655 4.2
8061.0 258.55647153690416 56.00309127737491 4.2
8065.2 258.00431644320236 55.94174380649291 4.2
8069.4 257.45348012912075 55.88046353747552 4.2
8073.6 258.03510644705347 56.065022399378975 4.2
8077.8 258.3682016603228 56.1958183502439 4.2
8082.0 256.93990694927965 55.94328955535226 4.2
8086.2 255.54553502141317 55.69753819679073 4.2
8090.4 255.3649371393698 55.716009017075805 4.2
8094.6 254.98490396335956 55.69086968332369 4.2
8098.8 253.81419454999 55.49271840658411 4.2
8103.0 253.05188509360661 55.38344926691349 4.2
8107.2 253.26751012002043 55.48811863580888 4.2
8111.4 253.56985241174476 55.6119341700533 4.2
8115.6 253.19317090947672 55.58684179537694 4.2
8119.8 252.0847597053109 55.40079539699239 4.2
8124.0 250.2496191768175 55.054395699691966 4.2
8128.2 249.07634969009635 54.852951394119906 4.2
8132.4 249.6846198351495 55.0437482652325 4.2
8136.6 250.4582386168905 55.27134079444345 4.2
8140.8 251.4079947702042 55.53822556300276 4.2
8145.0 251.5979379730291 55.637550310057236 4.2
8149.2 251.07258943337243 55.57865081919474 4.2
8153.4 250.25326749849225 55.45439863143713 4.2
8157.6 249.74019249662192 55.397733920489564 4.2
8161.8 249.37066178993894 55.37273819400615 4.2
8166.0 248.88028965424144 55.3207424415161 4.2
8170.2 248.37499937632694 55.26523231767823 4.2
8174.4 248.85678379828016 55.42937733756105 4.2
8178.6 248.86700331853385 55.48862970262128 4.2
8182.8 248.90715549655178 55.554596806195185 4.2
8187.0 249.06211625928987 55.64626248528605 4.2
8191.2 248.66473250399955 55.614495253236115 4.2
8195.4 247.92992207127114 55.50703124316121 4.2
8199.6 247.51636658509233 55.4712560713981 4.2
8203.8 246.17680241884779 55.22757829254364 4.2
8208.0 244.7138553506544 54.95560584428917 4.2
8212.2 244.52891420533376 54.970286440014796 4.2
8216.4 246.2215760573941 55.40742917650223 4.2
8220.6 246.75514758509073 55.5842819856536 4.2
8224.8 246.00195723274766 55.4712560713981 4.2
8229.0 245.53823521934513 55.423251394916356 4.2
8233.2 245.21550317911854 55.40691885757042 4.2
8237.4 245.03095005201615 55.42172001504388 4.2
8241.6 244.3938030986243 55.333991622391316 4.2
8245.8 242.49325379693246 54.959655272155274 4.2
8250.0 242.51430306787577 55.020432508524316 4.2
8254.2 242.855128646641 55.15387112630563 4.2
8258.4 242.42277934684938 55.111724406212396 4.2
8262.6 241.0348265972844 54.85194097472105 4.2
8266.8 240.70349326524772 54.832241516176616 4.2
8271.0 241.60683325210883 55.09396134852325 4.2
8275.2 243.1936645890494 55.51214386511022 4.2
8279.4 243.01636734429007 55.52799598598912 4.2
8283.6 241.7592033203753 55.29680004928014 4.2
8287.8 241.68557500404182 55.336030239532015 4.2
8292.0 240.8633197840833 55.203676221035465 4.2
8296.2 239.89148245848813 55.03665111961592 4.2
8300.4 237.9201424849646 54.63966147867511 4.2
8304.6 237.64671568813404 54.632113251900016 4.2
8308.8 238.2279119605885 54.82113212237881 4.2
8313.0 238.56443161557496 54.95408738576181 4.2
8317.2 238.2269908059535 54.93182148036672 4.2
8321.4 238.0589192494757 54.948520063444086 4.2
8325.6 238.01601056067219 54.99408745848417 4.2
8329.8 239.10910101818573 55.302402658935186 4.2
8334.0 237.20195409823 54.91664535393015 4.2
8338.2 235.29713485008722 54.53056531321568 4.2
8342.4 235.9126536359925 54.72830528483626 4.2
8346.6 236.603983783962 54.94396540106697 4.2
8350.8 236.89565195141245 55.06707390235213 4.2
8355.0 236.3917666190195 55.005231901338135 4.2
8359.2 236.13905579758753 55.001685697299074 4.2
8363.4 236.22155158032263 55.07620401604497 4.2
8367.6 236.16059384581243 55.11730826421123 4.2
8371.8 236.0106307099719 55.13761797194809 4.2
8376.0 236.1652079519392 55.22910430800797 4.2
8380.2 236.34177215296782 55.325837904842686 4.2
8384.4 235.6944065794426 55.22961298919972 4.2
8388.6 234.73091005059453 55.058959516353774 4.2
8392.8 234.79643938134032 55.1294931909574 4.2
8397.0 235.06552971841566 55.24792863274457 4.2
8401.2 234.3811103392909 55.14218868744536 4.2
8405.4 233.92922573149048 55.0909168278285 4.2
8409.6 234.5365736823129 55.28916104172705 4.2
8413.8 234.82962570460535 55.413553370314084 4.2
8418.0 234.4873463838224 55.38804036096401 4.2
8422.2 234.75678549737944 55.50703124316121 4.2
8426.4 235.4903484798114 55.736025984821765 4.2
8430.6 235.34679392609712 55.75759076190301 4.2
8434.8 234.37952835761624 55.58377003785472 4.2
8439.0 233.87687428493203 55.51981368100693 4.2
8443.2 233.7755573347861 55.55101518443308 4.2
8447.4 233.35608824746814 55.50652000686468 4.2
8451.6 232.5987550164029 55.38140890282388 4.2
8455.8 232.30141227307485 55.3655986295958 4.2
8460.0 232.7579527455685 55.529530302415765 4.2
8464.2 232.88709375368344 55.61551971953326 4.2
8468.4 232.0141796250575 55.46206046898343 4.2
8472.6 230.79789733595535 55.22605231924364 4.2
8476.8 230.2869784272413 55.1584431891325 4.2
8481.0 230.61689911619845 55.292216518104624 4.2
8485.2 230.7092929072588 55.36916829672502 4.2
8489.4 229.868393570673 55.22198326324129 4.2
8493.6 228.81139348856757 55.0224595735071 4.2
8497.8 228.12256369844505 54.911081824811795 4.2
8502.0 227.13028897803582 54.72628905669833 4.2
8506.2 225.64103089318678 54.42118573443372 4.2
8510.4 225.12582054877478 54.35055709776917 4.2
8514.6 226.50445786972182 54.73737923073636 4.2
8518.8 227.9567257006794 55.142696568110516 4.2
8523.0 228.36223132089665 55.295272163338744 4.2
8527.2 228.31810768110856 55.33908830606876 4.2
8531.4 227.66729392860947 55.235717528954154 4.2
8535.6 226.27529784607896 54.9520628396571 4.2
8539.8 224.07110467379658 54.47032919898912 4.2
8544.0 220.48892261293895 53.652257464844986 4.2
8548.2 216.89218571571814 52.8289525584588 4.2
8552.4 216.29040061009368 52.734156048243726 4.2
8556.6 219.09819220949421 53.47120853961523 4.2
8560.8 222.5463893754612 54.366077514401226 4.2
8565.0 224.53834646839448 54.90653026567635 4.2
8569.2 225.1773461856607 55.11680061737946 4.2
8573.4 225.28853011236006 55.19808361321835 4.2
8577.6 225.01821485380685 55.18588352636056 4.2
8581.8 224.68624002497324 55.1584431891325 4.2
8586.0 224.80371631014256 55.24131394979687 4.2
8590.2 224.5653281478032 55.2367350178435 4.2
8594.4 223.2225830235547 54.960161471618264 4.2
8598.6 221.90227867433956 54.68849852937381 4.2
8602.8 221.59175742453385 54.66533325145155 4.2
8607.0 221.6734338420926 54.738891701313385 4.2
8611.2 221.45521026091174 54.73838753981091 4.2
8615.4 221.53908769581585 54.81254913247148 4.2
8619.6 222.3345878805107 55.06301655988043 4.2
8623.8 223.0672959803941 55.29832797743871 4.2
8628.0 223.13566004304084 55.36916829672502 4.2
8632.2 222.7892680883888 55.337049576266786 4.2
8636.4 222.8023448788706 55.39416241172635 4.2
8640.6 222.3501635229156 55.33552057820569 4.2
8644.8 221.28264520098094 55.123400390902795 4.2
8649.0 220.5532493509746 54.99510049634258 4.2
8653.2 220.15460369354813 54.94902616034708 4.2
8657.4 219.43317506156316 54.82214197425285 4.2
8661.6 217.12458790374302 54.29802085670961 4.2
8665.8 213.15912628897397 53.35805618460289 4.2
8670.0 210.52470126764567 52.7497007237251 4.2
8674.2 210.86591847781585 52.88639934084266 4.2
8678.4 212.7736911503367 53.416570302601286 4.2
8682.6 215.09666007444127 54.05202886298377 4.2
8686.8 217.28493145262212 54.65476106106462 4.2
8691.0 218.94637283731905 55.12593897575518 4.2
8695.2 219.52809221544973 55.325837904842686 4.2
8699.4 218.78555968142234 55.19198323268859 4.2
8703.6 218.0536735857384 55.060480872645215 4.2
8707.8 218.07222937093206 55.11832357190167 4.2
8712.0 218.14312043572846 55.18944160645537 4.2
8716.2 217.68017649219962 55.125431249432445 4.2
8720.4 217.20231123424622 55.057438202098815 4.2
8724.6 217.05920351833106 55.07417497108022 4.2
8728.8 216.84437912872 55.072653236412066 4.2
8733.0 216.1734403974473 54.95509968678532 4.2
8737.2 215.65756661885013 54.87670160889603 4.2
8741.4 215.40077788524704 54.86406723603008 4.2
8745.6 214.40654309723044 54.66331934324632 4.2
8749.8 212.55386301321533 54.24303735643635 4.2
8754.0 210.4496317597159 53.75761591006845 4.2
8758.2 209.29918533007734 53.51505794402045 4.2
8762.4 209.5362201711556 53.627061449734846 4.2
8766.6 210.37342251728214 53.892955370736644 4.2
8770.8 211.56841810679197 54.251031494841804 4.2
8775.0 212.94674421395382 54.65677465396526 4.2
8779.2 213.32972278835683 54.80750094261087 4.2
8783.4 212.7119712814773 54.70109247139604 4.2
8787.6 212.84756901228988 54.78832206097566 4.2
8791.8 214.12217921280245 55.16911280970252 4.2
8796.0 214.60449455465195 55.34622445189171 4.2
8800.2 213.8770424785348 55.211303417607816 4.2
8804.4 213.27979983212478 55.109694052652216 4.2
8808.6 212.69999349558267 55.012324995349786 4.2
8812.8 211.41774010524244 54.732842069744734 4.2
8817.0 210.38732566920524 54.518010632001996 4.2
8821.2 210.51833045466518 54.60394241742319 4.2
8825.4 211.00097301611 54.7812578491081 4.2
8829.6 211.01396382389035 54.83678691703436 4.2
8833.8 210.50873902661903 54.75754894165782 4.2
8838.0 209.96420421262792 54.66785074104731 4.2
8842.2 209.47518705906128 54.592376461927785 4.2
8846.4 208.52402994457233 54.39612962205709 4.2
8850.6 207.35562826221212 54.14271128662426 4.2
8854.8 206.8596292320539 54.06447623557651 4.2
8859.0 206.32499884498145 53.97591335558991 4.2
8863.2 204.53524531441172 53.55845001358139 4.2
8867.4 202.0471159696906 52.95707627699088 4.2
8871.6 200.48844628619523 52.59833538974723 4.2
8875.8 200.96954046149358 52.774484521691285 4.2
8880.0 202.72500656870702 53.2858625265715 4.2
8884.2 204.28317597557762 53.74622921955395 4.2
8888.4 205.68095178105165 54.1651562136074 4.2
8892.6 206.8653438471319 54.528556369953336 4.2
8896.8 206.93673815923967 54.59891344006674 4.2
8901.0 206.3192035557275 54.48738933930557 4.2
8905.2 206.07907648186813 54.475346332753894 4.2
8909.4 206.03278803974206 54.51449583926644 4.2
8913.6 205.59236030567052 54.449262282526405 4.2
8917.8 204.83199662854676 54.29902107242929 4.2
8922.0 203.99372899309327 54.12775316927149 4.2
8926.2 203.31809314000154 53.999283830693834 4.2
8930.4 202.94737168069048 53.95155916144787 4.2
8934.6 202.37228096112747 53.84929229109708 4.2
8938.8 201.55743089070117 53.68290385847183 4.2
8943.0 200.63504477900742 53.48746311472276 4.2
8947.2 199.13654318544116 53.137852627326154 4.2
8951.4 198.64028335147776 53.05520537332496 4.2
8955.6 197.25856952090976 52.73561316695396 4.2
8959.8 196.19350401800634 52.50008420833772 4.2
8964.0 196.07650583011787 52.517978372043956 4.2
8968.2 195.50536735684193 52.41408395492277 4.2
8972.4 193.74745270619837 51.991458412524004 4.2
8976.6 192.53314635445008 51.71398438971861 4.2
8980.8 193.04528776777832 51.90007673984125 4.2
8985.0 195.80018230539144 52.68997590851757 4.2
8989.2 197.30367224596776 53.14421543846368 4.2
8993.4 196.5936268203344 53.00245671066405 4.2
8997.6 197.6131725149014 53.32710407635414 4.2
9001.8 198.49544053608128 53.615208596070595 4.2
9006.0 197.40282771332886 53.36985218891491 4.2
9010.2 195.57097118282996 52.9239194777408 4.2
9014.4 193.1165988669636 52.30846791769437 4.2
9018.6 190.4123023763417 51.624041354531364 4.2
9022.8 189.21806326917962 51.34805527029076 4.2
9027.0 191.22574862222066 51.94120251933673 4.2
9031.2 193.74849365223378 52.675419141332306 4.2
9035.4 192.88856731481815 52.49041422610096 4.2
9039.6 191.49737615446364 52.16029032253282 4.2
9043.8 192.38506555783366 52.450785916918285 4.2
9048.0 192.27909567174288 52.47059633035995 4.2
9052.2 191.92916473020742 52.42373987530844 4.2
9056.4 188.3796833895459 51.50198879122653 4.2
9060.6 188.0491344605886 51.45931490432238 4.2
9064.8 189.14584331496317 51.80742417038833 4.2
9069.0 189.4255037751748 51.93211378767134 4.2
9073.2 189.11948933049325 51.89625274174775 4.2
9077.4 188.39887632944914 51.746383165466426 4.2
9081.6 187.4841317327779 51.542799124614355 4.2
9085.8 188.02816566866173 51.74018771295264 4.2
9090.0 187.18432956835505 51.55561834002332 4.2
9094.2 186.33577873725756 51.36934166921464 4.2
9098.4 185.90505648959854 51.29794882858541 4.2
9102.6 185.75920222592836 51.305036391702224 4.2
9106.8 185.60670329731238 51.31023456034824 4.2
9111.0 185.80489937131222 51.412414467284414 4.2
9115.2 186.34290021070115 51.608828396753715 4.2
9119.4 186.28793301518684 51.64116129234364 4.2
9123.6 185.83725490168743 51.563691333505325 4.2
9127.8 184.8898301217548 51.34805527029076 4.2
9132.0 183.70858373861017 51.06695938717808 4.2
9136.2 182.33332781914112 50.73130101096516 4.2
9140.4 184.00043572046786 51.242227468465515 4.2
9144.6 183.60133207221995 51.17808131531967 4.2
9148.8 182.29761522967118 50.86136365981422 4.2
9153.0 181.4522383819327 50.67199462962891 4.2
9157.2 182.10080074902763 50.89979110774224 4.2
9161.4 183.4634532407259 51.32772317490713 4.2
9165.6 183.66713627193485 51.43183269274754 4.2
9169.8 183.27934652687745 51.37028793617352 4.2
9174.0 183.32757050951145 51.43088529210321 4.2
9178.2 184.60277304653613 51.836061923187515 4.2
9182.4 184.71443672338756 51.914897394076476 4.2
9186.6 183.7568937877125 51.69303128615846 4.2
9190.8 182.14557437688893 51.28661076410257 4.2
9195.0 182.6021083155978 51.462158729732906 4.2
9199.2 184.06750805600848 51.92254841981727 4.2
9203.4 186.1129783089312 52.547492878189914 4.2
9207.6 187.40982978719953 52.96195402859261 4.2
9211.8 190.08342738384835 53.766528915796435 4.2
9216.0 191.44336645242691 54.2005882437294 4.2
9220.2 188.8672128538365 53.51998708999924 4.2
9224.4 181.1744704005229 51.386850429879914 4.2
9228.6 176.76228605652776 50.18107953906134 4.2
9232.8 173.07183514291933 49.17812879348421 4.2
9237.0 178.30657891193005 50.71168019911843 4.2
9241.2 176.04371137724164 50.113645904426775 4.2
9245.4 182.6122231289946 52.03073968453654 4.2
9249.6 182.6279947741947 52.08252128308729 4.2
9253.8 182.61356579215112 52.12571197902002 4.2
9258.0 182.53363472284568 52.150202603550284 4.2
9262.2 182.6051179982069 52.21797187599846 4.2
9266.4 181.62648076930193 51.98523361782356 4.2
9270.6 179.22292828888217 51.343799049100745 4.2
9274.8 178.0935324034117 51.06648904526588 4.2
9279.0 177.3106840474016 50.88807234694171 4.2
9283.2 177.25473302867164 50.91807776349621 4.2
9287.4 177.10097554498893 50.91995368936082 4.2
9291.6 176.66732941683034 50.84122427786779 4.2
9295.8 177.08742060367848 51.008200208455634 4.2
9300.0 177.68360526046604 51.22618339659236 4.2
9304.2 177.4937970468726 51.21769150999965 4.2
9308.4 176.33364289349348 50.928865281085905 4.2
9312.6 175.91843634243338 50.854805776030766 4.2
9316.8 176.4833379132575 51.06413740068688 4.2
9321.0 176.07603048096556 50.99222941111339 4.2
9325.2 174.2741385660806 50.515888966193216 4.2
9329.4 174.6215451702573 50.66219474471746 4.2
9333.6 176.45862264538172 51.241283560447144 4.2
9337.8 175.53839334030914 51.01994663290326 4.2
9342.0 173.23734883553618 50.39645636126398 4.2
9346.2 172.4992114637212 50.22685670369724 4.2
9350.4 173.01385178628925 50.42199209693482 4.2
9354.6 173.66600377806836 50.65752879901937 4.2
9358.8 173.62206687084327 50.69019944544472 4.2
9363.0 173.62138165312436 50.735506458212136 4.2
9367.2 173.78715304653375 50.82951900102615 4.2
9371.4 172.61570411944442 50.532175989815016 4.2
9375.6 171.36065519326417 50.209743181354135 4.2
9379.8 172.00540659801382 50.44382379625648 4.2
9384.0 172.94549611514637 50.76495435183301 4.2
9388.2 172.3663911357111 50.6402685361273 4.2
9392.4 171.50630680190454 50.432674513682365 4.2
9396.6 171.3861704746299 50.4424300011523 4.2
9400.8 171.8112621369025 50.61275757919483 4.2
9405.0 173.84077720185743 51.256388175441764 4.2
9409.2 175.05553815911085 51.66066591439929 4.2
9413.4 173.5114854887793 51.25072342311735 4.2
9417.6 170.47659948761242 50.39924144931784 4.2
9421.8 170.30582112118512 50.3936714271155 4.2
9426.0 171.23572775624663 50.71401561207057 4.2
9430.2 170.52161910135135 50.54753713597959 4.2
9434.4 169.44965293474945 50.274527776005726 4.2
9438.6 169.55011623180633 50.34913340493562 4.2
9442.8 169.04552245551102 50.243976059024696 4.2
9447.0 168.4369714270824 50.10764593506618 4.2
9451.2 170.2061889749782 50.678995708002866 4.2
9455.4 169.9407156876067 50.644932892022815 4.2
9459.6 168.88991203535255 50.37650106690352 4.2
9463.8 169.267721140045 50.53403769827142 4.2
9468.0 171.07114264801123 51.117781820343644 4.2
9472.2 170.08872906050374 50.86932794131357 4.2
9476.4 169.01081134063062 50.59178469316086 4.2
9480.6 169.00891270875132 50.63607098311583 4.2
9484.8 167.61809458596736 50.26387885717232 4.2
9489.0 167.0907319396947 50.15012270853538 4.2
9493.2 169.68052279598643 50.97250768273303 4.2
9497.4 172.65048224899562 51.91059418755337 4.2
9501.6 171.50301835957413 51.611205125858085 4.2
9505.8 168.2255316657581 50.6696611517704 4.2
9510.0 168.36205608869787 50.755603962891485 4.2
9514.2 172.6826487355077 52.10411215579235 4.2
9518.4 176.51001487995137 53.30598834449426 4.2
9522.6 176.78205199676398 53.43526899678746 4.2
9526.8 176.96164988057308 53.536749582587724 4.2
9531.0 178.62091741902844 54.08639057376256 4.2
9535.2 179.95405661560042 54.53809950965588 4.2
9539.4 175.26497501137078 53.16379809802111 4.2
9543.6 168.20263604868708 51.06648904526588 4.2
9547.8 163.91648343261483 49.80902034328331 4.2
9552.0 162.94184410138706 49.556428556229335 4.2
9556.2 162.37187054208573 49.426516138662905 4.2
9560.4 161.89935863348563 49.32601151801352 4.2
9564.6 163.8444105892058 49.962481447245025 4.2
9568.8 169.08703160222146 51.60645177709925 4.2
9573.0 169.53100512440014 51.78738715770321 4.2
9577.2 169.20926577763376 51.73446949208211 4.2
9581.4 168.9737771483691 51.70779281622137 4.2
9585.6 168.19096030375778 51.51337446989021 4.2
9589.8 166.33749431317065 50.99035082256141 4.2
9594.0 165.08888200340084 50.65193023142127 4.2
9598.2 163.68227941913113 50.264341806736624 4.2
9602.4 163.0082813515544 50.10118523297209 4.2
9606.6 163.6235605352752 50.33429614654764 4.2
9610.8 164.45465663102246 50.63420551568395 4.2
9615.0 164.4215271303541 50.66826111663527 4.2
9619.2 164.0602411495757 50.60110490269858 4.2
9623.4 163.18046981415276 50.3737172354949 4.2
9627.6 162.04706825783128 50.067510780092135 4.2
9631.8 162.4255487026355 50.22824454220879 4.2
9636.0 163.34869606807803 50.557780494221426 4.2
9640.2 163.9385790863425 50.78459577593558 4.2
9644.4 163.41007373896247 50.66499451842247 4.2
9648.6 161.96480410682702 50.260638329606834 4.2
9652.8 160.39788550912542 49.81773750858621 4.2
9657.0 161.0485399522281 50.0633607027579 4.2
9661.2 163.71297829661373 50.93590184990337 4.2
9665.4 164.36206573536654 51.18232379909015 4.2
9669.6 161.89157063817026 50.45683440786598 4.2
9673.8 159.36430239397737 49.71231639553418 4.2
9678.0 158.8554134278694 49.596610816657716 4.2
9682.2 159.76334907349394 49.923382180141694 4.2
9686.4 161.4285910164069 50.4875155570405 4.2
9690.6 161.87057882241288 50.6696611517704 4.2
9694.8 162.3093529251917 50.85105879351031 4.2
9699.0 161.83905581644984 50.74765748641993 4.2
9703.2 161.25280896676256 50.6076300709737 4.2
9707.4 160.44988270165933 50.39924144931784 4.2
9711.6 160.06179459232553 50.3208536578735 4.2
9715.8 159.07433713332443 50.0536785267004 4.2
9720.0 156.60900303247715 49.32056010701196 4.2
9724.2 155.69171038763187 49.0740611795278 4.2
9728.4 156.68752355486143 49.430613423812325 4.2
9732.6 159.12539889896402 50.24305053930706 4.2
9736.8 160.49472238461993 50.7191538991552 4.2
9741.0 159.41976625745878 50.42292091290852 4.2
9745.2 159.4746808338669 50.4837956364669 4.2
9749.4 159.79731456025715 50.6295421477704 4.2
9753.6 160.1324590008565 50.779450859024834 4.2
9757.8 158.9810752478169 50.457763865664674 4.2
9762.0 156.4817333224019 49.70728010975958 4.2
9766.2 158.66094146677668 50.44289459524098 4.2
9770.4 159.42505171499107 50.72943203519362 4.2
9774.6 158.7476359648439 50.55731484199897 4.2
9778.8 158.80132692392607 50.61788560692934 4.2
9783.0 158.01020905452808 50.40899046963441 4.2
9787.2 156.90194541804712 50.098416615658344 4.2
9791.4 157.17362478441282 50.22824454220879 4.2
9795.6 158.02549872491585 50.54381279301513 4.2
9799.8 157.9118893861642 50.55079616119097 4.2
9804.0 157.1066794256363 50.3361505647065 4.2
9808.2 157.56314059344854 50.525660550321845 4.2
9812.4 157.13421748040562 50.43128102663958 4.2
9816.6 157.98907801668545 50.74905971538773 4.2
9820.8 160.1959459283408 51.50198879122653 4.2
9825.0 161.236787496258 51.88095956668656 4.2
9829.2 159.35324466092388 51.31874179056666 4.2
9833.4 156.70896543437556 50.5103060523429 4.2
9837.6 156.986726880847 50.64306709811216 4.2
9841.8 159.5688753655681 51.52001727813484 4.2
9846.0 160.84871356220236 51.97757335513165 4.2
9850.2 161.0894718301008 52.099793265328486 4.2
9854.4 161.4659236356418 52.26608856060025 4.2
9858.6 159.51545340710254 51.67874994689923 4.2
9862.8 156.3380899641475 50.69253386914839 4.2
9867.0 155.55751555559664 50.482400736914805 4.2
9871.2 156.40886058895015 50.8019052314203 4.2
9875.4 157.24609296006668 51.117311010342526 4.2
9879.6 158.14465997435198 51.45315382170364 4.2
9883.8 159.9504097967375 52.08491982705795 4.2
9888.0 162.34553146139854 52.90978539337657 4.2
9892.2 163.79908751271003 53.42887133860578 4.2
9896.4 162.98767832518968 53.2093556775371 4.2
9900.6 161.91020600813084 52.90247614130651 4.2
9904.8 160.10534602347585 52.35715021558036 4.2
9909.0 156.65836798624315 51.27338618944882 4.2
9913.2 153.70978613225455 50.35098836972977 4.2
9917.4 156.24336891138807 51.224296189016215 4.2
9921.6 161.26563340936286 52.91563352214032 4.2
9925.8 160.70826572906498 52.77740102806898 4.2
9930.0 158.3560855380713 52.04895326290988 4.2
9934.2 160.90719213886356 52.93220673082329 4.2
9938.4 162.7782256912921 53.59299155607206 4.2
9942.6 159.49435598752305 52.556205245676544 4.2
9946.8 156.45969645829416 51.59979782429698 4.2
9951.0 155.47902274789013 51.31968712543233 4.2
9955.2 153.13176063648547 50.587591158957096 4.2
9959.4 152.56499673886228 50.44289459524098 4.2
9963.6 158.82712944852034 52.55765744735648 4.2
9967.8 165.0602976055222 54.66634023337744 4.2
9972.0 162.6375094294658 53.90933815157824 4.2
9976.2 159.55226006766722 52.93123169252236 4.2
9980.4 163.16588453992193 54.17563369686249 4.2
9984.6 166.6540655319582 55.38038874896719 4.2
9988.8 162.24623199752568 53.96100131984154 4.2
9993.0 157.79072800557714 52.52329943460868 4.2
9997.2 157.57542737310882 52.4957324958978 4.2
10001.4 155.40166255997832 51.815059357122564 4.2
10005.6 151.51477353780962 50.561505866401646 4.2
10009.8 151.92542305216148 50.74111426350666 4.2
10014.0 155.12653094862793 51.85372976109491 4.2
10018.2 158.29451247083568 52.95707627699088 4.2
10022.4 158.97095796177865 53.22798183537536 4.2
10026.6 157.36417727565197 52.734156048243726 4.2
10030.8 155.52138390468932 52.16029032253282 4.2
10035.0 159.41107888541748 53.50963640777724 4.2
10039.2 164.62168481043938 55.30494948733692 4.2
10043.4 162.08384672591865 54.497929154001 4.2
10047.6 155.91380851536823 52.467213535047456 4.2
10051.8 148.32200137311978 49.95419904753831 4.2
10056.0 148.78348440493085 50.151508426779 4.2
10060.2 156.6996495813452 52.86399740676177 4.2
10064.4 164.29240102616075 55.47176698290029 4.2
10068.6 165.39983773835806 55.89230238744412 4.2
10072.8 161.01592558468818 54.4562836825439 4.2
10077.0 155.98352753549872 52.79830737429767 4.2
10081.2 155.4793775176566 52.67153801600411 4.2
10085.4 160.23264419688846 54.32703459429493 4.2
10089.6 163.7515262685854 55.566366617949924 4.2
10093.8 163.2885994703416 55.455420148618806 4.2
10098.0 160.7824055196484 54.6497274033532 4.2
10102.2 153.79185317277248 52.31714065487363 4.2
10106.4 147.5924997752339 50.249992352771145 4.2
10110.6 149.9668939902086 51.10083539187525 4.2
10114.8 160.92912685149028 54.881756172666634 4.2
10119.0 166.19198034033678 56.72362797292427 4.2
10123.2 157.54536129168838 53.817063868987105 4.2
10127.4 148.9983048865843 50.939655084121554 4.2
10131.6 153.28553855959078 52.44885359414866 4.2
10135.8 158.50289170356504 54.2790202583038 4.2
10140.0 156.49819926185324 53.6369408294135 4.2
10144.2 157.9667374694916 54.18511507094031 4.2
10148.4 156.97196737381915 53.88848820372406 4.2
10152.6 151.7842479011649 52.15068292687834 4.2
10156.8 145.18423255704266 49.92430181129671 4.2
10161.0 152.69764951740308 52.55136486319827 4.2
10165.2 164.34685555208154 56.60724254186994 4.2
10169.4 168.81016508026724 58.1926319486249 4.2
10173.6 160.02798548900418 55.21079490505268 4.2
10177.8 152.44368198657114 52.637590365096706 4.2
10182.0 148.83157213679618 51.43278011084338 4.2
10186.2 140.27389512423872 48.51544285177003 4.2
10190.4 142.3504327113197 49.27424743186465 4.2
10194.6 143.17291727284265 49.59980853140682 4.2
10198.8 161.57832590589305 56.02217940834575 4.2
