3000.0 67.07531876725571 2.0122595630176714 4.2
3004.2 64.95185683730982 1.9540154802628102 4.2
3008.4 49.61375465719264 1.4967594196532834 4.2
3012.6 31.906731023211233 0.9652593119562435 4.2
3016.8 30.55119596565712 0.9268298233793391 4.2
3021.0 46.744638356077076 1.4220406134102481 4.2
3025.2 74.18858216716025 2.2632055528177872 4.2
3029.4 98.81525883418105 3.022845843743683 4.2
3033.6 103.30482905893071 3.168954473628238 4.2
3037.8 91.41277631391961 2.8119267290819394 4.2
3042.0 74.56840183192226 2.300127974699254 4.2
3046.2 62.97967673554211 1.9480316111739422 4.2
3050.4 67.2492848365659 2.085835237356804 4.2
3054.6 80.47269758484917 2.5028567865985702 4.2
3058.8 89.93465887118192 2.804839403924527 4.2
3063.0 100.25251146420347 3.1352198490976724 4.2
3067.2 119.6115349563146 3.7509044401841147 4.2
3071.4 138.03731237019826 4.340582348827161 4.2
3075.6 143.04396847050762 4.510326693694761 4.2
3079.8 143.83753289756436 4.547743899974756 4.2
3084.0 152.15159729455763 4.823741207859955 4.2
3088.2 164.1279017662549 5.21761463949844 4.2
3092.4 175.58439904436713 5.597008932294289 4.2
3096.6 182.1876927082481 5.823284388179006 4.2
3100.8 179.0580060503883 5.738785601504551 4.2
3105.0 182.97596475785932 5.880252835432135 4.2
3109.2 209.81664419755512 6.761078836680994 4.2
3113.4 246.1066861057207 7.951919959580656 4.2
3117.6 278.44567026683393 9.021110447115376 4.2
3121.8 300.89509081129887 9.774712668511985 4.2
3126.0 308.6990602217006 10.055229792676634 4.2
3130.2 310.1737784328045 10.130432799686304 4.2
3134.4 313.59448573504284 10.26965845000657 4.2
3138.6 319.1488720732588 10.47958295914008 4.2
3142.8 326.93074623842904 10.76385899663774 4.2
3147.0 335.15350757279356 11.064097646598286 4.2
3151.2 342.2546198828753 11.328698011869323 4.2
3155.4 350.24860347518154 11.624224795739973 4.2
3159.6 360.3902594200986 11.992673218506546 4.2
3163.8 371.55166455512693 12.39698283854556 4.2
3168.0 382.73916837082515 12.804186757811054 4.2
3172.2 393.03944071935047 13.183660174249091 4.2
3176.4 402.0970436344851 13.523216471053326 4.2
3180.6 411.80076161519395 13.886218672373616 4.2
3184.8 422.5799871478805 14.287360400415938 4.2
3189.0 430.4237394293635 14.59096447257775 4.2
3193.2 434.60729672784026 14.771615683936295 4.2
3197.4 441.8504620420903 15.057331088439161 4.2
3201.6 454.5180263070373 15.529733391798644 4.2
3205.8 467.1715699177983 16.00398000095072 4.2
3210.0 475.9388861821535 16.347072923698427 4.2
3214.2 478.70444618355566 16.485115716510997 4.2
3218.4 477.0075088716274 16.46963596917464 4.2
3222.6 478.899572324559 16.578147524966898 4.2
3226.8 486.16664365066254 16.87360972677294 4.2
3231.0 491.72618849232674 17.111023982751483 4.2
3235.2 492.88657236662135 17.196022314118597 4.2
3239.4 491.7089338048208 17.199507053966897 4.2
3243.6 491.4718764832269 17.235821986601476 4.2
3247.8 497.3598229616171 17.487510972617578 4.2
3252.0 509.0825148882835 17.946013908437006 4.2
3256.2 520.4788792779293 18.395178228053826 4.2
3260.4 529.0533708018544 18.746491531244594 4.2
3264.6 535.2655614639428 19.01551097317635 4.2
3268.8 541.1585894975658 19.274361494321717 4.2
3273.0 550.8600080267247 19.670346036421737 4.2
3277.2 561.827977837544 20.113516217339534 4.2
3281.4 566.3160982919914 20.326190896302755 4.2
3285.6 564.6975129684926 20.320013867568825 4.2
3289.8 562.541105325105 20.294202988521693 4.2
3294.0 562.1057981065098 20.330309958612023 4.2
3298.2 564.4523428925097 20.46727383030486 4.2
3302.4 565.8768189488832 20.571217688719887 4.2
3306.6 559.5281384360839 20.392196154416467 4.2
3310.8 550.3048769540412 20.107033430732134 4.2
3315.0 548.6990259505968 20.09925684483983 4.2
3319.2 554.2509052038228 20.35410450476917 4.2
3323.4 562.0462100542613 20.69264466064821 4.2
3327.6 568.7992609924291 20.99423238038329 4.2
3331.8 571.5304938458913 21.148326175089103 4.2
3336.0 571.6539000774053 21.20625600651945 4.2
3340.2 571.9898355955416 21.27218003756524 4.2
3344.4 575.1760913461857 21.444503719024954 4.2
3348.6 583.9971247577548 21.828103280660134 4.2
3352.8 592.7532707774653 22.21099426615178 4.2
3357.0 593.7485639242782 22.30406386655965 4.2
3361.2 589.5552959609292 22.20199497382254 4.2
3365.4 584.8707116856126 22.080657432871643 4.2
3369.6 580.7063241364152 21.978193870826647 4.2
3373.8 577.4874983838451 21.910889063745255 4.2
3378.0 576.8328224240652 21.940574746912024 4.2
3382.2 580.5647780216791 22.13747073114378 4.2
3386.4 582.093492044691 22.250921419682076 4.2
3390.6 574.1325100784104 22.001079989369348 4.2
3394.8 566.6264816788407 21.76727179131767 4.2
3399.0 570.0578434859303 21.953309491398315 4.2
3403.2 576.8970386175594 22.271629844683257 4.2
3407.4 579.7957353228694 22.438819237827612 4.2
3411.6 580.359426997379 22.516039402852503 4.2
3415.8 579.8669898575943 22.55236023379813 4.2
3420.0 577.0866698100385 22.499455082553784 4.2
3424.2 571.6036704273495 22.34045428039744 4.2
3428.4 564.4770401131208 22.116072247652657 4.2
3432.6 557.174020705748 21.883460528435805 4.2
3436.8 552.3784605479984 21.748234143029357 4.2
3441.0 552.3163624860773 21.79897132001837 4.2
3445.2 559.165512411178 22.123202776254647 4.2
3449.4 572.7302694239964 22.71517044895533 4.2
3453.6 582.8558817715526 23.173092755671128 4.2
3457.8 583.0120281329191 23.235712808859923 4.2
3462.0 580.0629509466619 23.174373383486543 4.2
3466.2 578.9512805633876 23.186115770070554 4.2
3470.4 578.3386080324028 23.217743019891447 4.2
3474.6 577.5793053555208 23.243418403925205 4.2
3478.8 576.6633252140867 23.262693573252253 4.2
3483.0 575.4535926824392 23.269979463063184 4.2
3487.2 574.0259720748123 23.268264930779374 4.2
3491.4 572.7617924909672 23.272980198561886 4.2
3495.6 572.9514110978371 23.336729916086696 4.2
3499.8 574.3370075963379 23.44941431405995 4.2
3504.0 573.4783931803464 23.470589623741944 4.2
3508.2 569.8447694449283 23.37781943942936 4.2
3512.4 568.1896490803863 23.36576475871784 4.2
3516.6 569.4601146127546 23.47404863251143 4.2
3520.8 568.7095793963425 23.499141696259112 4.2
3525.0 565.9616604387131 23.441424523295947 4.2
3529.2 567.6971495559841 23.56937140242548 4.2
3533.4 575.3599729683617 23.944402263712934 4.2
3537.6 584.9191015691997 24.400122123282475 4.2
3541.8 592.9324069274372 24.793166674489186 4.2
3546.0 596.2052448009106 24.989179693116824 4.2
3550.2 594.7296839452035 24.986417939532718 4.2
3554.4 592.1185326856627 24.935610181823186 4.2
3558.6 589.5150622304113 24.884676539975164 4.2
3562.8 585.7905582126612 24.785860439101626 4.2
3567.0 582.2145251231892 24.6926670201504 4.2
3571.2 581.9060987153016 24.737738823050737 4.2
3575.4 584.429302974797 24.903477738824872 4.2
3579.6 586.748861923558 25.06109253032119 4.2
3583.8 588.8134535556478 25.208325616870724 4.2
3588.0 592.2708876817214 25.41581262222412 4.2
3592.2 597.3821446066688 25.69519985863665 4.2
3596.4 603.8892194818585 26.035864341067338 4.2
3600.6 609.5305820650299 26.340499117027722 4.2
3604.8 610.9573670140155 26.463787465211276 4.2
3609.0 609.0703953894551 26.44356473523534 4.2
3613.2 606.7213135912743 26.402922443027702 4.2
3617.4 605.53630470098 26.41265143116417 4.2
3621.6 606.7143845791703 26.5255257129969 4.2
3625.8 609.5840085323338 26.712836131678177 4.2
3630.0 612.609891201512 26.907664251244015 4.2
3634.2 615.0686712337904 27.07821299238384 4.2
3638.4 616.5330588974896 27.205455394742568 4.2
3642.6 616.7856886954376 27.279474499753178 4.2
3646.8 615.6209099079352 27.290783239170455 4.2
3651.0 615.0884738068141 27.330023177461815 4.2
3655.2 617.6905606295464 27.508822433404625 4.2
3659.4 621.7638773889054 27.75389877612108 4.2
3663.6 624.9498296675156 27.96018238518454 4.2
3667.8 626.6686403828845 28.1014027944145 4.2
3672.0 626.5098590755617 28.15866103891166 4.2
3676.2 625.8280048887295 28.192396842402648 4.2
3680.4 626.3530703586886 28.2805596789371 4.2
3684.6 626.9610472498412 28.37265648662566 4.2
3688.8 626.2201477195412 28.40377083164285 4.2
3693.0 625.9312570705938 28.45535446937256 4.2
3697.2 627.9417601349833 28.61172222013774 4.2
3701.4 628.4188642378261 28.69855300850106 4.2
3705.6 624.1028693742448 28.566168921687545 4.2
3709.8 618.7514945563516 28.385464145850726 4.2
3714.0 615.8592317710084 28.316788692553363 4.2
3718.2 616.2937474409664 28.400893285043605 4.2
3722.4 620.479126017966 28.658403955736546 4.2
3726.6 626.9136059448025 29.02097506189848 4.2
3730.8 633.7782318236026 29.404919852147305 4.2
3735.0 637.0771703376959 29.624566228580612 4.2
3739.2 634.8160005521673 29.585846522194768 4.2
3743.4 634.6361149859708 29.6439450801586 4.2
3747.6 641.8873163863117 30.049967040861652 4.2
3751.8 652.6042482626675 30.620198376610247 4.2
3756.0 663.4956616667708 31.2009631093593 4.2
3760.2 672.8889005088679 31.71348723885364 4.2
3764.4 680.0200616040663 32.12121763973465 4.2
3768.6 688.305384757996 32.58517066821322 4.2
3772.8 698.7948375202504 33.15553193784273 4.2
3777.0 706.3228969685962 33.58737011549638 4.2
3781.2 707.7794618989798 33.73152685959385 4.2
3785.4 703.2887965819277 33.59201070271395 4.2
3789.6 695.6815909870548 33.30243581940778 4.2
3793.8 693.0241842657327 33.248801870280744 4.2
3798.0 699.8538143124894 33.650847000366845 4.2
3802.2 715.2129010753843 34.465453709549905 4.2
3806.4 733.8991848653781 35.44410382106174 4.2
3810.6 744.3454337108653 36.02798721859191 4.2
3814.8 740.4124397906365 35.916664672484174 4.2
3819.0 723.4656870499455 35.171913791080826 4.2
3823.2 700.1502040122514 34.113320929180524 4.2
3827.4 683.2718830143131 33.364145002814915 4.2
3831.6 681.4043873784808 33.346019515277135 4.2
3835.8 698.2088431880408 34.243330700238985 4.2
3840.0 728.2002203016484 35.79249722826662 4.2
3844.2 755.9712963197222 37.2388276415995 4.2
3848.4 775.1269604395592 38.265905970959224 4.2
3852.6 788.0348318462648 38.98809359830094 4.2
3856.8 795.578462793121 39.44718346870336 4.2
3861.0 798.6889050112059 39.68770628713518 4.2
3865.2 794.550148179612 39.56799097867158 4.2
3869.4 777.2880663754191 38.792520651138226 4.2
3873.6 749.8384573215229 37.50386269379977 4.2
3877.8 720.8060814044303 36.13000319724852 4.2
3882.0 698.8471407044339 35.105244326777076 4.2
3886.2 692.4221622848614 34.857802105603284 4.2
3890.4 701.7408225673277 35.4033207696314 4.2
3894.6 721.4654459054154 36.47707448524078 4.2
3898.8 746.1795456349005 37.808025743527466 4.2
3903.0 770.435262693067 39.12118488208644 4.2
3907.2 787.2523581245891 40.06120423556507 4.2
3911.4 790.1413532831807 40.29470679780464 4.2
3915.6 779.5655072936277 39.84079537308473 4.2
3919.8 759.111267254602 38.878723736795045 4.2
3924.0 738.5829150534788 37.90844761140165 4.2
3928.2 729.5886549211217 37.52701319989549 4.2
3932.4 732.2407258522129 37.744006644913 4.2
3936.6 742.4012226380044 38.34952596114847 4.2
3940.8 753.7172688032732 39.017191033453614 4.2
3945.0 759.2123072491914 39.38546706008949 4.2
3949.2 753.7008378170805 39.182848050381764 4.2
3953.4 734.1346775301504 38.24687883399835 4.2
3957.6 705.4422391910928 36.83019345121264 4.2
3961.8 674.06869692491 35.2669579500787 4.2
3966.0 657.6394159655318 34.48037655156914 4.2
3970.2 673.5727121528968 35.39060606460133 4.2
3974.4 709.8492150014494 37.37558509190813 4.2
3978.6 750.814580989126 39.61612560868729 4.2
3982.8 785.4675681891171 41.53211042122808 4.2
3987.0 802.9727060975111 42.547299461711226 4.2
3991.2 811.652765722088 43.09788917078916 4.2
3995.4 821.2374090743401 43.69864795306361 4.2
3999.6 829.3849211657878 44.22501613202154 4.2
4003.8 834.5656474871721 44.59477735535438 4.2
4008.0 837.9880567855469 44.87164591812886 4.2
4012.2 840.3652925464945 45.093298044221974 4.2
4016.4 844.1027942174898 45.388726746562355 4.2
4020.6 850.6433634590996 45.83613606887123 4.2
4024.8 854.9183641530898 46.162784796293664 4.2
4029.0 853.097599559564 46.16065897044023 4.2
4033.2 847.8240612487313 45.971005187468776 4.2
4037.4 841.5689377892485 45.72692527927314 4.2
4041.6 835.5079698815839 45.492101557180966 4.2
4045.8 830.8305064698834 45.33149061464098 4.2
4050.0 828.3983177521084 45.29267802309653 4.2
4054.2 828.2222930194907 45.3770229783399 4.2
4058.4 828.4676525618158 45.484560223010185 4.2
4062.6 827.4792770750013 45.524375826170036 4.2
4066.8 824.2284953655359 45.43933846377693 4.2
4071.0 818.2594882973825 45.203493493971806 4.2
4075.2 811.0495720584706 44.8976903108596 4.2
4079.4 802.321945879345 44.506147201582685 4.2
4083.6 787.7689597718746 43.7888964079817 4.2
4087.8 766.2208684756501 42.678780359024806 4.2
4092.0 740.6721322286061 41.340526179683785 4.2
4096.2 718.1694853745888 40.16687086116645 4.2
4100.4 712.9397098185391 39.956183594560656 4.2
4104.6 729.1276587765757 40.94718022554851 4.2
4108.8 756.2671748518798 42.558273379758106 4.2
4113.0 784.6641948642772 44.24660975696654 4.2
4117.2 805.5663683138906 45.518086835659645 4.2
4121.4 816.0029356991453 46.201917469878495 4.2
4125.6 821.0980446753181 46.585203824483 4.2
4129.8 824.0303638136916 46.84680749111317 4.2
4134.0 825.6354087731886 47.03357602658601 4.2
4138.2 827.0624469293476 47.210652187878466 4.2
4142.4 829.3487387611834 47.437304126855246 4.2
4146.6 831.6507203223971 47.66548320435772 4.2
4150.8 831.2767590288336 47.74061397357055 4.2
4155.0 829.1616335425321 47.715557235063706 4.2
4159.2 829.1357590955091 47.81057865212529 4.2
4163.4 831.8422580134642 48.06356716722998 4.2
4167.6 835.7438626535547 48.38647672675392 4.2
4171.8 839.0701961416006 48.67702191352865 4.2
4176.0 839.8317220239136 48.81935081471234 4.2
4180.2 837.8053568700436 48.79957053815017 4.2
4184.4 833.8556348242652 48.66715961006651 4.2
4188.6 829.8879868351036 48.532872887982236 4.2
4192.8 828.4627027478273 48.54673199905333 4.2
4197.0 828.9633238170502 48.673435390141634 4.2
4201.2 829.1221950866002 48.78024755663353 4.2
4205.4 828.7635346352907 48.856685438807524 4.2
4209.6 828.5440316132892 48.94135622328558 4.2
4213.8 827.967742602369 49.00495559468386 4.2
4218.0 826.2512012824782 49.000893592153474 4.2
4222.2 824.2437294995789 48.979235264431 4.2
4226.4 823.2581890046565 49.018046560210735 4.2
4230.6 823.0558850957188 49.103449248006854 4.2
4234.8 823.1053905401673 49.20395356814471 4.2
4239.0 822.209369691185 49.24793217104878 4.2
4243.2 818.9365412815689 49.14914870812644 4.2
4247.4 815.3853970540803 49.032947430065704 4.2
4251.6 814.2925434886457 49.06411843314674 4.2
4255.8 814.4845194069776 49.17269372618177 4.2
4260.0 814.1980473801586 49.25246828212056 4.2
4264.2 813.2838028085913 49.29422011258391 4.2
4268.4 811.7738035516591 49.299668612220835 4.2
4272.6 809.1793336593798 49.23886120218325 4.2
4276.8 804.9249177655427 49.07632117560015 4.2
4281.0 801.4026958914798 48.95758650966003 4.2
4285.2 801.1891554497348 49.04062540344189 4.2
4289.4 799.3411294587238 49.02346453433216 4.2
4293.6 791.3672804931306 48.62952191867817 4.2
4297.8 783.4023169041467 48.234302197963544 4.2
4302.0 780.7723817118409 48.16637915302303 4.2
4306.2 780.3058475350541 48.23163674556833 4.2
4310.4 778.9796397514805 48.24363244140692 4.2
4314.6 775.5685262711901 48.12602585033326 4.2
4318.8 768.802999936085 47.799130878600586 4.2
4323.0 756.6634977605967 47.13592129480264 4.2
4327.2 738.8415621033574 46.11518975346534 4.2
4331.4 719.0393701686249 44.96638763331874 4.2
4335.6 701.9769298711543 43.98453449216279 4.2
4339.8 696.5460339693446 43.72884433793287 4.2
4344.0 707.7137305558981 44.51598629134422 4.2
4348.2 728.6756068382028 45.92318490433923 4.2
4352.4 752.6128887088879 47.5234542625347 4.2
4356.6 774.7505271984063 49.01578924772181 4.2
4360.8 790.9279384653942 50.135805861814575 4.2
4365.0 798.9962824359077 50.74485314471632 4.2
4369.2 799.4980425082157 50.874481964468906 4.2
4373.4 798.0219802994201 50.87823067293555 4.2
4377.6 798.2539997660257 50.99082046321101 4.2
4381.8 799.5251925831717 51.17006869430292 4.2
4386.0 801.0433142838773 51.36555677568563 4.2
4390.2 801.3618140539537 51.48444080009717 4.2
4394.4 800.2802197007348 51.51337446989021 4.2
4398.6 799.9085059316717 51.5879178995492 4.2
4402.8 801.1970454916723 51.76974192434842 4.2
4407.0 803.6133700972033 52.02498935244993 4.2
4411.2 806.1126885747111 52.28631078722661 4.2
4415.4 806.8803665382403 52.435812277337746 4.2
4419.6 805.4958828003793 52.44547220059698 4.2
4423.8 803.0790307197572 52.38753934338203 4.2
4428.0 801.2831871744581 52.36968962345346 4.2
4432.2 802.6580319657556 52.559109689162355 4.2
4436.4 806.1054575970937 52.884938055814445 4.2
4440.6 806.9115752728924 53.038105152203045 4.2
4444.8 804.4828803409114 52.978541744886016 4.2
4449.0 801.6714978472871 52.89321920487186 4.2
4453.2 800.1231829288132 52.89078343819676 4.2
4457.4 800.9437877140994 53.04494457916372 4.2
4461.6 802.8159490324626 53.26917858735853 4.2
4465.8 802.3848423989077 53.34085835164854 4.2
4470.0 800.5237266408151 53.31728176545821 4.2
4474.2 800.8929445491021 53.44215963924875 4.2
4478.4 802.8372089985772 53.672521668400314 4.2
4482.6 803.4914895245583 53.817063868987105 4.2
4486.8 802.5790745970802 53.856732359689 4.2
4491.0 800.9236992720072 53.846316551455836 4.2
4495.2 799.8917481624599 53.877570020916906 4.2
4499.4 801.1835924807342 54.065472149205206 4.2
4503.6 803.9659095229376 54.35456194235406 4.2
4507.8 806.3655703252416 54.618529071347574 4.2
4512.0 807.448947490685 54.79387315221267 4.2
4516.2 806.5864499015443 54.83729198483276 4.2
4520.4 804.1027033956715 54.770158784956124 4.2
4524.6 800.580250642997 54.63161007385843 4.2
4528.8 797.4197190969421 54.517006382382725 4.2
4533.0 796.4780590712735 54.55367348114596 4.2
4537.2 795.3410675679469 54.57679144151872 4.2
4541.4 790.5580102572196 54.349055357125984 4.2
4545.6 786.3046101395344 54.15667592560327 4.2
4549.8 787.8302314171189 54.36207182134978 4.2
4554.0 791.7848763447951 54.73586680195031 4.2
4558.2 793.9232147592023 54.98497095744893 4.2
4562.4 793.7916707851402 55.0772185665602 4.2
4566.6 791.0634337393266 54.98902254909625 4.2
4570.8 789.3194730932095 54.96876757585365 4.2
4575.0 792.5215092395069 55.29323504775386 4.2
4579.2 796.0824147233507 55.643699939201824 4.2
4583.4 795.4149216288964 55.69907719790695 4.2
4587.6 793.4766783003065 55.66522899449348 4.2
4591.8 793.0112113680515 55.73448596278739 4.2
4596.0 793.0219616792945 55.83724729765154 4.2
4600.2 792.7492273938623 55.920107806474995 4.2
4604.4 792.9743949528178 56.03817717564533 4.2
4608.6 794.1073646317697 56.22066780826201 4.2
4612.8 793.9552131053841 56.31239518942446 4.2
4617.0 791.1111501295195 56.212901172477586 4.2
4621.2 788.6852620892639 56.14253262010301 4.2
4625.4 788.8794856085312 56.25848075720818 4.2
4629.6 789.3076572409801 56.391286160786585 4.2
4633.8 788.5526295089226 56.4396094671565 4.2
4638.0 789.1285682508269 56.5832645110018 4.2
4642.2 792.1247083598845 56.901013243448105 4.2
4646.4 794.708879164188 57.18998728626771 4.2
4650.6 794.8904516015932 57.30651521545317 4.2
4654.8 792.6969796232221 57.251648996039705 4.2
4659.0 788.6709310364682 57.06370948536401 4.2
4663.2 784.5220781768323 56.86591086940815 4.2
4667.4 781.7343776646367 56.76596171982492 4.2
4671.6 781.2930394437906 56.836064704057726 4.2
4675.8 782.8407087763422 57.05109705089883 4.2
4680.0 783.230423286477 57.18208674329912 4.2
4684.2 781.5601277745321 57.16260340344213 4.2
4688.4 781.2102631098776 57.23952221553566 4.2
4692.6 782.8781680802786 57.46454865976724 4.2
4696.8 783.2296503424699 57.593304828181594 4.2
4701.0 781.2764837590936 57.552474354873986 4.2
4705.2 778.9706201525705 57.48519382149637 4.2
4709.4 777.4385930852293 57.47460563270603 4.2
4713.6 777.0336101944256 57.54717382019554 4.2
4717.8 777.3743427194261 57.675052696608944 4.2
4722.0 777.293953237737 57.771813422748465 4.2
4726.2 775.8773307314041 57.7691529936805 4.2
4730.4 772.2208487897823 57.59914011712025 4.2
4734.6 768.1723434589239 57.3989568839897 4.2
4738.8 768.3524760630463 57.51432139951324 4.2
4743.0 772.2377101642236 57.907657891673914 4.2
4747.2 775.1293770685934 58.227480685648096 4.2
4751.4 775.3362118177422 58.346122568046525 4.2
4755.6 773.2690322199677 58.29348233897992 4.2
4759.8 769.9807104726995 58.14816311044241 4.2
4764.0 767.2656386096122 58.045425617098736 4.2
4768.2 765.5548776882288 58.01816649530213 4.2
4772.4 764.2783910322341 58.02351041200642 4.2
4776.6 763.6238887023027 58.075906850798226 4.2
4780.8 764.194843878291 58.22158174039809 4.2
4785.0 764.8448918016325 58.373535775969444 4.2
4789.2 763.7360787127025 58.391280596919835 4.2
4793.4 761.3176732507873 58.30851755639605 4.2
4797.6 758.9150808950228 58.226408105694574 4.2
4801.8 758.0696684097768 58.26342353392368 4.2
4806.0 760.4553537983264 58.549069854283196 4.2
4810.2 764.0873096459325 58.93156846415502 4.2
4814.4 765.7322067383087 59.16161215246841 4.2
4818.6 765.2220964041954 59.22539964974356 4.2
4822.8 763.0601089885206 59.161067256393274 4.2
4827.0 760.3309287507374 59.052188854654126 4.2
4831.2 758.1571263668883 58.98587144818535 4.2
4835.4 754.7592467964752 58.823654209066056 4.2
4839.6 748.2561906057389 58.418176968015885 4.2
4843.8 734.7385874487919 57.462431626554476 4.2
4848.0 711.0563716356196 55.70677284138206 4.2
4852.2 682.8917526463625 53.59299155607206 4.2
4856.4 656.7322654703657 51.62927184440224 4.2
4860.6 645.0204584653543 50.79629070763139 4.2
4864.8 659.4035393810045 52.01876054318161 4.2
4869.0 687.5585794517009 54.33353979997589 4.2
4873.2 715.3733935220687 56.62914440058799 4.2
4877.4 737.8507224522801 58.50917844235171 4.2
4881.6 750.600542772182 59.62274955135725 4.2
4885.8 756.1394278950708 60.166119229763375 4.2
4890.0 758.1087975316447 60.426577924854804 4.2
4894.2 758.6436540114477 60.573127827644555 4.2
4898.4 759.9215524039589 60.77934282892176 4.2
4902.6 760.71211522504 60.946953245543476 4.2
4906.8 759.9421645295484 60.98963018641465 4.2
4911.0 758.7127571772453 60.995247797643295 4.2
4915.2 757.8981844098697 61.034023420090634 4.2
4919.4 757.8111328666467 61.13135187502253 4.2
4923.6 758.7098610646711 61.30840250624671 4.2
4927.8 760.9622422533736 61.59536030614104 4.2
4932.0 764.3972551163054 61.978919391120684 4.2
4936.2 767.4812237049169 62.33500519390468 4.2
4940.4 768.9339363957289 62.55931720057625 4.2
4944.6 767.6494192011024 62.561045802271956 4.2
4948.8 763.8524033363766 62.35740015381799 4.2
4953.0 761.3223837825594 62.256399451106525 4.2
4957.2 762.002458738197 62.4177342756633 4.2
4961.4 763.5909456987489 62.653884191314845 4.2
4965.6 764.3104367441284 62.819141942538856 4.2
4969.8 763.0402216318495 62.82087772355719 4.2
4974.0 759.909183259419 62.668889641486366 4.2
4978.2 757.7685450635012 62.59793401895679 4.2
4982.4 757.788609393127 62.70526390724875 4.2
4986.6 758.179764891347 62.84344724182273 4.2
4990.8 758.4185065464507 62.96917451200463 4.2
4995.0 759.9871856677516 63.20566427363348 4.2
4999.2 762.0092292009051 63.480450479583084 4.2
5003.4 760.3872152899474 63.45180779214917 4.2
5007.6 755.2347997591562 63.127704870408785 4.2
5011.8 751.5844586684127 62.92801027817739 4.2
5016.0 751.3221611638809 63.011526377855006 4.2
5020.2 753.2848204332081 63.28197138298613 4.2
5024.4 755.747711654742 63.595150583233064 4.2
5028.6 756.0718567752041 63.72883802317927 4.2
5032.8 754.2753418782693 63.68365779558872 4.2
5037.0 753.0110564801453 63.68307125012535 4.2
5041.2 752.3733424613612 63.73529495744845 4.2
5045.4 750.4021142493876 63.67427371641906 4.2
5049.6 747.7756178385637 63.55708933358669 4.2
5053.8 746.7533035851941 63.57582433196906 4.2
5058.0 748.0516835730099 63.79226170553709 4.2
5062.2 751.5582659910975 64.19777849968565 4.2
5066.4 755.4510074192444 64.63741802560385 4.2
5070.6 756.8512813790668 64.86463819461049 4.2
5074.8 755.8774553090051 64.88853961297937 4.2
5079.0 754.1345343808028 64.84612065103325 4.2
5083.2 752.6531087107577 64.82581716557178 4.2
5087.4 752.4358568935152 64.91424346063003 4.2
5091.6 752.2335496837807 65.00398778112499 4.2
5095.8 749.7431487023036 64.89571175575219 4.2
5100.0 746.7116076927003 64.73989638695711 4.2
5104.2 746.2182880053791 64.80372941922887 4.2
5108.4 747.8309968588418 65.05070385021492 4.2
5112.6 750.1456986194904 65.35939146470211 4.2
5116.8 751.8520194897029 65.61573530566969 4.2
5121.0 751.5185467991766 65.69434698216702 4.2
5125.2 750.3564495190498 65.70039793378187 4.2
5129.4 750.1292835614695 65.78819938911923 4.2
5133.6 750.8776923278516 65.96172430347184 4.2
5137.8 752.3966719948347 66.20335517966932 4.2
5142.0 753.1701683605946 66.37980923787245 4.2
5146.2 751.4635741683696 66.33763737573881 4.2
5150.4 748.1545750428461 66.15337411042597 4.2
5154.6 744.490766619618 65.9368202787196 4.2
5158.8 740.4843298292674 65.68890160219658 4.2
5163.0 736.1545566461086 65.41118244633803 4.2
5167.2 732.5119459585811 65.19345536455528 4.2
5171.4 730.4609310919677 65.11664255068666 4.2
5175.6 729.611795157621 65.14663677867081 4.2
5179.8 729.4697249027388 65.23970671463013 4.2
5184.0 730.8416156061494 65.46844112202336 4.2
5188.2 734.1889367899121 65.87490470981308 4.2
5192.4 737.552555701348 66.28389184399143 4.2
5196.6 739.2556913718854 66.54447453081556 4.2
5200.8 739.5387734513455 66.67760623341438 4.2
5205.0 738.7402924919845 66.71323490900052 4.2
5209.2 737.53594456055 66.71200601711723 4.2
5213.4 736.5515698875545 66.73044177246297 4.2
5217.6 735.4746221177834 66.74027625838751 4.2
5221.8 734.1702581759978 66.72921256362046 4.2
5226.0 733.4363729927993 66.76978841323563 4.2
5230.2 733.6765901067198 66.89905760767888 4.2
5234.4 734.5061561928512 67.08230857033081 4.2
5238.6 735.3376071175328 67.26606149693485 4.2
5242.8 734.8837990499903 67.33238530827774 4.2
5247.0 732.7285713004845 67.2425229701026 4.2
5251.2 730.8901952949819 67.1812375892018 4.2
5255.4 730.2132367876725 67.22642240834689 4.2
5259.6 728.7386794839059 67.1979462424128 4.2
5263.8 725.9563279806968 67.0483353767182 4.2
5268.0 724.065278703583 66.98044059697594 4.2
5272.2 724.0248980637167 67.08354428350202 4.2
5276.4 724.8861990363565 67.27039843999245 4.2
5280.6 725.9232594955047 67.47392902874672 4.2
5284.8 726.6347142770975 67.64753873521242 4.2
5289.0 726.8723030337993 67.77725877744783 4.2
5293.2 727.2113475226024 67.91660994744393 4.2
5297.4 727.5916733738627 68.06000865691111 4.2
5301.6 727.1689721853022 68.12837025335324 4.2
5305.8 725.5836766829118 68.08759590366782 4.2
5310.0 722.969893715564 67.94977140064472 4.2
5314.2 720.0480268012864 67.78225297442128 4.2
5318.4 718.1567704922777 67.7111203960037 4.2
5322.6 717.98867729953 67.80223344258162 4.2
5326.8 719.5823006166802 68.06000865691111 4.2
5331.0 722.1374859296541 68.40943443921482 4.2
5335.2 724.1155034354834 68.70494558739317 4.2
5339.4 724.6433989556298 68.86332684410088 4.2
5343.6 723.3048419489373 68.84430183224374 4.2
5347.8 721.0326664332138 68.73595958604977 4.2
5352.0 719.8152530271813 68.7277300181543 4.2
5356.2 719.627389297791 68.8176756455296 4.2
5360.4 719.228449242888 68.88743274011792 4.2
5364.6 718.3143857745041 68.90773898690304 4.2
5368.8 716.9597961751384 68.88552933630616 4.2
5373.0 715.6943250547348 68.8715726485769 4.2
5377.2 715.3208349429146 68.94328932307295 4.2
5381.4 715.6137982680393 69.07931143816529 4.2
5385.6 715.9209413650093 69.21687692922997 4.2
5389.8 715.7015447605573 69.30363274878583 4.2
5394.0 714.4426463878249 69.28959135039437 4.2
5398.2 712.6812170851451 69.22644025476613 4.2
5402.4 711.2917660232696 69.19902892284813 4.2
5406.6 710.4553263857333 69.22516506835592 4.2
5410.8 710.1045444548023 69.2985264565377 4.2
5415.0 710.0097830498952 69.39688870263404 4.2
5419.2 709.8831963669555 69.49219025666862 4.2
5423.4 709.339233268303 69.54661552975283 4.2
5427.6 707.941851166818 69.51715656268254 4.2
5431.8 706.8214379353253 69.51459550316498 4.2
5436.0 707.3500011941367 69.67420146962283 4.2
5440.2 708.584295087102 69.90367367619714 4.2
5444.4 709.3444973378851 70.0867626303482 4.2
5448.6 709.3611550216367 70.19658748717467 4.2
5452.8 708.431913705018 70.21275270978593 4.2
5457.0 707.3548687701162 70.21404608840037 4.2
5461.2 706.9962196604645 70.2865133285563 4.2
5465.4 707.0812968779759 70.4031352613746 4.2
5469.6 707.3952200895561 70.54268730825909 4.2
5473.8 706.8176800315122 70.59338384498815 4.2
5478.0 704.4224668168029 70.46216774904185 4.2
5482.2 702.3466319377553 70.36229559030184 4.2
5486.4 702.3899989194604 70.47449945843174 4.2
5490.6 703.2109800303268 70.6649408876815 4.2
5494.8 703.6447887081807 70.81675134354481 4.2
5499.0 703.8916532302286 70.94993468640179 4.2
5503.2 704.068090496425 71.0761671465319 4.2
5507.4 704.2453923811969 71.20262419649572 4.2
5511.6 704.4495106652957 71.33193415304082 4.2
5515.8 703.999310380938 71.3950332185181 4.2
5520.0 702.5983074720682 71.36150489332303 4.2
5524.2 701.3236229471578 71.34047555248864 4.2
5528.4 700.8649443529283 71.4022668830715 4.2
5532.6 700.4138252633999 71.46476994584748 4.2
5536.8 699.6866412817193 71.49900531599981 4.2
5541.0 699.8306424919705 71.6222565681867 4.2
5545.2 701.2337747112416 71.87469255484193 4.2
5549.4 702.6081692781319 72.12469672240401 4.2
5553.6 703.0788959259655 72.28230612114416 4.2
5557.8 702.5147155930691 72.33358664042285 4.2
5562.0 701.0730709474141 72.29429051810044 4.2
5566.2 699.5449741326062 72.24569943850379 4.2
5570.4 698.355391522106 72.23172723265223 4.2
5574.6 697.2392608214652 72.22507475108058 4.2
5578.8 696.1321158296907 72.21908804151548 4.2
5583.0 695.2964292199716 72.24104173627623 4.2
5587.2 694.776018175577 72.29562224041086 4.2
5591.4 694.2951483742168 72.35424231464401 4.2
5595.6 694.0966234605916 72.44226155943548 4.2
5599.8 695.1271035083859 72.65876303038736 4.2
5604.0 696.961841926824 72.95986134910999 4.2
5608.2 697.8438710475934 73.16173566730477 4.2
5612.4 696.7356340844345 73.15499753273535 4.2
5616.6 693.0590891469456 72.8779252028834 4.2
5620.8 688.4255652273677 72.49899728547386 4.2
5625.0 686.6006356439758 72.41491079057559 4.2
5629.2 687.5240532974188 72.62062796102083 4.2
5633.4 688.0057626282244 72.77999141137879 4.2
5637.6 687.2404883064316 72.8074800694602 4.2
5641.8 686.0343819007469 72.78803579783836 4.2
5646.0 684.7617719780943 72.7612246335522 4.2
5650.2 683.5552340914256 72.74112274151597 4.2
5654.4 683.0369513833771 72.79406967118004 4.2
5658.6 684.0805840968006 73.0136399719755 4.2
5662.8 685.5179134510548 73.275704061326 4.2
5667.0 685.1202899884353 73.3418735487547 4.2
5671.2 682.9349330376243 73.21633743576119 4.2
5675.4 680.0428879472516 73.01431245554782 4.2
5679.6 677.3447261181392 72.83229581951178 4.2
5683.8 675.6591762010443 72.75854406035108 4.2
5688.0 675.3642678607027 72.8343082780182 4.2
5692.2 676.6575824790134 73.0815921011881 4.2
5696.4 678.0727619258788 73.34254905548453 4.2
5700.6 677.560559188324 73.39525775391765 4.2
5704.8 676.0836102926755 73.3432245684354 4.2
5709.0 675.5557093547335 73.39390577575847 4.2
5713.2 674.8362441731721 73.42365504892241 4.2
5717.4 672.2024639792518 73.2446655048627 4.2
5721.6 669.4070303495241 73.04727173917796 4.2
5725.8 668.7455517914944 73.08226521062555 4.2
5730.0 669.1877939431861 73.2379197325241 4.2
5734.2 669.2241148143264 73.34930446498309 4.2
5738.4 668.9345369504506 73.4250075750879 4.2
5742.6 668.5719033869074 73.49266565916278 4.2
5746.8 667.4720560679469 73.47912905665684 4.2
5751.0 665.05033954004 73.31958531665875 4.2
5755.2 662.9189194187984 73.19139083330947 4.2
5759.4 662.6661253902648 73.2703051068305 4.2
5763.6 663.574348498966 73.477775533546 4.2
5767.8 664.8885733745 73.7306393715325 4.2
5772.0 665.6786218359198 73.92579438075852 4.2
5776.2 665.1396082694863 73.97347146938061 4.2
5780.4 664.246798647933 73.98164777142013 4.2
5784.6 663.9182215529684 74.0525469226302 4.2
5788.8 663.8655988978162 74.1542420120482 4.2
5793.0 663.9053948697511 74.26633632239785 4.2
5797.2 664.0682058433341 74.392302385129 4.2
5801.4 664.3908358912134 74.5363290958711 4.2
5805.6 665.8172375826276 74.80454746687178 4.2
5809.8 668.625430066769 75.22877673707467 4.2
5814.0 669.9265655840849 75.48419015368775 4.2
5818.2 668.2453766820012 75.40358595035399 4.2
5822.4 667.1771721292508 75.39178049883982 4.2
5826.6 668.6315197931383 75.66516788168897 4.2
5830.8 669.6763540820568 75.8926993362779 4.2
5835.0 668.5956304281194 75.87941954401008 4.2
5839.2 666.4116082155352 75.74047073864006 4.2
5843.4 664.1191789062456 75.58854748718427 4.2
5847.6 663.1288762291332 75.58437042509776 4.2
5851.8 663.9361343472382 75.78513001280264 4.2
5856.0 665.1186392016469 76.02912634273775 4.2
5860.2 665.5311365087088 76.18544348953225 4.2
5864.4 664.3272767104802 76.1566794723623 4.2
5868.6 661.6986310227262 75.96403059172269 4.2
5872.8 659.9071480039771 75.86684083166489 4.2
5877.0 658.9703486238112 75.86753959430929 4.2
5881.2 655.4527012232986 75.57044855182124 4.2
5885.4 649.0726130122663 74.94177928501809 4.2
5889.6 643.3771825233548 74.39024687824927 4.2
5893.8 640.4282278479993 74.15492500100193 4.2
5898.0 640.7722837098406 74.30054511044379 4.2
5902.2 643.9993235389438 74.78112597262144 4.2
5906.4 648.7472708806273 75.43970821979917 4.2
5910.6 652.9653199665023 76.03823019146236 4.2
5914.8 653.8966709213713 76.25494286303147 4.2
5919.0 652.0675298826486 76.14966550597659 4.2
5923.2 650.9632339945416 76.12862748246468 4.2
5927.4 651.0116839585666 76.24230189929008 4.2
5931.6 650.3056716096478 76.26758592264362 4.2
5935.8 648.7281384868496 76.19035550493678 4.2
5940.0 647.2206492269468 76.12091499687965 4.2
5944.2 646.2051695162111 76.10899723779852 4.2
5948.4 645.875669619563 76.17772524799578 4.2
5952.6 646.1239727187815 76.31466462563546 4.2
5956.8 646.646925382683 76.4842478200541 4.2
5961.0 646.8372336139738 76.61468141401348 4.2
5965.2 645.9266991865153 76.61468141401348 4.2
5969.4 644.3352515426362 76.53357493641526 4.2
5973.6 642.9852021804884 76.48072567137773 4.2
5977.8 642.4605916440422 76.52582142616511 4.2
5982.0 643.2746502301771 76.73049501607777 4.2
5986.2 644.493897496962 76.98391619294324 4.2
5990.4 644.598973049817 77.10454878113143 4.2
5994.6 644.0399921030745 77.14574901476192 4.2
5998.8 643.9327137197015 77.24101996698266 4.2
6003.0 643.3933503108216 77.28442854113642 4.2
6007.2 641.0162985531733 77.10667928798051 4.2
6011.4 638.7545411824602 76.94209372114166 4.2
6015.6 639.2980112211267 77.1152019040839 4.2
6019.8 640.2847077363065 77.34210714094 4.2
6024.0 638.5800232316125 77.24386568374044 4.2
6028.2 636.0012210325685 77.03924181326967 4.2
6032.4 634.8468838130823 77.00660907520745 4.2
6036.6 634.7525524933495 77.10241833314961 4.2
6040.8 635.1149565260708 77.25382651804982 4.2
6045.0 635.7650421267241 77.44047354506937 4.2
6049.2 636.48088856872 77.63543665394333 4.2
6053.4 636.3653288065886 77.72916457884487 4.2
6057.6 634.6409189823631 77.62614157607017 4.2
6061.8 632.5313394539552 77.47543083558112 4.2
6066.0 631.2311797560417 77.423357362011 4.2
6070.2 630.8109942930224 77.47899879317855 4.2
6074.4 631.2399561342978 77.63901198025003 4.2
6078.6 632.2635176637127 77.8724789482522 4.2
6082.8 633.481855583042 78.13039140980536 4.2
6087.0 633.5700675516118 78.24921691407735 4.2
6091.2 631.6776860822044 78.12319566620351 4.2
6095.4 629.3856449754176 77.94710681646504 4.2
6099.6 627.9694888973373 77.87893430413074 4.2
6103.8 627.1980002170744 77.89041181368842 4.2
6108.0 626.9071137235921 77.96146652669853 4.2
6112.2 627.471697735104 78.13902717700535 4.2
6116.4 628.6624134145248 78.39493421291053 4.2
6120.6 628.0775334547749 78.42959998847375 4.2
6124.8 624.950228516917 78.14622437881037 4.2
6129.0 623.28978880364 78.04552385124853 4.2
6133.2 624.894929455282 78.35378850481551 4.2
6137.4 626.0548678644262 78.60677882950485 4.2
6141.6 624.9283105028862 78.57275841965284 4.2
6145.8 623.3908284887788 78.48668745643774 4.2
6150.0 622.528191088965 78.48524169154126 4.2
6154.2 622.4235882280288 78.57927182624859 4.2
6158.4 622.6865243870378 78.7198032569652 4.2
6162.6 621.7922368367454 78.71400318119427 4.2
6166.8 619.4204327147467 78.52067059930872 4.2
6171.0 617.1207678492101 78.33574895523607 4.2
6175.2 615.776624855889 78.27156186346681 4.2
6179.4 615.5291680721458 78.34657218652899 4.2
6183.6 616.025199019555 78.51633150658868 4.2
6187.8 616.1645644178549 78.64081396950324 4.2
6192.0 615.7258109030751 78.69153192374839 4.2
6196.2 615.5089891204321 78.7705721539062 4.2
6200.4 615.6556076084389 78.89618435595673 4.2
6204.6 615.751782461993 79.01544676272788 4.2
6208.8 615.3042486214058 79.06494988592475 4.2
6213.0 613.6129936358868 78.95433863511174 4.2
6217.2 611.4874921368909 78.78726050841571 4.2
6221.4 611.0785015389664 78.8409774661227 4.2
6225.6 612.2246728216551 79.09554083655503 4.2
6229.8 613.0685616290024 79.31147011105823 4.2
6234.0 613.049664139201 79.41599837774574 4.2
6238.2 612.3879916542612 79.43721321376509 4.2
6242.4 611.243236896017 79.39552046384966 4.2
6246.6 609.8371273273667 79.31950586010346 4.2
6250.8 608.373162817841 79.23553597852971 4.2
6255.0 607.0362504502211 79.1676949159039 4.2
6259.2 605.6024133503131 79.08679935740052 4.2
6263.4 603.8109140915873 78.95870193366903 4.2
6267.6 600.7623548391583 78.66544432038756 4.2
6271.8 595.3068133963153 78.05558806184686 4.2
6276.0 596.9629596815001 78.3776070713861 4.2
6280.2 598.0511166580976 78.62560495845268 4.2
6284.4 596.4658927941214 78.5221170168358 4.2
6288.6 596.74571884077 78.66399526269831 4.2
6292.8 597.5983594792458 78.88165248019422 4.2
6297.0 595.8677325277183 78.75823955515062 4.2
6301.2 593.7597115868047 78.58433818244484 4.2
6305.4 594.1717096762901 78.74373308741794 4.2
6309.6 594.6502407992538 78.91217251138552 4.2
6313.8 595.5738394761737 79.13999163033147 4.2
6318.0 596.4389700477562 79.36042775276192 4.2
6322.2 596.5471756075763 79.48039192711894 4.2
6326.4 596.4196718479353 79.56901831980846 4.2
6330.6 596.677289045153 79.70911734170916 4.2
6334.8 596.9905253367854 79.85681778524162 4.2
6339.0 596.9744597375083 79.96059184883327 4.2
6343.2 596.9369263172172 80.06155113610902 4.2
6347.4 597.1253649044448 80.19291494459264 4.2
6351.6 597.4629441516062 80.3444718069448 4.2
6355.8 597.878325336203 80.50669534480058 4.2
6360.0 597.6446325035977 80.58162108972509 4.2
6364.2 596.2077488988665 80.49409093247151 4.2
6368.4 594.4736199606812 80.36593467121916 4.2
6372.6 593.2748473760931 80.30969933692484 4.2
6376.8 592.9357859518897 80.36963574450189 4.2
6381.0 593.5806916041362 80.56306862178985 4.2
6385.2 594.0024616470184 80.72647704342221 4.2
6389.4 593.2928300027681 80.73614336040329 4.2
6393.6 592.0935502730771 80.67890589232896 4.2
6397.8 591.0223923783151 80.63878953931598 4.2
6402.0 590.4755442145329 80.66998942287113 4.2
6406.2 590.685443513684 80.80458423022064 4.2
6410.4 591.2062209391515 80.98190708887975 4.2
6414.6 591.6135262593535 81.14392293236574 4.2
6418.8 591.6237049737261 81.25161462523661 4.2
6423.0 591.1877285280424 81.29802588698553 4.2
6427.2 591.2206927035812 81.40892126075885 4.2
6431.4 591.9243584378621 81.61237191166207 4.2
6435.6 591.620438088446 81.6770418046977 4.2
6439.8 589.9082843836725 81.54700214356815 4.2
6444.0 588.9496814597026 81.52071873256945 4.2
6448.2 589.5386141644013 81.70864339752907 4.2
6452.4 590.1340718192022 81.89775557631377 4.2
6456.6 589.6706217887373 81.94000761919108 4.2
6460.8 587.5389464867394 81.75004492593943 4.2
6465.0 584.278891016411 81.40217330557464 4.2
6469.2 582.3178447291667 81.2344042825932 4.2
6473.4 582.3074785344078 81.33847019827012 4.2
6477.6 582.6302135876009 81.48918982138467 4.2
6481.8 582.4062163108825 81.56352748196907 4.2
6486.0 579.6840701794599 81.28754360795759 4.2
6490.2 578.235957283947 81.18952489356707 4.2
6494.4 578.4837805562796 81.32948083509892 4.2
6498.6 580.0609670414112 81.65673294939656 4.2
6502.8 580.7115454897713 81.85401749992396 4.2
6507.0 579.5936800758434 81.80201469393869 4.2
6511.2 578.1215837845946 81.69961312356544 4.2
6515.4 576.9671508981725 81.64169260862369 4.2
6519.6 575.3701837336265 81.52071873256945 4.2
6523.8 573.6671452094837 81.38418149282076 4.2
6528.0 572.8131285928771 81.36769249116561 4.2
6532.2 572.0188072955926 81.35944924317627 4.2
6536.4 569.4872588940499 81.10357535673604 4.2
6540.6 563.199258910799 80.31117870988267 4.2
6544.8 551.564740330856 78.7531619874793 4.2
6549.0 533.1522837755268 76.22194030971455 4.2
6553.2 506.84878476295626 72.55444093160516 4.2
6557.4 482.94525344833346 69.22133965006162 4.2
6561.6 478.44690642155604 68.66445858155453 4.2
6565.8 494.96439066134747 71.12593687612677 4.2
6570.0 521.5002435670057 75.03501954515147 4.2
6574.2 545.2647601825129 78.55466845619156 4.2
6578.4 558.3270898858299 80.53932769548518 4.2
6582.6 563.6562459470872 81.41192053150337 4.2
6586.8 566.4587648663243 81.92114240720656 4.2
6591.0 568.3326827198198 82.29699923838511 4.2
6595.2 570.3130568582579 82.68904953825337 4.2
6599.4 572.4114993607183 83.09903873048695 4.2
6603.6 573.4872104742814 83.36120810965227 4.2
6607.8 572.9430761939536 83.38808491996768 4.2
6612.0 571.5833440070306 83.29597191546168 4.2
6616.2 570.705430161139 83.27372654312654 4.2
6620.4 570.4174393421038 83.3374101690988 4.2
6624.6 570.1615601881592 83.40575154196762 4.2
6628.8 569.8800094236509 83.47030492050582 4.2
6633.0 569.7774537908291 83.56107144548994 4.2
6637.2 569.9010349832569 83.68507313312365 4.2
6641.4 569.5999979426109 83.7467572962276 4.2
6645.6 568.6968985743116 83.71976488223294 4.2
6649.8 568.1200119133703 83.74058683444044 4.2
6654.0 568.014813035387 83.83087515249296 4.2
6658.2 567.9780886205566 83.93130968404735 4.2
6662.4 567.9679738490745 84.0357344418118 4.2
6666.6 567.6497602507233 84.09457886107901 4.2
6670.8 567.1649896146524 84.12866551407356 4.2
6675.0 567.1301220670852 84.2294568167509 4.2
6679.2 567.2367481374539 84.35134268918716 4.2
6683.4 566.8633069926651 84.40185660582053 4.2
6687.6 566.3236214688981 84.42751370905202 4.2
6691.8 566.1497886863563 84.5076451442049 4.2
6696.0 565.976455165276 84.58785263331887 4.2
6700.2 565.3295954011312 84.59720214495212 4.2
6704.4 564.4395278485737 84.56993562411228 4.2
6708.6 563.8732068232946 84.5909690223813 4.2
6712.8 563.7231091357119 84.67437505725088 4.2
6717.0 563.402225446485 84.73210583497527 4.2
6721.2 562.7345980728413 84.73756889182712 4.2
6725.4 562.4358765966331 84.79846678837143 4.2
6729.6 562.4951118222244 84.91335488856667 4.2
6733.8 562.1507936175769 84.96733562163656 4.2
6738.0 561.2123783178358 84.93134465467128 4.2
6742.2 559.9097010962759 84.83987109859947 4.2
6746.4 558.8935274552628 84.79143787502066 4.2
6750.6 558.7280881466427 84.87191471612503 4.2
6754.8 558.593998432469 84.95716271561173 4.2
6759.0 557.5609659722187 84.90553443971028 4.2
6763.2 556.1254801890292 84.79221883661998 4.2
6767.4 555.2614982977173 84.765670177037 4.2
6771.6 555.1964264334174 84.86097163255093 4.2
6775.8 555.1420153068389 84.95794520360096 4.2
6780.0 554.3982707605082 84.94933823209116 4.2
6784.2 553.7324432383671 84.95246793902052 4.2
6788.4 553.8171560856189 85.07069874830489 4.2
6792.6 554.0655821329444 85.21420566090924 4.2
6796.8 553.8858535687463 85.29194142820886 4.2
6801.0 553.0287445352218 85.26523630421026 4.2
6805.2 551.7666764739821 85.175756597627 4.2
6809.4 550.928909174222 85.15144064014423 4.2
6813.6 550.5439395597245 85.19694066969898 4.2
6817.8 550.1849934046529 85.2463906628262 4.2
6822.0 549.9634460541661 85.3170833030398 4.2
6826.2 549.4538714642814 85.34301862368017 4.2
6830.4 548.1166311625966 85.24010970804059 4.2
6834.6 546.6118596955656 85.11066816958417 4.2
6838.8 546.1116593016427 85.13732488274876 4.2
6843.0 546.3263841458619 85.27544609945815 4.2
6847.2 545.4955699665443 85.25031649458842 4.2
6851.4 542.5485511313419 84.89380511688749 4.2
6855.6 535.390073125224 83.87644207487062 4.2
6859.8 540.2046857735168 84.73444710192608 4.2
6864.0 540.8224422756887 84.93525597769388 4.2
6868.2 540.6738787973362 85.01586931874316 4.2
6872.4 539.3670308422239 84.91413697306837 4.2
6876.6 538.4355532288931 84.87113302050153 4.2
6880.8 536.185895287672 84.6198010646636 4.2
6885.0 534.4577334070667 84.45006729895069 4.2
6889.2 536.1467390759998 84.82033824524035 4.2
6893.4 537.598805494048 85.15379349390396 4.2
6897.6 536.4401109956292 85.07383292640259 4.2
6901.8 534.6290021885808 84.88989570270222 4.2
6906.0 533.5217226716762 84.81721340605911 4.2
6910.2 532.7948524416225 84.80471520050592 4.2
6914.4 532.0252625794926 84.78519044115961 4.2
6918.6 530.2599294179377 84.60655268998731 4.2
6922.8 528.5689952133038 84.43917860688592 4.2
6927.0 526.942077628157 84.28145024925131 4.2
6931.2 524.1316595068937 83.93362882387709 4.2
6935.4 521.9996676428029 83.69355201071404 4.2
6939.6 521.6850340874215 83.74444331977764 4.2
6943.8 522.0677278776278 83.9073489910136 4.2
6948.0 523.2745768429094 84.20308435938901 4.2
6952.2 524.441124615538 84.49285789875938 4.2
6956.4 525.0977554498198 84.700895123146 4.2
6960.6 525.3635045780342 84.84612256162801 4.2
6964.8 526.0947344723409 85.06678118805512 4.2
6969.0 527.5897210696928 85.41143135730884 4.2
6973.2 528.461084577898 85.65564702424254 4.2
6977.4 527.9612068286241 85.67773956742666 4.2
6981.6 526.5835994607802 85.55708906166856 4.2
6985.8 524.6781264035675 85.35009326114397 4.2
6990.0 523.0014623987387 85.1796791764954 4.2
6994.2 522.0753171902284 85.13105196393005 4.2
6998.4 521.6073855129648 85.1569307333823 4.2
7002.6 521.4283209656729 85.22990414352194 4.2
7006.8 521.0097038204381 85.26366567497959 4.2
7011.0 519.9113763732946 85.18595567843155 4.2
7015.2 518.6103031521577 85.07461648896982 4.2
7019.4 517.6178827581895 85.01352027591587 4.2
7023.6 517.4563423834404 85.08872184932174 4.2
7027.8 518.3540157085009 85.33830252449268 4.2
7032.0 519.2344875527691 85.58546212208192 4.2
7036.2 519.2026538497556 85.68247442511597 4.2
7040.4 518.6980152292975 85.70141647267269 4.2
7044.6 518.16082778202 85.71483628992753 4.2
7048.8 517.6817777989535 85.73773376944631 4.2
7053.0 517.3321717057698 85.7819669035291 4.2
7057.2 517.1689037700348 85.85705745592288 4.2
7061.4 517.2060879556731 85.96546169766007 4.2
7065.6 517.3389293577961 86.0898596896975 4.2
7069.8 517.1481775945748 86.16045822628918 4.2
7074.0 516.377301639563 86.13427448980319 4.2
7078.2 515.5841942094678 86.10413337724081 4.2
7082.4 515.1958455572106 86.14141471960816 4.2
7086.6 514.7844442586135 86.17474361905997 4.2
7090.8 514.3737328306803 86.20808541376782 4.2
7095.0 514.3472890202017 86.30580346890055 4.2
7099.2 514.2406830868695 86.39010463121086 4.2
7103.4 513.7226484240231 86.40522391718243 4.2
7107.6 513.1960409390884 86.41875394226972 4.2
7111.8 512.4531713671605 86.39567458664142 4.2
7116.0 510.97702788730095 86.24858922217992 4.2
7120.2 509.7965231492543 86.15093594675783 4.2
7124.4 510.0217120525988 86.29070157963324 4.2
7128.6 510.2708533875979 86.43467433131273 4.2
7132.8 509.38383776348314 86.38612631147308 4.2
7137.0 508.4097389787902 86.32249810570978 4.2
7141.2 508.03175848560574 86.35987399557308 4.2
7145.4 507.4674178552707 86.36544200190039 4.2
7149.6 506.39541502770027 86.28434368000974 4.2
7153.8 504.59584031022484 86.07875956861953 4.2
7158.0 501.595771404524 85.66748160668608 4.2
7162.2 502.1117288771663 85.8562666868419 4.2
7166.4 505.71188987176436 86.57330552883965 4.2
7170.6 508.1574079776342 87.09395246752102 4.2
7174.8 507.68420953393337 87.11481125354618 4.2
7179.0 507.2491734729303 87.14209566554663 4.2
7183.2 507.12770545209054 87.22319682618998 4.2
7187.4 506.922565485027 87.28990081162895 4.2
7191.6 506.2560277964768 87.2770382442414 4.2
7195.8 505.3718956307867 87.22641030670825 4.2
7200.0 504.14128249018734 87.11561361430438 4.2
7204.2 502.37235505492384 86.91125075976439 4.2
7208.4 500.9697454153606 86.76968083720989 4.2
7212.6 499.0930929831951 86.54540209019719 4.2
7216.8 495.8609579698633 86.08510231968854 4.2
7221.0 496.27976136943505 86.25812229534799 4.2
7225.2 498.3443149068122 86.7177497944542 4.2
7229.4 501.65453792690914 87.395284404747 4.2
7233.6 501.8388454079379 87.52900669630866 4.2
7237.8 501.1550353756259 87.51127271029618 4.2
7242.0 499.8505954007264 87.38482080707435 4.2
7246.2 498.44887639946074 87.24087243419606 4.2
7250.4 497.6973413017092 87.21034408794071 4.2
7254.6 497.26776989585045 87.23605145862902 4.2
7258.8 496.6147261918863 87.22239347455834 4.2
7263.0 496.51133364949084 87.30517757253227 4.2
7267.2 497.0442220336179 87.49998931726624 4.2
7271.4 496.927673588519 87.58061691036147 4.2
7275.6 495.7784280692659 87.47903830413574 4.2
7279.8 494.86912480978896 87.41943595074147 4.2
7284.0 494.52173067613427 87.45889783002768 4.2
7288.2 493.8518567934639 87.44117804855951 4.2
7292.4 492.85173520128933 87.36470202484998 4.2
7296.6 491.05730611160214 87.14691144878121 4.2
7300.8 490.41116819143554 87.13246489743074 4.2
7305.0 491.59200845202736 87.44278878941914 4.2
7309.2 490.81018189578674 87.40413919677503 4.2
7313.4 489.75919662500786 87.31724006178577 4.2
7317.6 487.7080483687121 87.05144810040852 4.2
7321.8 486.8078035905587 86.9905346386942 4.2
7326.0 484.4349030293479 86.66584983206113 4.2
7330.2 481.226579012445 86.1906190556016 4.2
7334.4 479.2698084166947 85.93854569275118 4.2
7338.6 480.1299764917822 86.19141290419518 4.2
7342.8 480.7705494370283 86.40522391718243 4.2
7347.0 480.11931193135405 86.38692196076403 4.2
7351.2 478.73235227879223 86.23588009683279 4.2
7355.4 477.68396591109047 86.14538176970117 4.2
7359.6 477.26636982715615 86.16839426322066 4.2
7363.8 477.24928400720495 86.26368374128857 4.2
7368.0 477.4391412855156 86.39647032387563 4.2
7372.2 477.7085753808814 86.54380787965917 4.2
7376.4 477.8332165084406 86.66505161376135 4.2
7380.6 477.522585081649 86.70736731614194 4.2
7384.8 476.8917163879213 86.69139669982033 4.2
7389.0 476.37605282402825 86.69618757582143 4.2
7393.2 476.1681523525223 86.75689492662244 4.2
7397.4 476.25006591204414 86.87043575419227 4.2
7401.6 476.5341538208402 87.0209860397304 4.2
7405.8 476.59479605417295 87.1308598728958 4.2
7410.0 476.0064513236669 87.12203276641678 4.2
7414.2 474.9420917035949 87.02579513001551 4.2
7418.4 474.2166095427167 86.99133585481722 4.2
7422.6 474.24323029051624 87.09475463616182 4.2
7426.8 474.14349564970104 87.17500882238814 4.2
7431.0 473.4986358176903 87.15493834559632 4.2
7435.2 473.1381249713102 87.18705332692122 4.2
7439.4 472.8652873098464 87.2352479886024 4.2
7443.6 472.42753300376177 87.25292603875268 4.2
7447.8 472.2252912929933 87.3140232350373 4.2
7452.0 472.09300144732265 87.38804024215054 4.2
7456.2 471.8045852536101 87.43312478930827 4.2
7460.4 471.4819031317684 87.47178719920971 4.2
7464.6 471.1423825127274 87.50724276004911 4.2
7468.8 470.76004388322195 87.53465008183669 4.2
7473.0 470.31766410720104 87.55077604547925 4.2
7477.2 469.9755449357171 87.58545692784449 4.2
7481.4 469.94118111852526 87.67746809745333 4.2
7485.6 469.96771197637617 87.78089408463008 4.2
7489.8 469.2203216969637 87.73967067972282 4.2
7494.0 467.4916704333188 87.51449680411774 4.2
7498.2 465.8511954609645 87.30517757253227 4.2
7502.4 465.3168976685346 87.30276527465489 4.2
7506.6 465.2632025772128 87.3904548962949 4.2
7510.8 464.8243380751164 87.40574925534753 4.2
7515.0 464.30919555835027 87.4065542957561 4.2
7519.2 466.4294692177893 87.90387091731634 4.2
7523.4 465.9002561188359 87.90225168308824 4.2
7527.6 465.7664341721615 87.97514676056753 4.2
7531.8 465.8731662379966 88.09352736921154 4.2
7536.0 465.25974160220596 88.07567900738131 4.2
7540.2 463.87773056475123 87.911967535885 4.2
7544.4 462.49585189464614 87.74775217419423 4.2
7548.6 462.27928112666734 87.8043434816241 4.2
7552.8 462.7615696223997 87.99378519871728 4.2
7557.0 462.3793288769222 88.01891281985388 4.2
7561.2 461.6744105770245 87.98243959223896 4.2
7565.4 461.38286818675294 88.02458779181516 4.2
7569.6 460.5485224385876 87.96299338442299 4.2
7573.8 459.07282947328184 87.7784686424013 4.2
7578.0 456.3310841400538 87.35102389879266 4.2
7582.2 459.74263746732936 88.10164145659013 4.2
7586.4 463.2269088497216 88.86771222337188 4.2
7590.6 465.385708552878 89.38075112485802 4.2
7594.8 466.0758188660733 89.61237755890456 4.2
7599.0 465.0636177692365 89.51668686808209 4.2
7603.2 465.36790225591875 89.67430098144972 4.2
7607.4 465.6855372157387 89.83467479915703 4.2
7611.6 464.9575881484983 89.79331392697556 4.2
7615.8 463.5687949818874 89.62393335090216 4.2
7620.0 462.0950454192922 89.43757185081319 4.2
7624.2 460.85965895490705 89.29682138678689 4.2
7628.4 458.59608171894087 88.95615440632709 4.2
7632.6 456.0833822931705 88.5661976867427 4.2
7636.8 454.9822150152127 88.44962582061487 4.2
7641.0 455.01410057419497 88.55314705115468 4.2
7645.2 455.49913068152415 88.74502171284072 4.2
7649.4 454.82728674936277 88.71151579345016 4.2
7653.6 453.23321851670164 88.4977033007403 4.2
7657.8 453.0532137942208 88.55967212854675 4.2
7662.0 453.70436696201097 88.78426423579118 4.2
7666.2 452.794313831106 88.703345537156 4.2
7670.4 450.6685273950039 88.38366368486332 4.2
7674.6 448.7926710130999 88.11219088750947 4.2
7678.8 447.6829373086212 87.99054344758326 4.2
7683.0 447.7293744565729 88.09596151695564 4.2
7687.2 443.0175122226946 87.26417757221144 4.2
7691.4 441.15017808337586 86.99133585481722 4.2
7695.6 440.4293807792554 86.94407672757754 4.2
7699.8 442.8109639472865 87.509660707927 4.2
7704.0 444.5132454835718 87.94193150951563 4.2
7708.2 444.8558496434676 88.10569878053833 4.2
7712.4 445.02269845210253 88.23481917470562 4.2
7716.6 446.0887568512353 88.54254482576343 4.2
7720.8 447.26060764762207 88.87180482699496 4.2
7725.0 446.8032037638921 88.87753478870872 4.2
7729.2 445.11083315084795 88.63719418755274 4.2
7733.4 444.11997487497524 88.53602101031048 4.2
7737.6 443.9077272808159 88.5898568662426 4.2
7741.8 443.3772030496664 88.58006609448704 4.2
7746.0 443.06788226826296 88.6143385304101 4.2
7750.2 443.8614573883722 88.86934924220488 4.2
7754.4 444.4519902052338 89.08405964008126 4.2
7758.6 443.4927560664851 88.98811348783721 4.2
7762.8 442.13252078479684 88.81125353584257 4.2
7767.0 441.61380833712093 88.8030740937859 4.2
7771.2 441.3601133262549 88.84807034928842 4.2
7775.4 440.86718496760943 88.84479712570612 4.2
7779.6 440.64284177430443 88.89554564502487 4.2
7783.8 441.01962717523844 89.06765126117578 4.2
7788.0 441.730481856525 89.30751393045608 4.2
7792.2 441.8970200464909 89.43757185081319 4.2
7796.4 441.1202847378567 89.37663508393071 4.2
7800.6 440.337058920409 89.31409459370175 4.2
7804.8 440.35780416107445 89.41450981126385 4.2
7809.0 440.62629330941155 89.56534435751666 4.2
7813.2 440.45685344136695 89.62723527945184 4.2
7817.4 440.1904191417946 89.66934553336641 4.2
7821.6 439.93250376076554 89.71312813393722 4.2
7825.8 439.30259166661443 89.68090867155973 4.2
7830.0 438.4557103487282 89.60412433399715 4.2
7834.2 437.7518052250642 89.55627061679348 4.2
7838.4 437.5084148720654 89.60247378023217 4.2
7842.6 438.06759113491995 89.81316476851615 4.2
7846.8 438.5186696452425 90.00196677560717 4.2
7851.0 437.7632500373955 89.94313065406082 4.2
7855.2 436.96108450173546 89.87439916024881 4.2
7859.4 437.2063586992729 90.02103461638879 4.2
7863.6 437.26269455113874 90.12888533875365 4.2
7867.8 435.77532106384365 89.91828188177979 4.2
7872.0 433.73361694942975 89.5925710961039 4.2
7876.2 433.1075789003064 89.55874518218482 4.2
7880.4 433.5116071201277 89.73792021231066 4.2
7884.6 433.3371506552305 89.79744915711385 4.2
7888.8 432.6725698860072 89.75527874355282 4.2
7893.0 431.90581287381025 89.69164720645163 4.2
7897.2 430.94215691668063 89.58679503578185 4.2
7901.4 430.43656665311954 89.57689408443741 4.2
7905.6 430.82766350283043 89.75362540544636 4.2
7909.8 431.20744425898346 89.92822056678389 4.2
7914.0 430.8609779544533 89.95141510404213 4.2
7918.2 429.93254401836106 89.85287961799904 4.2
7922.4 428.65483098601754 89.68090867155973 4.2
7926.6 427.89318425488074 89.61650445642401 4.2
7930.8 428.55568330171764 89.85039692548519 4.2
7935.0 429.7218062541878 90.19033498798362 4.2
7939.2 429.9715985532087 90.33831795514291 4.2
7943.4 429.2836911895346 90.28924053816905 4.2
7947.6 428.1631161437366 90.14881036594007 4.2
7951.8 427.3211200141193 90.06664800889205 4.2
7956.0 427.145372539951 90.12473484576657 4.2
7960.2 426.8126627595691 90.14964067099149 4.2
7964.4 425.8838067492008 90.04839987908609 4.2
7968.6 424.9924359938661 89.95472909768768 4.2
7972.8 424.5760722446823 89.96135745126689 4.2
7977.0 424.8210916702283 90.10813478505823 4.2
7981.2 425.4777627412303 90.34247828422212 4.2
7985.4 425.91202687888847 90.52989152725867 4.2
7989.6 425.33505831177683 90.50237994163516 4.2
7993.8 423.87977795778994 90.2875773642127 4.2
7998.0 423.0721671415752 90.21027360000316 4.2
8002.2 423.2436505613223 90.34164620307885 4.2
8006.4 422.9671971613382 90.37743261350455 4.2
8010.6 422.0220688265786 90.27011588724558 4.2
8014.8 421.49058270131474 90.25099528721684 4.2
8019.0 421.5924528780929 90.36744428249457 4.2
8023.2 421.0891178116936 90.35412822495621 4.2
8027.4 419.7700475098101 90.16541792005671 4.2
8031.6 418.81778211142324 90.0550351348371 4.2
8035.8 418.5034247159332 90.08158104742087 4.2
8040.0 418.3744526831111 90.14798006853529 4.2
8044.2 418.3921573419752 90.24600797070975 4.2
8048.4 419.12749327429805 90.49904577215779 4.2
8052.6 419.69423261047154 90.71602248816724 4.2
8056.8 419.09462294750836 90.68093720603858 4.2
8061.0 418.0107131610082 90.54073172071112 4.2
8065.2 418.0179891949378 90.63668228665655 4.2
8069.4 418.84638048364206 90.9109089559841 4.2
8073.6 417.96392323237 90.81383165574572 4.2
8077.8 415.19399379024037 90.30587396286283 4.2
8082.0 413.8353280491861 90.10398524764749 4.2
8086.2 414.87789624299893 90.42489226455211 4.2
8090.4 415.4064793928698 90.63417793717383 4.2
8094.6 414.50948180033686 90.53239299516234 4.2
8098.8 413.7822971855982 90.46737728778774 4.2
8103.0 413.2735177398951 90.44988103779446 4.2
8107.2 411.9186740328188 90.2468391709883 4.2
8111.4 409.760053533342 89.86694950475221 4.2
8115.6 407.7443837217322 89.5175113510341 4.2
8119.8 406.7790617971738 89.39804056679344 4.2
8124.0 406.1602570518219 89.35441173806613 4.2
8128.2 406.3801556605937 89.49525297652843 4.2
8132.4 408.6126347306948 90.07992169865922 4.2
8136.6 409.8522484966825 90.4465488024133 4.2
8140.8 410.3090386804913 90.64085635623815 4.2
8145.0 409.96150371624964 90.65755455692438 4.2
8149.2 409.53903412213157 90.65755455692438 4.2
8153.4 409.46780147825007 90.73524160898258 4.2
8157.6 409.8268822020373 90.90839702944243 4.2
8161.8 409.6805612853183 90.96954028351007 4.2
8166.0 408.8937793700077 90.88830411557183 4.2
8170.2 407.8644741706023 90.75279305794093 4.2
8174.4 407.9523921083777 90.86570489581408 4.2
8178.6 407.47720482019463 90.8531522018897 4.2
8182.8 408.0575161987999 91.07601081591181 4.2
8187.0 408.81956702937055 91.33978815290345 4.2
8191.2 407.487409723097 91.13558800878272 4.2
8195.4 405.2891187386701 90.73691302929426 4.2
8199.6 404.9709969296787 90.75864429535699 4.2
8203.8 403.77100270508555 90.5824368707727 4.2
8208.0 401.3012931325397 90.12058454391237 4.2
8212.2 400.9721594316477 90.13884730179764 4.2
8216.4 404.64120647364194 91.05671951493242 4.2
8220.6 406.1984120619769 91.50061224312164 4.2
8224.8 404.7124479684545 91.25906187526869 4.2
8229.0 404.20634828741305 91.23805111876685 4.2
8233.2 405.22844586182663 91.56215380984746 4.2
8237.4 404.65130367396097 91.52505530905371 4.2
8241.6 400.41486296546344 90.65922454617525 4.2
8245.8 395.3044114738503 89.59339627797871 4.2
8250.0 395.82694787546814 89.80323879924683 4.2
8254.2 396.48547277112675 90.04425309250534 4.2
8258.4 394.8438937553081 89.76271914193427 4.2
8262.6 392.966743029188 89.42686373566667 4.2
8266.8 393.9765684166674 89.74783896190397 4.2
8271.0 396.1039863019013 90.32417426928242 4.2
8275.2 399.1648189039166 91.11460567991557 4.2
8279.4 400.0585206414888 91.41132414702471 4.2
8283.6 398.2749720763374 91.09614522659103 4.2
8287.8 396.7662568768651 90.843111295314 4.2
8292.0 394.6523269853613 90.4507141158227 4.2
8296.2 394.48530350280504 90.50404707243692 4.2
8300.4 392.8287013656663 90.21525894170136 4.2
8304.6 391.55413677936025 90.01357280633381 4.2
8308.8 390.63634177198145 89.89343997452053 4.2
8313.0 390.9648321297877 90.06001189750437 4.2
8317.2 391.01639278292794 90.16292659190978 4.2
8321.4 389.1387303973666 89.8206099654464 4.2
8325.6 385.0792981665287 88.97336171603287 4.2
8329.8 385.2761333236624 89.10867787639027 4.2
8334.0 386.11996884601814 89.39392372967623 4.2
8338.2 387.3545296784121 89.77016015709793 4.2
8342.4 388.33205029086736 90.08738900880435 4.2
8346.6 387.5699105513437 90.00113783067708 4.2
8350.8 387.0339743524768 89.96715766129883 4.2
8355.0 386.061368893561 89.8313652283938 4.2
8359.2 386.21383082659275 89.95721467304654 4.2
8363.4 387.91762999745055 90.44488273075905 4.2
8367.6 388.92640762902255 90.7711839316296 4.2
8371.8 386.804542360638 90.366611971407 4.2
8376.0 383.96878308747756 89.79414095776869 4.2
8380.2 384.3230989796843 89.96715766129883 4.2
8384.4 385.9875316509962 90.44738184974966 4.2
8388.6 385.7822862674647 90.48987743944097 4.2
8392.8 385.2436657337626 90.45404650466254 4.2
8397.0 385.3727022920856 90.57492852629453 4.2
8401.2 384.6507710347661 90.49571172551425 4.2
8405.4 383.67940098163325 90.35745705537475 4.2
8409.6 383.6459132692764 90.43988469993194 4.2
8413.8 383.6408865121302 90.52905771998432 4.2
8418.0 382.95117984821366 90.45654587686109 4.2
8422.2 382.1713743504665 90.36245053095601 4.2
8426.4 382.13174046019634 90.44321668979396 4.2
8430.6 382.9131546293311 90.71852909912971 4.2
8434.8 383.3431224466134 90.9109089559841 4.2
8439.0 382.9052147027319 90.89751281643184 4.2
8443.2 383.1449458481929 91.04497898457005 4.2
8447.4 383.80191389343844 91.29184831726899 4.2
8451.6 382.2463840915799 91.01228120291873 4.2
8455.8 379.6014390048298 90.47237683795338 4.2
8460.0 379.43075381890327 90.52155380008338 4.2
8464.2 381.2004645907222 91.03407841897737 4.2
8468.4 382.2949205966515 91.38606975393152 4.2
8472.6 382.47922253590383 91.52084052154314 4.2
8476.8 382.05455465770893 91.5098829823532 4.2
8481.0 380.7037268467909 91.27671464984842 4.2
8485.2 379.05400367164077 90.97121601980409 4.2
8489.4 377.23437533200615 90.62416123119012 4.2
8493.6 374.746552324778 90.11560443397019 4.2
8497.8 373.1644330196294 89.8239191399638 4.2
8502.0 374.10288160765543 90.13884730179764 4.2
8506.2 375.98807877260805 90.68260762601773 4.2
8510.4 376.9687146410311 91.00892824833069 4.2
8514.6 377.4129117766368 91.20612403300416 4.2
8518.8 377.7081972732845 91.36755430009529 4.2
8523.0 376.87408739336803 91.25569982911294 4.2
8527.2 373.7010828832731 90.57659699350292 4.2
8531.4 368.17021024225306 89.32396649776861 4.2
8535.6 362.79153508166326 88.10569878053833 4.2
8539.8 361.35482268714605 87.84317004223252 4.2
8544.0 364.7663566139353 88.75973562590153 4.2
8548.2 370.13478811409624 90.15462266189763 4.2
8552.4 373.7879055400339 91.1339092446734 4.2
8556.6 374.41289199001153 91.37596995038463 4.2
8560.8 373.752884099376 91.30446162348835 4.2
8565.0 373.9370694289312 91.4391120402586 4.2
8569.2 374.5731959189084 91.68451669669682 4.2
8573.4 373.91344491611386 91.6127669095828 4.2
8577.6 372.08800933525225 91.25485933692713 4.2
8581.8 370.53093869705015 90.96199985217412 4.2
8586.0 369.5042912327463 90.79877723028717 4.2
8590.2 369.1668569547798 90.80463143250721 4.2
8594.4 369.3738356837989 90.94440794294728 4.2
8598.6 369.0912605327829 90.96367544956622 4.2
8602.8 368.60192745130445 90.93184437654544 4.2
8607.0 369.1319600813153 91.15153781024638 4.2
8611.2 369.80255086011886 91.40627271014691 4.2
8615.4 369.2209734188681 91.35156669981576 4.2
8619.6 367.83328842694624 91.0969842569584 4.2
8623.8 367.11988005697975 91.00892824833069 4.2
8628.0 367.7570286939478 91.25569982911294 4.2
8632.2 368.32081823062197 91.48460136020942 4.2
8636.4 367.6510048013924 91.40711459690786 4.2
8640.6 366.4118015603627 91.18764503742426 4.2
8644.8 364.95166918424565 90.91258361223846 4.2
8649.0 362.6080660128974 90.4165642077202 4.2
8653.2 358.72675709265116 89.5356518973318 4.2
8657.4 353.97312268134544 88.43496331519609 4.2
8661.6 352.1218761588906 88.05783426175272 4.2
8665.8 355.8835642392244 89.08488013837164 4.2
8670.0 361.595535517118 90.60246216577565 4.2
8674.2 364.1752205477781 91.33726437615609 4.2
8678.4 363.5514889696755 91.26914875694357 4.2
8682.6 362.44128952634713 91.0785273738568 4.2
8686.8 362.63824925399166 91.21620506344838 4.2
8691.0 364.0271326601927 91.6541216942438 4.2
8695.2 364.7926700212619 91.93566038310753 4.2
8699.4 363.81001838391853 91.77660748619492 4.2
8703.6 362.51952952801946 91.53938703852845 4.2
8707.8 362.33673235301677 91.58155219227194 4.2
8712.0 362.18421716882574 91.63133205526847 4.2
8716.2 361.2957732884735 91.49471317080621 4.2
8720.4 360.8580867929188 91.47196316848478 4.2
8724.6 360.71666334959633 91.52421233602368 4.2
8728.8 359.1303999558872 91.20948425268644 4.2
8733.0 356.617239912529 90.65838954770453 4.2
8737.2 354.6734672080821 90.25099528721684 4.2
8741.4 353.16305692484445 89.95307208560303 4.2
8745.6 352.3498043603527 89.83219260965323 4.2
8749.8 352.790597885159 90.03098465867168 4.2
8754.0 353.4729383929436 90.29173535654753 4.2
8758.2 354.06217908448326 90.52905771998432 4.2
8762.4 355.3457334955842 90.94440794294728 4.2
8766.6 356.14173691991994 91.23553015307878 4.2
8770.8 355.8367826577525 91.2447740344908 4.2
8775.0 356.0401738654217 91.38438637582045 4.2
8779.2 356.1880697582199 91.5098829823532 4.2
8783.4 354.7610506171654 91.23048843066695 4.2
8787.6 354.0174702432343 91.12635518885467 4.2
8791.8 356.1112179693255 91.75294231161843 4.2
8796.0 358.0262035437138 92.33449962038324 4.2
8800.2 356.01161727578915 91.90264272323464 4.2
8804.4 351.866340678839 90.91928254574604 4.2
8808.6 349.9350761047155 90.50654782622202 4.2
8812.8 350.7336430427417 90.7996135217822 4.2
8817.0 351.913212911761 91.19184448036167 4.2
8821.2 352.11937078255676 91.33221703185863 4.2
8825.4 351.816705964546 91.34062942731617 4.2
8829.6 351.85132889177214 91.43658551912873 4.2
8833.8 351.4812237227661 91.42732220556144 4.2
8838.0 349.41798929698183 90.97708133992215 4.2
8842.2 346.9897027767754 90.4307223607405 4.2
8846.4 345.25192563899225 90.06332989207736 4.2
8850.6 342.74555240728836 89.49442869858267 4.2
8854.8 340.07267841924084 88.88080921841332 4.2
8859.0 339.0500801279584 88.69762680547632 4.2
8863.2 338.93479519973687 88.75156092860192 4.2
8867.4 339.56322972515255 89.00040849934146 4.2
8871.6 341.64364776687506 89.63053732965203 4.2
8875.8 343.3224787728074 90.15628338671455 4.2
8880.0 343.7346578988227 90.34996735938974 4.2
8884.2 344.1094513605155 90.53406067883081 4.2
8888.4 343.8413262726395 90.54907121431954 4.2
8892.6 343.2699125650098 90.48404352950593 4.2
8896.8 343.3694076257359 90.59578657559636 4.2
8901.0 342.4614196203105 90.4415506795182 4.2
8905.2 340.1683468587039 89.92076645005093 4.2
8909.4 339.7068775252132 89.88350513339785 4.2
8913.6 341.4090054817904 90.41906254423102 4.2
8917.8 341.7761854823431 90.60162769010411 4.2
8922.0 338.97589564887244 89.9439590647226 4.2
8926.2 335.6139683010177 89.13576579410959 4.2
8930.4 334.9742560444377 89.04960553506382 4.2
8934.6 336.8457146998856 89.63136286121039 4.2
8938.8 337.5629814785368 89.9066881375269 4.2
8943.0 334.96450838228884 89.29846631017634 4.2
8947.2 331.0114097865011 88.32751251898053 4.2
8951.4 330.81357762269624 88.35761812723953 4.2
8955.6 330.3542355583966 88.31775074099222 4.2
8959.8 329.79238524086526 88.25026130745346 4.2
8964.0 329.42576185563917 88.23481917470562 4.2
8968.2 327.9674060253198 87.92654332867228 4.2
8972.4 326.49159183327043 87.61288874635711 4.2
8976.6 326.59197425147363 87.72189401172022 4.2
8980.8 326.2775593265919 87.71947019970048 4.2
8985.0 327.4892825785975 88.12761155886253 4.2
8989.2 329.49677519355816 88.7507435002815 4.2
8993.4 331.5258786490573 89.38075112485802 4.2
8997.6 334.70938548819976 90.32334235672383 4.2
9001.8 333.4406434983226 90.06498893520384 4.2
9006.0 328.28373769464145 88.7548307171718 4.2
9010.2 324.4116130853406 87.78978794619762 4.2
9014.4 322.62617860969306 87.38804024215054 4.2
9018.6 323.18783430561564 87.62176558581181 4.2
9022.8 326.66198213717917 88.64617480848467 4.2
9027.0 332.87284648850056 90.41573144422347 4.2
9031.2 336.27480897514755 91.4247960101915 4.2
9035.4 331.5022552951336 90.21110447115375 4.2
9039.6 325.99791899324424 88.79571324002606 4.2
9043.8 325.809209129889 88.82679655139393 4.2
9048.0 325.05741017301705 88.70416252892302 4.2
9052.2 325.81642437747985 88.99385094848917 4.2
9056.4 322.5566965477457 88.18526006217375 4.2
9060.6 322.014433882112 88.11868347285365 4.2
9064.8 320.86090317630976 87.8844420750427 4.2
9069.0 319.6350901416871 87.62983622032264 4.2
9073.2 319.1775130547513 87.58545692784449 4.2
9077.4 317.8266484504513 87.29552878093395 4.2
9081.6 315.6170932937786 86.76888166259565 4.2
9085.8 315.8049327635608 86.90084511411231 4.2
9090.0 314.6338816892468 86.65866613202417 4.2
9094.2 314.07708587618106 86.58526689924878 4.2
9098.4 314.7510607754374 86.85123532562302 4.2
9102.6 316.6929075107024 87.46775906729577 4.2
9106.8 317.72665968719065 87.83427077259961 4.2
9111.0 316.420899979477 87.55400159468427 4.2
9115.2 314.85953555642715 87.20231208830387 4.2
9119.4 313.9328219595496 87.02579513001551 4.2
9123.6 313.2627684323801 86.9200565100466 4.2
9127.8 311.52221592473916 86.51671079308761 4.2
9132.0 309.8599518703172 86.13427448980319 4.2
9136.2 308.72376251404506 85.89739633816727 4.2
9140.4 313.5471455572051 87.31965275962182 4.2
9144.6 314.528372543441 87.67343049380281 4.2
9148.8 311.58531941792415 86.93286646678531 4.2
9153.0 308.84055910053326 86.24620611851351 4.2
9157.2 310.4958897663753 86.78806388502635 4.2
9161.4 312.5889083146584 87.45325932827039 4.2
9165.6 310.8847755334857 87.05625887413511 4.2
9169.8 309.2270858863253 86.67143756601557 4.2
9174.0 309.0863194927665 86.71136042991463 4.2
9178.2 310.24887872108667 87.11721835799099 4.2
9182.4 310.2936155993777 87.20954085468662 4.2
9186.6 309.6760658038935 87.11561361430438 4.2
9190.8 306.9351480172864 86.42352975105892 4.2
9195.0 305.7945828164137 86.18109344275572 4.2
9199.2 306.6487034592182 86.50077529376162 4.2
9203.4 310.9600941102961 87.79706541227227 4.2
9207.6 314.6736416982356 88.92666390314429 4.2
9211.8 317.60860047729847 89.83798449185234 4.2
9216.0 315.37576904916386 89.28777484975392 4.2
9220.2 308.3617994989965 87.38160149060508 4.2
9224.4 296.81989046846013 84.18757500655057 4.2
9228.6 293.66866545780454 83.36965417360233 4.2
9232.8 296.0290958282926 84.11626876921144 4.2
9237.0 314.5280391707577 89.4540483778867 4.2
9241.2 313.7447850324262 89.3124493824328 4.2
9245.4 321.9718059901285 91.73773220754674 4.2
9249.6 316.18651997885996 90.17123128677736 4.2
9253.8 310.73132488949534 88.69599294985836 4.2
9258.0 307.28042994939176 87.79059652374954 4.2
9262.2 307.4262486384217 87.911967535885 4.2
9266.4 308.3210441265326 88.24782289630822 4.2
9270.6 306.3921039675977 87.77523482367623 4.2
9274.8 303.59327563361757 87.05224987756782 4.2
9279.0 301.06959979712406 86.40681557488669 4.2
9283.2 302.92410991699376 87.01778012718238 4.2
9287.4 304.69193120492895 87.6048196726937 4.2
9291.6 301.72565871470096 86.83043965026461 4.2
9295.8 297.5059885885567 85.69352344400454 4.2
9300.0 295.490387537273 85.18987872699579 4.2
9304.2 297.26459056105483 85.77880663729213 4.2
9308.4 300.64582670370226 86.83283889712308 4.2
9312.6 302.490232786219 87.44439955995072 4.2
9316.8 303.3358279237553 87.76795916713094 4.2
9321.0 304.50346490038174 88.18526006217375 4.2
9325.2 303.6162029940093 88.00756397350922 4.2
9329.4 301.0716251414397 87.34861033415125 4.2
9333.6 300.8616860557335 87.36631135695623 4.2
9337.8 302.27631491765095 87.85611604403248 4.2
9342.0 302.08247357676004 87.87877613831843 4.2
9346.2 301.7304317126387 87.85530686302697 4.2
9350.4 303.4931371530869 88.44799653330182 4.2
9354.6 305.8122026782562 89.20393241766816 4.2
9358.8 306.6146644062964 89.5183358415792 4.2
9363.0 307.1306847034646 89.74949219341921 4.2
9367.2 307.7610597323849 90.01440186579552 4.2
9371.4 305.8893130285474 89.54719779531914 4.2
9375.6 302.4343485487699 88.61515470238923 4.2
9379.8 300.3849005379918 88.09352736921154 4.2
9384.0 299.4754709183287 87.9054901813728 4.2
9388.2 298.1484726046963 87.5943309879389 4.2
9392.4 295.5371595807601 86.90484713807133 4.2
9396.6 292.7034051652439 86.14855554131387 4.2
9400.8 292.41498744790647 86.14062133151273 4.2
9405.0 295.09894369416037 87.00896447665619 4.2
9409.2 294.87357484779614 87.02018455052108 4.2
9413.4 294.14415844644117 86.88243817749485 4.2
9417.6 296.01980887030686 87.51449680411774 4.2
9421.8 297.7703782318585 88.11056781592035 4.2
9426.0 292.9020315103902 86.74730673011219 4.2
9430.2 287.8693635493986 85.33280073816002 4.2
9434.4 289.73748343213055 85.9630864169889 4.2
9438.6 293.35270138218806 87.11320655420036 4.2
9442.8 292.06510502701354 86.80804987612613 4.2
9447.0 290.1198364789993 86.30659837838667 4.2
9451.2 293.91878771464286 87.51449680411774 4.2
9455.4 295.42649565419 88.04161490313793 4.2
9459.6 293.95151950279325 87.67989074889607 4.2
9463.8 292.5944926113268 87.3526329789369 4.2
9468.0 295.6274492591205 88.33646176331374 4.2
9472.2 296.31629581585855 88.62086811672452 4.2
9476.4 295.4408108594288 88.43740689729363 4.2
9480.6 294.8530386347501 88.3397162587835 4.2
9484.8 292.2031540859586 87.62337965324818 4.2
9489.0 290.5683862641183 87.21034408794071 4.2
9493.2 291.7722561419378 87.64920877621826 4.2
9497.4 291.9656744799368 87.7849366372765 4.2
9501.6 289.9050414422165 87.24247948525597 4.2
9505.8 289.7930124996762 87.28588105570057 4.2
9510.0 291.6112139652785 87.91115784047061 4.2
9514.2 292.90899017599827 88.38040757034037 4.2
9518.4 293.9824138803506 88.78262878426749 4.2
9522.6 295.6910440069987 89.37745827695292 4.2
9526.8 297.2043480122588 89.91414108721702 4.2
9531.0 298.48898942065745 90.38242719300644 4.2
9535.2 298.5668878212663 90.48571032253612 4.2
9539.4 290.12365177128964 88.00432171475646 4.2
9543.6 282.73058886161306 85.83729041371248 4.2
9547.8 284.18073187375575 86.35351099932538 4.2
9552.0 289.76947046927177 88.12923494441189 4.2
9556.2 291.21838817970695 88.64780774640937 4.2
9560.4 288.3135995873228 87.8407428792792 4.2
9564.6 285.60356910436724 87.09154600592764 4.2
9568.8 288.37280376380755 88.01323821375976 4.2
9573.0 286.3183198471193 87.46292555385645 4.2
9577.2 285.74335592052535 87.36389736991332 4.2
9581.4 286.2933841392445 87.60885411662713 4.2
9585.6 285.16134222633053 87.33895674245271 4.2
9589.8 282.42436114656476 86.57649506603667 4.2
9594.0 283.9682770797011 87.12604497667886 4.2
9598.2 285.3971713195217 87.64113635751053 4.2
9602.4 283.94202059008677 87.27060767132409 4.2
9606.6 282.59068288521127 86.93126511895476 4.2
9610.8 282.2423472824537 86.900044731436 4.2
9615.0 280.9329486733807 86.57250816290049 4.2
9619.2 279.2282442700799 86.12237542199418 4.2
9623.4 277.9663210818932 85.80804354293909 4.2
9627.6 277.021309715592 85.59098019862112 4.2
9631.8 275.881350039609 85.3131543966232 4.2
9636.0 274.9588305927393 85.10204572592335 4.2
9640.2 276.41471977367974 85.62725069632063 4.2
9644.4 277.1525163076997 85.93063082468048 4.2
9648.6 276.6461623781642 85.84835939659874 4.2
9652.8 275.5031944046569 85.56812191172776 4.2
9657.0 274.2160002720562 85.24246501185107 4.2
9661.2 274.2225148337067 85.31865491626856 4.2
9665.4 275.56343574186513 85.81041453955815 4.2
9669.6 275.6818893657115 85.92192531174116 4.2
9673.8 274.23510353191955 85.54526972946525 4.2
9678.0 273.75497420594587 85.46966465817954 4.2
9682.2 274.33748692196826 85.7258894819782 4.2
9686.4 276.62565557238617 86.51591394840284 4.2
9690.6 277.43670614503105 86.84483612586907 4.2
9694.8 276.99475547792355 86.78166933974467 4.2
9699.0 273.5491288527611 85.77643651401893 4.2
9703.2 271.6885203876698 85.26680696237325 4.2
9707.4 270.79173443170725 85.05894660876575 4.2
9711.6 268.7297089956219 84.48429804460027 4.2
9715.8 267.52977370661023 84.17982140141403 4.2
9720.0 267.8876699780198 84.36532813083781 4.2
9724.2 270.23742232970227 85.1788946462702 4.2
9728.4 271.0356488229605 85.50430868446922 4.2
9732.6 269.85564378006603 85.20557272800887 4.2
9736.8 267.6188843544029 84.57227241007335 4.2
9741.0 267.2355110788667 84.52399195272274 4.2
9745.2 270.98156189098745 85.78275698828062 4.2
9749.4 271.76747327475516 86.1057194886013 4.2
9753.6 270.8690426214398 85.89502293818481 4.2
9757.8 269.7301102826063 85.60753656298051 4.2
9762.0 266.36652690785684 84.61278696084818 4.2
9766.2 267.7971969958646 85.14046151548919 4.2
9770.4 268.39879799092455 85.40513824232275 4.2
9774.6 267.1426726510094 85.07853441005683 4.2
9778.8 263.40870730791374 83.96146350066952 4.2
9783.0 259.9041102314173 82.91555269794688 4.2
9787.2 259.76960166678936 82.94381369021276 4.2
9791.4 261.29052958566217 83.50106218262536 4.2
9795.6 264.06033482438676 84.4586236848898 4.2
9799.8 265.7117928974028 85.05973003422292 4.2
9804.0 265.16649588857445 84.95794520360096 4.2
9808.2 267.55842371813713 85.79776998126094 4.2
9812.4 268.54604896631747 86.18823755368797 4.2
9816.6 268.9224533795758 86.38294378759099 4.2
9820.8 271.1037476803432 87.1581493113329 4.2
9825.0 272.72197708204743 87.75340966321906 4.2
9829.2 269.23586428075384 86.70577012212027 4.2
9833.4 265.73811099258194 85.65249141171617 4.2
9837.6 268.43734495091763 86.59643233600652 4.2
9841.8 270.95937642043936 87.48467846797863 4.2
9846.0 267.49618457069886 86.44024716035139 4.2
9850.2 265.68018045983 85.92667366400696 4.2
9854.4 270.2694023179992 87.48548423535546 4.2
9858.6 272.2919252628446 88.21531718501055 4.2
9862.8 270.06282216040506 87.56771150462217 4.2
9867.0 267.51429759046295 86.81524595955247 4.2
9871.2 267.9719596896079 87.03781901849106 4.2
9875.4 269.95033048183103 87.75502615565054 4.2
9879.6 270.9059425802529 88.14059948060213 4.2
9883.8 269.83442605611185 87.86663607534844 4.2
9888.0 268.1836759160432 87.40333417861025 4.2
9892.2 268.6281233422916 87.62257261581348 4.2
9896.4 270.32037018171974 88.24944849625265 4.2
9900.6 271.0679837085837 88.56864489503076 4.2
9904.8 268.7359906685549 87.88120435218475 4.2
9909.0 269.310693279496 88.14384676010653 4.2
9913.2 273.57821921522486 89.61650445642401 4.2
9917.4 277.946746395477 91.12467659481935 4.2
9921.6 280.42829191875626 92.01613766489666 4.2
9925.8 279.54659997714765 91.80450642097125 4.2
9930.0 275.4855080857523 90.54740325414932 4.2
9934.2 269.53766166079834 88.66740534791886 4.2
9938.4 264.11210724526313 86.95608932545939 4.2
9942.6 262.2124565969925 86.40363228879801 4.2
9946.8 263.8241109798137 87.008163098169 4.2
9951.0 266.09689212304244 87.83184385553884 4.2
9955.2 265.2780251899649 87.63548610677991 4.2
9959.4 263.42130933689157 87.09555681219018 4.2
9963.6 266.3033849741859 88.12274158163449 4.2
9967.8 271.4804896410082 89.91165670200962 4.2
9972.0 272.09760244042144 90.19199637065273 4.2
9976.2 267.3073868740773 88.67883928283965 4.2
9980.4 261.0942813015901 86.6905982462263 4.2
9984.6 259.6593184050595 86.28672783747048 4.2
9988.8 264.193798786682 87.86744536070032 4.2
9993.0 267.13173194538615 88.91929280507043 4.2
9997.2 266.3106249048804 88.72050394456222 4.2
10001.4 266.39352265363635 88.82270602043079 4.2
10005.6 267.38126956085125 89.22694014450852 4.2
10009.8 266.71685060391667 89.07995726198789 4.2
10014.0 264.8878757770708 88.54336033649436 4.2
10018.2 266.3335387893306 89.1012916912459 4.2
10022.4 265.9070128740578 89.03320350225377 4.2
10026.6 262.9237849145069 88.10813326459487 4.2
10030.8 266.4514648444648 89.36511117769426 4.2
10035.0 279.3486012266155 93.76915448518893 4.2
10039.2 284.66301321336937 95.6330484942295 4.2
10043.4 267.0814560550413 89.8015845776909 4.2
10047.6 254.5239064568137 85.6509136490485 4.2
10051.8 260.3931629695568 87.69927437047579 4.2
10056.0 277.5893023269325 93.5690025711717 4.2
10060.2 280.0786634469368 94.48698690587756 4.2
10064.4 272.1933286352043 91.90348918175341 4.2
10068.6 267.617851132566 90.43405401304399 4.2
10072.8 265.977459108672 89.95472909768768 4.2
10077.0 261.6463843057832 88.56375054607257 4.2
10081.2 259.774664862171 88.00351116873185 4.2
10085.4 267.15727165326547 90.57993402012548 4.2
10089.6 272.3311729400119 92.41107024713016 4.2
10093.8 272.75948645870034 92.63348433480861 4.2
10098.0 274.0832667937311 93.16054059327705 4.2
10102.2 273.22053044365293 92.94456517772441 4.2
10106.4 278.65079628664 94.87067705893564 4.2
10110.6 284.3514169740381 96.89201773549775 4.2
10114.8 279.2329438474584 95.22697748651962 4.2
10119.0 271.56266556159164 92.68810433034257 4.2
10123.2 271.9904280363204 92.91118518102657 4.2
10127.4 274.4235180467084 93.82012343637874 4.2
10131.6 270.0406744945854 92.3983040678399 4.2
10135.8 263.82575510991796 90.34663880489599 4.2
10140.0 262.6451253165642 90.01688908999668 4.2
10144.2 266.2009791851092 91.31118943269865 4.2
10148.4 267.21331905740385 91.73435252684833 4.2
10152.6 264.4592141120801 90.86403110308963 4.2
10156.8 264.1505098287744 90.83307149843749 4.2
10161.0 266.64432928408263 91.76646452120794 4.2
10165.2 270.71567256317786 93.24466650238361 4.2
10169.4 272.20405751342025 93.83481454608453 4.2
10173.6 267.98836443163697 92.45789466363227 4.2
10177.8 254.93028399426387 88.02539853196352 4.2
10182.0 246.8874814159219 85.31865491626856 4.2
10186.2 253.33130284653348 87.61773054729768 4.2
10190.4 254.4595715747033 88.08054638376352 4.2
10194.6 256.1538420122343 88.7401176172094 4.2
10198.8 268.9348624459973 93.24466650238361 4.2
10203.0 275.751244673147 95.68679317909805 4.2
10207.2 269.56531197791304 93.61727595157056 4.2
10211.4 282.85422968425087 98.3132379858017 4.2
