3000.0 43.94917684507478 1.3184753053522436 4.2
3004.2 28.322759927576246 0.8520635750394874 4.2
3008.4 7.020080539589752 0.21178344084128659 4.2
3016.8 12.562619788697136 0.38111145282261355 4.2
3021.0 30.240697517437425 0.9199664723057972 4.2
3025.2 43.723313947781406 1.3338285221740884 4.2
3029.4 46.41859729651939 1.419985795368466 4.2
3033.6 39.55201587664997 1.213288273114755 4.2
3037.8 34.33230003073988 1.0560877376240223 4.2
3042.0 35.00377110701008 1.0797221231143002 4.2
3046.2 42.700840855814164 1.3207846105677183 4.2
3050.4 54.52499948998396 1.6911728582611045 4.2
3054.6 63.50158418953921 1.9750222835635614 4.2
3058.8 48.607030691732454 1.5159329751527673 4.2
3063.0 25.845638232336558 0.8082765889366547 4.2
3067.2 29.38901724099042 0.9216117434003287 4.2
3071.4 40.50722523841567 1.2737494221728491 4.2
3075.6 50.4918810306311 1.5920620859611379 4.2
3079.8 55.864539792039565 1.76628182468254 4.2
3084.0 57.083752693981616 1.8097558952086996 4.2
3088.2 60.16756245597142 1.9127226468800091 4.2
3092.4 62.930607687993735 2.0060049483975386 4.2
3096.6 62.64797473464766 2.002423807010485 4.2
3100.8 60.99493094755721 1.9548795343342684 4.2
3105.0 59.12975039269604 1.9002380059324744 4.2
3109.2 62.559308075524406 2.0158954285275095 4.2
3113.4 72.79665308659332 2.352122844892081 4.2
3117.6 82.34257976072776 2.6677430674719704 4.2
3121.8 85.85213546389093 2.788945322687165 4.2
3126.0 85.92416241641634 2.7988008684569357 4.2
3130.2 87.42770546557503 2.85543316886681 4.2
3134.4 89.60586104201484 2.934431662161754 4.2
3138.6 94.0436147862034 3.088019257367786 4.2
3142.8 99.70013945383917 3.2825246795344074 4.2
3147.0 103.72030110891748 3.424017691816617 4.2
3151.2 104.3463636769924 3.4538860078437286 4.2
3155.4 104.30771034531222 3.461816152733806 4.2
3159.6 107.25586368477339 3.569143422494054 4.2
3163.8 114.55847173074453 3.8222932193198003 4.2
3168.0 122.26296084048093 4.090194872994316 4.2
3172.2 128.80245271683316 4.320400423735167 4.2
3176.4 132.17669245197487 4.44532993403635 4.2
3180.6 130.86006916330734 4.412695908468604 4.2
3184.8 130.75819760886924 4.42091332141802 4.2
3189.0 132.42080273103764 4.488942061235638 4.2
3193.2 134.01981482050368 4.555121861657355 4.2
3197.4 134.5635120403716 4.58564045367465 4.2
3201.6 136.85703037989254 4.676059191450624 4.2
3205.8 139.3466093098541 4.773621710301416 4.2
3210.0 140.90265934785236 4.839583640620686 4.2
3214.2 144.50785718538293 4.976408234012172 4.2
3218.4 145.8845216186723 5.036954177682194 4.2
3222.6 144.75062553790872 5.010856896051626 4.2
3226.8 143.70542326417822 4.987650344688874 4.2
3231.0 144.62765303418777 5.032734268688771 4.2
3235.2 147.85192621841657 5.15831666955244 4.2
3239.4 151.7455971483832 5.307915494571899 4.2
3243.6 154.33721928009894 5.412575906588315 4.2
3247.8 155.70505051995144 5.474695891689988 4.2
3252.0 157.4447489937512 5.55019190920804 4.2
3256.2 161.08203620344497 5.693089351504526 4.2
3260.4 166.480543793293 5.899076117042337 4.2
3264.6 170.2900614267025 6.0496186655947755 4.2
3268.8 171.51122788191725 6.108688784927679 4.2
3273.0 171.7675986278184 6.133551271869549 4.2
3277.2 173.66462478582014 6.217216629994532 4.2
3281.4 176.7090968382009 6.342434633730975 4.2
3285.6 176.99454234498415 6.368952354735701 4.2
3289.8 174.08857171263185 6.280410051592893 4.2
3294.0 173.3460959510976 6.269602399890813 4.2
3298.2 175.4346117285313 6.361331089815042 4.2
3302.4 179.9723980608531 6.542504047696624 4.2
3306.6 184.383447918963 6.719918408572827 4.2
3310.8 184.21600581541148 6.730882357264241 4.2
3315.0 181.36863699329447 6.643669199542123 4.2
3319.2 178.93298668416648 6.571068583064672 4.2
3323.4 178.23296162788645 6.561936146539877 4.2
3327.6 176.95181577454045 6.531245371204734 4.2
3331.8 176.21683918681026 6.5205465548978365 4.2
3336.0 177.73344987279415 6.593256931185131 4.2
3340.2 181.67547792246984 6.756472290724759 4.2
3344.4 184.84377321908772 6.891599010935868 4.2
3348.6 186.38660976964812 6.966585956859971 4.2
3352.8 184.8902284517094 6.928001930081513 4.2
3357.0 179.99090981162058 6.761327928618859 4.2
3361.2 177.90352157931474 6.699648224669726 4.2
3365.4 178.65857839229875 6.744907529315138 4.2
3369.6 180.94248718344144 6.848193135663259 4.2
3373.8 183.8732646252797 6.976474320687876 4.2
3378.0 183.10574230547473 6.964661283938882 4.2
3382.2 179.50092227031442 6.84453580961816 4.2
3386.4 176.35051967108387 6.741119097102221 4.2
3390.6 176.19116993736932 6.751744510484561 4.2
3394.8 178.8137321344064 6.869229083429276 4.2
3399.0 181.37562649313844 6.98489689792051 4.2
3403.2 181.45222986148008 7.005126785971096 4.2
3407.4 179.60193715697682 6.9508193267149 4.2
3411.6 179.04947141752288 6.946531349296174 4.2
3415.8 179.76799983482925 6.99159076425453 4.2
3420.0 180.33542288866835 7.030917467583402 4.2
3424.2 181.60801387283914 7.0979347068339305 4.2
3428.4 182.43757121448579 7.14785937946612 4.2
3432.6 183.11792497165274 7.192104682286548 4.2
3436.8 184.03004628655557 7.245627449017378 4.2
3441.0 182.5256524280993 7.2039717319583785 4.2
3445.2 178.88271493908687 7.077436801671503 4.2
3449.4 175.6103613994787 6.964917876269439 4.2
3453.6 175.23836134035943 6.967099292794952 4.2
3457.8 176.3735737288554 7.029298725380048 4.2
3462.0 178.82619160565957 7.144371017409677 4.2
3466.2 182.31148092210577 7.301296749459633 4.2
3470.4 185.68900341056937 7.4545940785001115 4.2
3474.6 186.85624797801492 7.519621830057125 4.2
3478.8 185.30806959425766 7.475358066202225 4.2
3483.0 183.16492218888718 7.406755352453008 4.2
3487.2 183.95328284925142 7.4565854655529975 4.2
3491.4 184.5771940613972 7.499909104996307 4.2
3495.6 182.86634868637105 7.448280093870052 4.2
3499.8 179.70774767464175 7.337227751186424 4.2
3504.0 179.08906114752372 7.329527860647583 4.2
3508.2 179.18125177307869 7.350891287397857 4.2
3512.4 179.35988539729857 7.375848708484573 4.2
3516.6 180.1603891218789 7.426496829852684 4.2
3520.8 181.77348915514153 7.510900348846069 4.2
3525.0 185.28787990120108 7.674392375657872 4.2
3529.2 189.77574876031485 7.879016319182961 4.2
3533.4 192.86598752730987 8.026385228914922 4.2
3537.6 193.23767533612275 8.060982902372848 4.2
3541.8 190.88033455381273 7.981563993101325 4.2
3546.0 187.72053885409952 7.868066103779849 4.2
3550.2 186.2548607132692 7.825137904971274 4.2
3554.4 186.43380109540686 7.851199265364916 4.2
3558.6 186.5034654381801 7.872705395268746 4.2
3562.8 185.27395288238168 7.839276811075355 4.2
3567.0 183.3610283837998 7.776640092233215 4.2
3571.2 183.24363947125488 7.789973853570089 4.2
3575.4 184.6613401688578 7.868718338914352 4.2
3579.6 186.509198557882 7.966141199646803 4.2
3583.8 188.48887591622784 8.069599854693466 4.2
3588.0 190.2971946433976 8.166124559190907 4.2
3592.2 191.27765448274207 8.227426287843615 4.2
3596.4 191.15306972141897 8.241305244553981 4.2
3600.6 190.64240162756752 8.238497229665235 4.2
3604.8 189.8711172758418 8.224320001128351 4.2
3609.0 190.19166946516472 8.257412873250347 4.2
3613.2 192.47275006922047 8.375909958385494 4.2
3617.4 194.94503835770695 8.503231443603829 4.2
3621.6 196.3361595759687 8.5838081008014 4.2
3625.8 196.4850743150683 8.610254729509732 4.2
3630.0 195.92236052643705 8.605497841402695 4.2
3634.2 194.66308718682342 8.56998378087804 4.2
3638.4 193.6798181672188 8.546415440289017 4.2
3642.6 194.77548220624186 8.614617520164273 4.2
3646.8 198.6521924046321 8.8063511743153 4.2
3651.0 200.81011683220558 8.922529653866835 4.2
3655.2 200.76451991916636 8.941039221572813 4.2
3659.4 200.13243859266808 8.933383949297745 4.2
3663.6 200.48650915356185 8.969743002706087 4.2
3667.8 200.97496531064536 9.012224464171823 4.2
3672.0 200.79084604814958 9.024600797070976 4.2
3676.2 199.6342227670896 8.993153370589539 4.2
3680.4 197.89153200095257 8.935029691008522 4.2
3684.6 196.18263309572205 8.878099336287038 4.2
3688.8 195.7235283584574 8.8775269625211 4.2
3693.0 196.98022964132903 8.95488473308542 4.2
3697.2 198.7043460101792 9.053823002240314 4.2
3701.4 199.03305698499122 9.089416408998956 4.2
3705.6 198.29153709283318 9.076115208402054 4.2
3709.8 197.98681122548484 9.082721546267699 4.2
3714.0 198.54065755885628 9.12876442690907 4.2
3718.2 199.0250591454428 9.17174559909137 4.2
3722.4 198.77198542390028 9.180788868628222 4.2
3726.6 197.90998025029057 9.161614211081902 4.2
3730.8 197.2138078067662 9.149976949521953 4.2
3735.0 196.37583397028203 9.13162356149359 4.2
3739.2 195.69325843598995 9.120360394948191 4.2
3743.4 196.00032103057657 9.155203454584845 4.2
3747.6 196.56527312878802 9.202207035577453 4.2
3751.8 198.94539757928882 9.334520203030525 4.2
3756.0 202.999088345322 9.54605648932937 4.2
3760.2 206.01145268986562 9.70939121004516 4.2
3764.4 207.59539964368068 9.80591219210949 4.2
3768.6 209.0225622594872 9.89536914218292 4.2
3772.8 211.73160415001004 10.045972847420897 4.2
3777.0 215.8376903691664 10.263606662641461 4.2
3781.2 218.8617947478428 10.430568991460046 4.2
3785.4 219.39043999664028 10.479003851985494 4.2
3789.6 217.66996692938537 10.419910771526162 4.2
3793.8 215.27043595360945 10.327899424078485 4.2
3798.0 214.42100829841698 10.309936727290127 4.2
3802.2 216.06446156860784 10.411948228667061 4.2
3806.4 219.75987801006326 10.61343586765442 4.2
3810.6 224.43083665664176 10.862955488572576 4.2
3814.8 226.7345518116055 10.998665648278608 4.2
3819.0 224.34786346844666 10.906866565159753 4.2
3823.2 217.90902609186568 10.617151145337537 4.2
3827.4 212.05550419169418 10.354663738370899 4.2
3831.6 207.8705310463284 10.172600754141834 4.2
3835.8 207.28188292852306 10.166044349825007 4.2
3840.0 212.63894358797262 10.45162935523603 4.2
3844.2 221.12879838562466 10.892711469025992 4.2
3848.4 229.43350657729127 11.326507059302148 4.2
3852.6 235.92252849947587 11.672288141801111 4.2
3856.8 240.91232435194425 11.945160789318798 4.2
3861.0 242.97279607288507 12.073578217753457 4.2
3865.2 242.39592416338 12.071132026767 4.2
3869.4 239.49144263531537 11.952424250540584 4.2
3873.6 233.64027595854165 11.685734098769224 4.2
3877.8 227.33507234441475 11.395043830161482 4.2
3882.0 220.6633426234087 11.084599343069101 4.2
3886.2 214.3457909681774 10.790560398995318 4.2
3890.4 212.6222656629356 10.726943669161379 4.2
3894.6 217.516164015469 10.997551388727647 4.2
3898.8 225.62714079141736 11.432257554342446 4.2
3903.0 231.98726890912243 11.779856500285485 4.2
3907.2 236.31645883936164 12.02552373973445 4.2
3911.4 238.80575675368112 12.178337344367252 4.2
3915.6 238.60119533349598 12.194050801525167 4.2
3919.8 234.2337317755089 11.996539822777018 4.2
3924.0 225.64164504821719 11.581265022413191 4.2
3928.2 215.99419140841835 11.109845002950049 4.2
3932.4 210.43689243664085 10.847158845500333 4.2
3936.6 212.9093227245487 10.998057856347128 4.2
3940.8 220.90445058185318 11.435416840292577 4.2
3945.0 228.7110984014026 11.864788473994961 4.2
3949.2 232.32235320626387 12.077804624382582 4.2
3953.4 231.3298833549388 12.05180233295266 4.2
3957.6 223.982176247841 11.693809106597866 4.2
3961.8 211.83619127860857 11.083170134155854 4.2
3966.0 200.03953437329653 10.488176807749811 4.2
3970.2 195.6827237015283 10.281488639933215 4.2
3974.4 203.639539557937 10.72220237478057 4.2
3978.6 218.3075210543024 11.51882021792228 4.2
3982.8 230.9427100347037 12.211246552486068 4.2
3987.0 239.00158626711493 12.66403202190046 4.2
3991.2 243.293369297702 12.918616320677305 4.2
3995.4 244.33446092120786 13.001216788982063 4.2
3999.6 243.01670903984228 12.958299100170741 4.2
4003.8 242.71493702039118 12.969403437384564 4.2
4008.0 244.1888496768596 13.075551030984839 4.2
4012.2 245.8035254873578 13.18961139094008 4.2
4016.4 245.53382978311598 13.202737845920863 4.2
4020.6 244.33828321273413 13.165943892903561 4.2
4024.8 245.03303884649452 13.230979605237565 4.2
4029.0 247.52708074939488 13.393559149996962 4.2
4033.2 248.66676110307372 13.483293866163047 4.2
4037.4 247.71807549555504 13.459843180841437 4.2
4041.6 245.90909809157534 13.389365592529584 4.2
4045.8 244.8231235860179 13.357955735450545 4.2
4050.0 244.92166790028045 13.391092192447836 4.2
4054.2 244.31994171242317 13.385913060529496 4.2
4058.4 243.04996121135102 13.343937525784229 4.2
4062.6 242.2485166072942 13.3274787887686 4.2
4066.8 242.75915937556874 13.383200981369122 4.2
4071.0 243.60996532608058 13.457859811192371 4.2
4075.2 244.21447373432065 13.519106832550813 4.2
4079.4 244.06003634173874 13.538420529609347 4.2
4083.6 242.16471533085246 13.46095895471924 4.2
4087.8 236.95505394470968 13.198482472013902 4.2
4092.0 228.7441545245652 12.767327535490061 4.2
4096.2 220.39155455247246 12.326392712137515 4.2
4100.4 216.6231191948972 12.140483973856265 4.2
4104.6 219.19546926251135 12.309828431931761 4.2
4108.8 226.16179927665684 12.727057317487136 4.2
4113.0 233.52201838345877 13.168126804689084 4.2
4117.2 238.87424450691637 13.497458473876714 4.2
4121.4 241.13026376013997 13.652745668360577 4.2
4125.6 241.06991675853132 13.677162284058367 4.2
4129.8 240.72611937259757 13.68547891868767 4.2
4134.0 241.72652575426596 13.770318963910908 4.2
4138.2 242.74053342604515 13.856195427593965 4.2
4142.4 242.8561962320087 13.890951660404493 4.2
4146.6 243.18958298510626 13.93824198066911 4.2
4150.8 244.08081152923677 14.017675431208513 4.2
4155.0 244.41012800265787 14.065008533636954 4.2
4159.2 243.59122859985607 14.046237261128315 4.2
4163.4 242.90753059713973 14.035115792461486 4.2
4167.6 243.01058784920264 14.069413702885322 4.2
4171.8 242.98882176976218 14.096522861161361 4.2
4176.0 242.0941385840739 14.072912908361129 4.2
4180.2 241.59900028613876 14.072394452639895 4.2
4184.4 241.0076720978333 14.06617447360387 4.2
4188.6 239.8896318450803 14.02904150219429 4.2
4192.8 238.57501583828665 13.980155433860995 4.2
4197.0 238.36545532329237 13.995873225726093 4.2
4201.2 238.96953642664133 14.059439265364217 4.2
4205.4 239.59548728936286 14.124464778974051 4.2
4209.6 239.62029209744196 14.154156721199115 4.2
4213.8 238.98872764972728 14.145034140212132 4.2
4218.0 238.40540864523578 14.138651832138397 4.2
4222.2 237.8196041518043 14.132012080112554 4.2
4226.4 236.62687014234882 14.089124278324046 4.2
4230.6 236.44673674611752 14.10639368227052 4.2
4234.8 236.81622063665395 14.156503478543076 4.2
4239.0 236.64559325973207 14.1743776646697 4.2
4243.2 235.68625191964503 14.144903860233072 4.2
4247.4 236.46285523882867 14.219620307131553 4.2
4251.6 238.22342151172944 14.35383666480044 4.2
4255.8 238.98290405627029 14.42806200357083 4.2
4260.0 238.06856628571902 14.401243711755713 4.2
4264.2 237.28054055744502 14.38189123437444 4.2
4268.4 236.94690059928865 14.389973693570154 4.2
4272.6 236.47475403314792 14.389576089396243 4.2
4276.8 235.82365811589898 14.378182773404776 4.2
4281.0 234.7636207777333 14.341679074041027 4.2
4285.2 233.69373097186275 14.304345786221583 4.2
4289.4 233.15254468795584 14.29920854108823 4.2
4293.6 232.92606515347916 14.313307449044705 4.2
4297.8 231.3603068614535 14.244919522154474 4.2
4302.0 229.0532417332375 14.130450238727802 4.2
4306.2 228.35202197831427 14.114711313475464 4.2
4310.4 229.59060191420608 14.218965484494596 4.2
4314.6 230.64082159884157 14.311857387733546 4.2
4318.8 230.24969804159335 14.315416891405675 4.2
4323.0 228.7677409756072 14.250956026463095 4.2
4327.2 224.9113217674313 14.03795998086646 4.2
4331.4 218.0784091189012 13.637915649317351 4.2
4335.6 210.57889357735507 13.19447151856501 4.2
4339.8 207.40624256709413 13.020869911853039 4.2
4344.0 210.92964491801362 13.267710906545368 4.2
4348.2 218.82968304335802 13.791261711865522 4.2
4352.4 226.57899778024662 14.307244533551316 4.2
4356.6 230.81173226914294 14.602660892296035 4.2
4360.8 232.93616263836068 14.765494630132972 4.2
4365.0 234.23120823711773 14.876199708545524 4.2
4369.2 234.8796573948039 14.946104003537688 4.2
4373.4 234.1525293710295 14.92849407170547 4.2
4377.6 233.4216331538764 14.910492890568024 4.2
4381.8 233.67925138921453 14.955605473026425 4.2
4386.0 234.54598339074346 15.039867147679328 4.2
4390.2 234.02844334078685 15.035435087385407 4.2
4394.4 233.62864098075423 15.038481988513501 4.2
4398.6 234.57639890691476 15.128365204576932 4.2
4402.8 236.26279594139842 15.2662369900593 4.2
4407.0 236.14956705527896 15.288046676165306 4.2
4411.2 235.63280718324563 15.283682247743162 4.2
4415.4 235.8658946915879 15.32794735077777 4.2
4419.6 236.01484748711798 15.366819852363308 4.2
4423.8 234.78280457968452 15.315669992085626 4.2
4428.0 233.70609040890997 15.274394388560443 4.2
4432.2 234.20844783916058 15.336278975443037 4.2
4436.4 235.57427405855168 15.454964079100503 4.2
4440.6 235.82288359729935 15.500581824345888 4.2
4444.8 234.68255437865392 15.454821734276402 4.2
4449.0 233.0603762419493 15.377013654143413 4.2
4453.2 231.92355207420172 15.33091232536542 4.2
4457.4 231.322585219227 15.320043554970153 4.2
4461.6 231.50053112937943 15.360735110782674 4.2
4465.8 232.5641218072655 15.46037415401427 4.2
4470.0 233.98402554305179 15.584038053243878 4.2
4474.2 235.70373678595905 15.728090520231081 4.2
4478.4 236.60258896401587 15.817724241768742 4.2
4482.6 235.67487268107772 15.785269465514734 4.2
4486.8 234.23502336730323 15.71824305174109 4.2
4491.0 233.9155775976516 15.726207439096068 4.2
4495.2 234.45484753744833 15.791958716864661 4.2
4499.4 234.53736778497154 15.827050934310288 4.2
4503.6 235.48846228087012 15.92091413098664 4.2
4507.8 236.83177845796828 16.041611711556698 4.2
4512.0 237.0866350337789 16.088812854977053 4.2
4516.2 235.32221191018328 15.9988217587967 4.2
4520.4 234.44205645035507 15.968642566967288 4.2
4524.6 234.64368602730045 16.012089170374384 4.2
4528.8 234.78966218743278 16.051809612239676 4.2
4533.0 234.04200856595992 16.03038673917369 4.2
4537.2 232.69626253687713 15.96776013155019 4.2
4541.4 231.7809526172856 15.934410455755936 4.2
4545.6 232.0250217004703 15.9807074062984 4.2
4549.8 233.0197017097527 16.078887627032774 4.2
4554.0 233.52167772656773 16.143288195167862 4.2
4558.2 232.98636257316087 16.13600426516364 4.2
4562.4 231.85824143430028 16.0874792592675 4.2
4566.6 231.26148500924353 16.07562993248057 4.2
4570.8 231.7847279154528 16.141652741047285 4.2
4575.0 232.83435313181846 16.24456177506556 4.2
4579.2 233.24590650374634 16.303167854865684 4.2
4583.4 232.61072446169615 16.28860905993644 4.2
4587.6 231.17995059600892 16.2181009735892 4.2
4591.8 229.8282061322859 16.152806851790437 4.2
4596.0 229.51613119962732 16.160396049380225 4.2
4600.2 230.3349428740971 16.247704055747267 4.2
4604.4 231.19112815238879 16.33789121477465 4.2
4608.6 231.3977989996742 16.382342449570583 4.2
4612.8 231.27463521870104 16.403480247691007 4.2
4617.0 231.12637381307613 16.422830100903628 4.2
4621.2 230.77657593744746 16.427822434771723 4.2
4625.4 230.12015750772986 16.410884918635958 4.2
4629.6 229.52516909118663 16.398193242628576 4.2
4633.8 229.70512464867662 16.44083989149784 4.2
4638.0 230.7787231250665 16.547637558023744 4.2
4642.2 232.1739874738475 16.677847561891042 4.2
4646.4 232.89923678796876 16.760230997914338 4.2
4650.6 232.47233628295612 16.75976790201573 4.2
4654.8 230.674295772668 16.660191918811933 4.2
4659.0 228.49243917676688 16.532403637154367 4.2
4663.2 228.71000853310989 16.577994835288596 4.2
4667.4 230.17980137758065 16.714600466607735 4.2
4671.6 231.17770883111524 16.817289485408722 4.2
4675.8 231.12206092430836 16.843486779075565 4.2
4680.0 231.61439551470343 16.909703787737467 4.2
4684.2 231.71299740748032 16.947279810629844 4.2
4688.4 230.58971905330446 16.895381396915063 4.2
4692.6 228.69158378768591 16.786339408176133 4.2
4696.8 227.7787052471867 16.749274493034868 4.2
4701.0 227.84145865372406 16.78386586404522 4.2
4705.2 228.28063819802873 16.846279426993437 4.2
4709.4 228.71470906568572 16.90845788061911 4.2
4713.6 228.83149840466075 16.947279810629844 4.2
4717.8 228.97823456884464 16.98838129765893 4.2
4722.0 229.40416006862682 17.05029902610544 4.2
4726.2 229.74446809220774 17.105981578504316 4.2
4730.4 229.127661532823 17.090391048131206 4.2
4734.6 228.13644365496813 17.04668751032492 4.2
4738.8 227.7133514127433 17.04527451674169 4.2
4743.0 227.83214837385225 17.084410578644835 4.2
4747.2 228.7716459241305 17.185255763171053 4.2
4751.4 229.32429551168678 17.25726626696119 4.2
4755.6 228.39290998657214 17.217575655949926 4.2
4759.8 227.11187636402843 17.151258793258297 4.2
4764.0 226.78052120926534 17.156472560290126 4.2
4768.2 226.90095716001335 17.19586393362939 4.2
4772.4 226.39747592498756 17.18794676877296 4.2
4776.6 226.72296167414822 17.242967117622634 4.2
4780.8 226.85904688271094 17.283671366584272 4.2
4785.0 226.40049418630755 17.27905551666963 4.2
4789.2 225.9869220345392 17.27778239571276 4.2
4793.4 225.2609501506417 17.252498566787427 4.2
4797.6 224.64108241107277 17.235187007150003 4.2
4801.8 224.71761668313727 17.271259122936154 4.2
4806.0 225.59928650419153 17.369367338445095 4.2
4810.2 225.93264505659383 17.425449909134183 4.2
4814.4 225.4825376853007 17.421117101126523 4.2
4818.6 224.8575643757515 17.403155472117405 4.2
4822.8 224.81782930925112 17.430425943549142 4.2
4827.0 225.2488887437966 17.494277050197866 4.2
4831.2 225.28445282079326 17.527500977325715 4.2
4835.4 224.37395456887344 17.48702778150812 4.2
4839.6 223.04182943700562 17.413416991275437 4.2
4843.8 220.74397003672732 17.263943260763725 4.2
4848.0 216.50305674022565 16.961646196278082 4.2
4852.2 209.69489982369313 16.45674728396125 4.2
4856.4 200.99273220709065 15.801124682730055 4.2
4860.6 194.90792123941955 15.349279698900382 4.2
4864.8 195.70560946089822 15.438745210649605 4.2
4869.0 203.96784415499744 16.118328400684774 4.2
4873.2 214.01528096802568 16.941505456614188 4.2
4877.4 220.35784009235115 17.47366478721367 4.2
4881.6 222.12266432500095 17.643957378204746 4.2
4885.8 222.45280400027514 17.70060049075109 4.2
4890.0 222.35532602958685 17.723275971840277 4.2
4894.2 223.01898212810084 17.80672288103366 4.2
4898.4 224.18201163361147 17.93031833095515 4.2
4902.6 224.22928544550626 17.964866738432423 4.2
4906.8 222.99161943453296 17.896330850915785 4.2
4911.0 221.85712791091964 17.835775614141518 4.2
4915.2 221.90284314200818 17.869977265956432 4.2
4919.4 222.62451232944477 17.95874566758501 4.2
4923.6 223.58966676849155 18.06741415914168 4.2
4927.8 224.15225294405423 18.143789556019954 4.2
4932.0 224.10065137871203 18.17054694314084 4.2
4936.2 224.06589582665552 18.198684669713302 4.2
4940.4 224.47347440219264 18.262826783359806 4.2
4944.6 224.8013555373087 18.320612962644702 4.2
4948.8 224.30009080496174 18.310828709539813 4.2
4953.0 223.22385231378254 18.253913995822824 4.2
4957.2 222.19811620406483 18.200863809211558 4.2
4961.4 221.75875263812483 18.19566783035295 4.2
4965.6 222.03108947980047 18.248870949746692 4.2
4969.8 222.6462738221616 18.330402443891078 4.2
4974.0 222.70896152976295 18.3665675316811 4.2
4978.2 222.18184752544303 18.35405378358916 4.2
4982.4 221.91776658488655 18.363184596502002 4.2
4986.6 222.2798982598506 18.424172875693255 4.2
4990.8 222.54657860376878 18.477363387350287 4.2
4995.0 222.31167435108463 18.48893944283807 4.2
4999.2 222.00779909164586 18.494730189944686 4.2
5003.4 221.40468490673823 18.47549147131147 4.2
5007.6 220.57992930729637 18.43758349335494 4.2
5011.8 219.8800318189429 18.409924184412798 4.2
5016.0 219.70614253369348 18.426209303067388 4.2
5020.2 219.45789842128434 18.436225012046933 4.2
5024.4 219.42233930304388 18.46409389549989 4.2
5028.6 219.90903492484483 18.535999113012778 4.2
5032.8 220.27129768589532 18.5975613482042 4.2
5037.0 219.57826693535796 18.57000411599155 4.2
5041.2 218.5814987908883 18.516546920844537 4.2
5045.4 218.50332445021104 18.540779969559647 4.2
5049.6 218.85037763042786 18.60115878336807 4.2
5053.8 218.9763197975324 18.64283689602819 4.2
5058.0 218.93923924931053 18.670674171993994 4.2
5062.2 219.14252216225103 18.719058433988792 4.2
5066.4 219.04951940938307 18.74217548897167 4.2
5070.6 218.45327027506121 18.722162051443174 4.2
5074.8 217.48003405257404 18.66964242091801 4.2
5079.0 216.52738405697716 18.6186419407778 4.2
5083.2 216.06024277774222 18.609212707632004 4.2
5087.4 216.34232037984583 18.66431261523785 4.2
5091.6 216.84464371142215 18.738550781396523 4.2
5095.8 216.54118335461752 18.74321124848388 4.2
5100.0 216.08713057181316 18.7347542205762 4.2
5104.2 216.30665847357224 18.78468859932026 4.2
5108.4 217.18781805915447 18.89226374914119 4.2
5112.6 217.5652967117268 18.95623133357304 4.2
5116.8 217.0462918992934 18.942094546753033 4.2
5121.0 216.32549345685797 18.91019468351316 4.2
5125.2 216.25373634692374 18.93494290848943 4.2
5129.4 216.77047027297849 19.011308093831047 4.2
5133.6 217.09069157460365 19.070584321263503 4.2
5137.8 216.907648364055 19.08569591058868 4.2
5142.0 216.5235356299933 19.08305930638955 4.2
5146.2 216.46512363686585 19.109089741586708 4.2
5150.4 216.89589672730864 19.178383555826343 4.2
5154.6 216.99179673771695 19.2181686395065 4.2
5158.8 215.69291132272937 19.134274497661455 4.2
5163.0 213.41110014683355 18.962692388099928 4.2
5167.2 210.59822751171882 18.74321124848388 4.2
5171.4 208.59168508954704 18.59482091221017 4.2
5175.6 208.89105646044197 18.65176779194108 4.2
5179.8 210.71103101876332 18.844820279600118 4.2
5184.0 211.72847476898838 18.96653514013809 4.2
5188.2 211.35077077739174 18.96339101237398 4.2
5192.4 211.52659194520282 19.00990734048962 4.2
5196.6 212.2377714278729 19.10469021760211 4.2
5200.8 212.7026734953803 19.17750037896092 4.2
5205.0 212.7667633346327 19.214274904769844 4.2
5209.2 213.57931581432322 19.31879348636568 4.2
5213.4 214.2925927762443 19.414580009256337 4.2
5217.6 214.45476078522213 19.460589868510784 4.2
5221.8 213.95418553731133 19.446435164870174 4.2
5226.0 212.72887527877919 19.366181600444204 4.2
5230.2 211.4952714459248 19.28483822300304 4.2
5234.4 211.4206677366452 19.309009668165736 4.2
5238.6 212.78978585723925 19.465250631612054 4.2
5242.8 213.59086433831732 19.569872671771005 4.2
5247.0 213.53404465334708 19.596025683859004 4.2
5251.2 213.15137373780945 19.592235842984824 4.2
5255.4 212.88727417585957 19.59927470236938 4.2
5259.6 211.91018045666348 19.540514748896836 4.2
5263.8 210.89510286835386 19.47798378692673 4.2
5268.0 210.39611786109595 19.46292011054797 4.2
5272.2 210.33400973461463 19.488212206642704 4.2
5276.4 210.94528927820284 19.576001967823995 4.2
5280.6 211.29572578162654 19.63975202471837 4.2
5284.8 211.03969085777933 19.647169866047307 4.2
5289.0 211.02899014696948 19.677412958283483 4.2
5293.2 211.09242404319338 19.71460136787319 4.2
5297.4 211.33903512841727 19.76896807200326 4.2
5301.6 211.71095907078856 19.83517333381449 4.2
5305.8 211.73443965949662 19.868816553773588 4.2
5310.0 211.45025467517283 19.87357508615547 4.2
5314.2 211.16866026302853 19.87851784526639 4.2
5318.4 211.03926185308873 19.89775137512527 4.2
5322.6 210.73544831098718 19.900500540968633 4.2
5326.8 210.12826400823823 19.874490319184044 4.2
5331.0 209.6543557471592 19.860949173573633 4.2
5335.2 209.66012766009445 19.892803833630545 4.2
5339.4 209.41912487072955 19.90123371600829 4.2
5343.6 209.46784868554414 19.937192401756946 4.2
5347.8 209.89347650401527 20.00912051561233 4.2
5352.0 210.17112319945755 20.067071588324783 4.2
5356.2 210.01759670301277 20.083897673578928 4.2
5360.4 209.38369410203634 20.054692162851875 4.2
5364.6 208.46759885469584 19.99825031154995 4.2
5368.8 207.64372110434618 19.950418026144288 4.2
5373.0 207.37460584909869 19.95574749193928 4.2
5377.2 208.0639670956324 20.053399230745555 4.2
5381.4 209.19278700520948 20.193704647849643 4.2
5385.6 209.38861589508772 20.244171135933826 4.2
5389.8 208.4817071461553 20.187939753198265 4.2
5394.0 207.51780759484876 20.125931953915725 4.2
5398.2 207.23319034653198 20.129639629066908 4.2
5402.4 206.99496481091356 20.13779891888378 4.2
5406.6 206.9134750295155 20.161182458372497 4.2
5410.8 207.2098002235781 20.221436315229045 4.2
5415.0 207.7362716257314 20.30429899090271 4.2
5419.2 207.6361158384932 20.326003686028248 4.2
5423.4 207.0799164882199 20.302989966568227 4.2
5427.6 206.3581316409558 20.263571819667227 4.2
5431.8 205.88358087795942 20.24827357710117 4.2
5436.0 206.34329371305907 20.324880460590308 4.2
5440.2 207.14169348346684 20.435063896276706 4.2
5444.4 207.32382088437078 20.484624151554208 4.2
5448.6 206.49778739899494 20.43449926239534 4.2
5452.8 205.81362275105326 20.398207250361082 4.2
5457.0 205.60673998951117 20.409106878433047 4.2
5461.2 205.68617008637213 20.44843145302596 4.2
5465.4 205.72797428758844 20.484058148291307 4.2
5469.6 205.78898301194712 20.52163694046249 4.2
5473.8 205.82371098251758 20.556633831147213 4.2
5478.0 205.70516616502206 20.576333958601353 4.2
5482.2 205.3201175015398 20.569323096802687 4.2
5486.4 204.94169282790483 20.56288278937524 4.2
5490.6 204.8677714683899 20.5869495382175 4.2
5494.8 204.96772254384587 20.628516651830157 4.2
5499.0 204.56805470499492 20.61977870264132 4.2
5503.2 204.31048833754792 20.625286978465684 4.2
5507.4 204.5125737386314 20.677212927348204 4.2
5511.6 204.98301269208528 20.75639849623093 4.2
5515.8 205.18624025356326 20.80865452973125 4.2
5520.0 204.6402695868509 20.784902901397274 4.2
5524.2 203.5590745015697 20.70656213880397 4.2
5528.4 202.595753505179 20.639919541858767 4.2
5532.6 202.1597584085486 20.62680676176249 4.2
5536.8 202.15085487237533 20.65722595571798 4.2
5541.0 202.41232546250876 20.71533686381195 4.2
5545.2 202.81255001801435 20.787774640220263 4.2
5549.4 203.058509981495 20.844524857098616 4.2
5553.6 202.54804796104267 20.82360897446414 4.2
5557.8 201.4816161647346 20.745313394611024 4.2
5562.0 200.86269513143705 20.712856673352324 4.2
5566.2 200.92576973374887 20.750664083654435 4.2
5570.4 201.222476827504 20.812679669593226 4.2
5574.6 201.40109794692123 20.862579277346207 4.2
5578.8 201.5652540495708 20.9110576818693 4.2
5583.0 200.98053548971487 20.881803274583245 4.2
5587.2 200.19850007573586 20.831857686421568 4.2
5591.4 199.9751957067758 20.839917722264953 4.2
5595.6 200.19993480493827 20.894693261888047 4.2
5599.8 200.45838276990153 20.953086216350147 4.2
5604.0 200.75621614102337 21.01570676255023 4.2
5608.2 201.15659171730522 21.08919487802412 4.2
5612.4 201.21855356732127 21.1273000398514 4.2
5616.6 200.0553930395188 21.036621838857744 4.2
5620.8 198.1002345872801 20.8621949779735 4.2
5625.0 196.7579101811209 20.751810839415096 4.2
5629.2 196.9807999134659 20.80635479933076 4.2
5633.4 198.26957507867604 20.973745795732953 4.2
5637.6 199.43837996445964 21.12885681420049 4.2
5641.8 199.50320718523415 21.16722859596168 4.2
5646.0 198.65317339145946 21.108433275341152 4.2
5650.2 197.79240588278788 21.04825031847429 4.2
5654.4 197.64607720197117 21.063958962888204 4.2
5658.6 198.17244345795856 21.15144293725282 4.2
5662.8 198.22882556562314 21.188879930863994 4.2
5667.0 197.73467273300662 21.16742355423945 4.2
5671.2 196.99324218619176 21.119323371431992 4.2
5675.4 196.1355433993009 21.05852748879276 4.2
5679.6 195.3231653365774 21.002355240477375 4.2
5683.8 194.96994956451903 20.995392596597373 4.2
5688.0 195.1363059524712 21.04437344456516 4.2
5692.2 195.1483810786049 21.076767266752896 4.2
5696.4 194.8266213752948 21.073079229650325 4.2
5700.6 194.07255245583184 21.022482518049646 4.2
5704.8 193.06360344496028 20.944017881642303 4.2
5709.0 192.40358891919584 20.903162656328288 4.2
5713.2 192.3438920465695 20.92743491822653 4.2
5717.4 192.8253374469499 21.010674757955147 4.2
5721.6 193.55048733793035 21.12068502842274 4.2
5725.8 194.18912564881003 21.22149619338421 4.2
5730.0 194.2084002155115 21.254749944786223 4.2
5734.2 193.75975735578058 21.236747332832586 4.2
5738.4 193.49761619180632 21.239094634602814 4.2
5742.6 193.4728911211839 21.267478380784162 4.2
5746.8 193.09058065373543 21.256511889145386 4.2
5751.0 192.12085889375834 21.180684930576742 4.2
5755.2 191.12980370497752 21.102212884690896 4.2
5759.4 191.13084093230478 21.133138535167376 4.2
5763.6 191.88171407170452 21.247116540061267 4.2
5767.8 192.44953643859145 21.341060647736782 4.2
5772.0 192.0863967338571 21.331824400676116 4.2
5776.2 191.52823668235837 21.30080418555218 4.2
5780.4 191.19717449339163 21.29491936890476 4.2
5784.6 191.09203624842743 21.314149124763322 4.2
5788.8 190.9801210870183 21.332610308606867 4.2
5793.0 191.38248868206028 21.408586796418238 4.2
5797.2 192.0581263162498 21.515329423572002 4.2
5801.4 192.39227649561772 21.5840033632391 4.2
5805.6 192.2538451312284 21.599713963582776 4.2
5809.8 192.01311370704187 21.603892122701815 4.2
5814.0 192.13177715424584 21.648509473023342 4.2
5818.2 192.69212348793928 21.743026741946785 4.2
5822.4 193.02660765419233 21.812226560835168 4.2
5826.6 192.69340263976648 21.805999610880814 4.2
5830.8 191.89911174648088 21.74743292323256 4.2
5835.0 191.3531139177538 21.716808413361317 4.2
5839.2 191.55899656668205 21.771482362128232 4.2
5843.4 191.9685224837238 21.849424378472943 4.2
5847.6 192.20378678799716 21.90766039371013 4.2
5851.8 192.45726311871047 21.968074868676272 4.2
5856.0 192.35306844065076 21.987709982750562 4.2
5860.2 191.80873384759315 21.95694934725766 4.2
5864.4 191.1463830645215 21.9125035771943 4.2
5868.6 190.9098059227267 21.91674224103959 4.2
5872.8 190.79844574410262 21.93532129176095 4.2
5877.0 190.56971009038537 21.94037266768141 4.2
5881.2 189.99814357931342 21.90584447589377 4.2
5885.4 188.87622100404184 21.807606395504628 4.2
5889.6 187.65219747084188 21.69721537582688 4.2
5893.8 187.03137464734044 21.656287085302544 4.2
5898.0 187.33879321098902 21.722809818366407 4.2
5902.2 187.9496023378672 21.82468579577974 4.2
5906.4 188.33868937358554 21.901002764229073 4.2
5910.6 188.26869653637954 21.924010429549618 4.2
5914.8 187.8664056475231 21.908265733100187 4.2
5919.0 187.50487983662273 21.897170501446098 4.2
5923.2 187.7657864319485 21.958769501488753 4.2
5927.4 188.41730302849737 22.066222856705295 4.2
5931.6 188.57735574059893 22.11627594514384 4.2
5935.8 188.07658729946135 22.088793746367937 4.2
5940.0 187.43226990626164 22.04428412821525 4.2
5944.2 187.06409102003482 22.032105372035335 4.2
5948.4 186.9118882105651 22.045299328391447 4.2
5952.6 186.81504750563437 22.065003465859228 4.2
5956.8 186.73220131470487 22.086352537570715 4.2
5961.0 186.69427955430785 22.113017010409564 4.2
5965.2 186.70641341931972 22.145627979288367 4.2
5969.4 186.44034255999222 22.14522004550283 4.2
5973.6 186.109686723118 22.13706294761874 4.2
5977.8 185.9698296767316 22.151543863691046 4.2
5982.0 185.78234369856827 22.160318601296417 4.2
5986.2 185.46194476803285 22.153176109894524 4.2
5990.4 185.27874881647827 22.162359736063497 4.2
5994.6 185.43377345578176 22.212017143790145 4.2
5998.8 185.51904034795527 22.253380818309328 4.2
6003.0 184.9645788724701 22.217950763098475 4.2
6007.2 184.21503463732628 22.158889918812687 4.2
6011.4 184.19676593930788 22.187685432024267 4.2
6015.6 184.83803946069915 22.29605361252499 4.2
6019.8 185.04831269006306 22.352597607593122 4.2
6024.0 184.44688636689915 22.31104951296194 4.2
6028.2 183.70202743165922 22.251946136076334 4.2
6032.4 183.39901218675436 22.246208332027994 4.2
6036.6 183.18269999580164 22.250921419682076 4.2
6040.8 182.77480961510727 22.23227982396832 4.2
6045.0 182.4973843623914 22.22941327268372 4.2
6049.2 182.91333482426467 22.31104951296194 4.2
6053.4 183.18019199840893 22.37463709427865 4.2
6057.6 182.60138621627956 22.334899365046297 4.2
6061.8 181.74649658029125 22.261170707480094 4.2
6066.0 181.7408030717301 22.291330965177583 4.2
6070.2 182.12067612593387 22.36886765359627 4.2
6074.4 181.93593246605934 22.37711016722323 4.2
6078.6 181.23335209544825 22.321532085108256 4.2
6082.8 180.99816844287935 22.323382461972127 4.2
6087.0 181.3705003984681 22.400205366927892 4.2
6091.2 181.75883725568295 22.479155936401828 4.2
6095.4 181.6639835854115 22.498418968214136 4.2
6099.6 180.80171397879138 22.422498312382956 4.2
6103.8 179.9635969874374 22.349303849777414 4.2
6108.0 180.14374953014396 22.402474930569227 4.2
6112.2 180.6234534805653 22.493031942742327 4.2
6116.4 180.70971270197452 22.534711375474036 4.2
6120.6 180.02020785962114 22.479570021570638 4.2
6124.8 178.76785583797198 22.353832891917765 4.2
6129.0 178.07461415903614 22.29769650699237 4.2
6133.2 177.99303186019333 22.318037347272945 4.2
6137.4 178.0772321174055 22.359186579561282 4.2
6141.6 177.98450681856036 22.378140694957693 4.2
6145.8 178.19864956489616 22.435719414519802 4.2
6150.0 178.3589977125323 22.48661063660751 4.2
6154.2 178.01723160498582 22.474187509294186 4.2
6158.4 177.3247953155777 22.417335935709993 4.2
6162.6 176.90548377109195 22.394841857738573 4.2
6166.8 176.87136490475348 22.42105272709329 4.2
6171.0 176.95309451865725 22.461978126869223 4.2
6175.2 176.8883369606609 22.484332549294752 4.2
6179.4 176.71956655623188 22.493446283518974 4.2
6183.6 176.65847525291923 22.516246784194287 4.2
6187.8 176.85963258215082 22.572517583428542 4.2
6192.0 177.19169368877593 22.645608765503386 4.2
6196.2 177.04611443937804 22.657709275610667 4.2
6200.4 176.42407111968706 22.608721284871244 4.2
6204.6 175.9161362118748 22.574180849264785 4.2
6208.8 175.97943291068466 22.612886348844057 4.2
6213.0 176.30577881128352 22.68548141575579 4.2
6217.2 176.41015357725905 22.729610834148765 4.2
6221.4 176.09418098978105 22.719564377352523 4.2
6225.6 175.76760204807454 22.708058271259347 4.2
6229.8 175.48057384030898 22.701575579452467 4.2
6234.0 175.04417324688018 22.675663313717443 4.2
6238.2 174.32459544382755 22.612886348844057 4.2
6242.4 173.99231515437165 22.600185301913665 4.2
6246.6 173.93935728379205 22.623719106508457 4.2
6250.8 173.79370739601578 22.635182478196004 4.2
6255.0 173.47089798905859 22.62351073531456 4.2
6259.2 173.365867535628 22.640186496880315 4.2
6263.4 173.15736117658656 22.64331457031088 4.2
6267.6 172.19744804544473 22.5479986424223 4.2
6271.8 170.25538346237406 22.323588068869736 4.2
6276.0 170.9020943491448 22.43840590330907 4.2
6280.2 172.20680356774665 22.639977974016848 4.2
6284.4 173.16559713307532 22.796490873396664 4.2
6288.6 173.27077264062976 22.840836235313695 4.2
6292.8 172.3968779328223 22.756003924806013 4.2
6297.0 170.77247320420753 22.571685996467124 4.2
6301.2 169.52069571268092 22.436132699550942 4.2
6305.4 169.4088014497806 22.451222814510285 4.2
6309.6 169.8531475064633 22.54010838306662 4.2
6313.8 170.57352054647632 22.6658494608784 4.2
6318.0 170.99444879544563 22.75202205293151 4.2
6322.2 171.28084381779595 22.820439276040343 4.2
6326.4 171.28209230013601 22.85093631780721 4.2
6330.6 170.84863285150567 22.823382041947816 4.2
6334.8 170.1419627982567 22.75914800011072 4.2
6339.0 170.2486791458322 22.80363074823774 4.2
6343.2 170.6052710329953 22.881684862697583 4.2
6347.4 170.4250851622679 22.887797374056877 4.2
6351.6 169.96479494333877 22.856198546153006 4.2
6355.8 169.49028477551704 22.822541212968435 4.2
6360.0 169.53018011298866 22.85809324499449 4.2
6364.2 170.11931144616076 22.96783185090659 4.2
6368.4 170.27252933705444 23.018869987721306 4.2
6372.6 169.377584963647 22.9280964514274 4.2
6376.8 168.36028896438066 22.820439276040343 4.2
6381.0 168.43787954541227 22.861040866497195 4.2
6385.2 169.03796073683716 22.972697821912615 4.2
6389.4 169.18158908776914 23.022474467569815 4.2
6393.6 168.65465412347356 22.980951172421054 4.2
6397.8 168.0304287473469 22.925984792950263 4.2
6402.0 167.72195466043829 22.913952052728927 4.2
6406.2 167.90370075663066 22.96888958300632 4.2
6410.4 168.5508687256091 23.087664350358875 4.2
6414.6 169.32227495076162 23.22373140487375 4.2
6418.8 169.0229070132754 23.213038943545637 4.2
6423.0 167.68777826364087 23.059824621447493 4.2
6427.2 166.2882741519655 22.897285538366678 4.2
6431.4 165.98552334696208 22.88547864307259 4.2
6435.6 166.52336133575798 22.989630968844494 4.2
6439.8 167.38806741512028 23.13918189260531 4.2
6444.0 168.07618861820387 23.26462196910856 4.2
6448.2 168.27370468932978 23.322333430405866 4.2
6452.4 167.55087094111593 23.252411494617093 4.2
6456.6 166.60249122101692 23.150906447764772 4.2
6460.8 166.26186975169668 23.13364144274419 4.2
6465.0 166.28772674710666 23.16733080620196 4.2
6469.2 165.95567151786955 23.15111967647487 4.2
6473.4 165.43079916984445 23.107874489297522 4.2
6477.6 165.29244439065397 23.11851850945156 4.2
6481.8 165.29586966824502 23.148987477745713 4.2
6486.0 164.77653499267734 23.106171900909366 4.2
6490.2 164.5148457244744 23.09936280173176 4.2
6494.4 164.69756820785662 23.154958129107165 4.2
6498.6 165.0872914752202 23.239779332314317 4.2
6502.8 164.7648095129764 23.224373109152108 4.2
6507.0 163.95008314504278 23.139395013327764 4.2
6511.2 163.7869078032261 23.146215912973886 4.2
6515.4 164.07827733097537 23.21731533719874 4.2
6519.6 163.97866733690378 23.23314484488824 4.2
6523.8 163.3984670798663 23.18077758422185 4.2
6528.0 163.03804657235787 23.1594371282099 4.2
6532.2 162.77147842125342 23.151332907149268 4.2
6536.4 162.32597199678497 23.117666807443005 4.2
6540.6 161.4098651440233 23.016749969077697 4.2
6544.8 159.92652306038792 22.834525950868674 4.2
6549.0 157.04324981218952 22.45163638512723 4.2
6553.2 151.5369038168649 21.69221998249649 4.2
6557.4 143.5046262849655 20.568754753253774 4.2
6561.6 136.65003612293376 19.611373006274224 4.2
6565.8 136.36972210960505 19.596206170756684 4.2
6570.0 143.11281213705948 20.59150074871653 4.2
6574.2 151.9271638757196 21.887693574313975 4.2
6578.4 157.48119448148722 22.716844226230393 4.2
6582.6 159.62110900187926 23.05494019564424 4.2
6586.8 160.38815850201942 23.195300325477703 4.2
6591.0 160.9913830835875 23.31223970370924 4.2
6595.2 161.19564877350524 23.37157606071782 4.2
6599.4 161.15075697115284 23.394835725608264 4.2
6603.6 161.35102810234164 23.453734253675833 4.2
6607.8 161.83463606342292 23.553963623570173 4.2
6612.0 161.90324931983358 23.593914430440382 4.2
6616.2 161.78863272540602 23.607173941831526 4.2
6620.4 161.85748754336066 23.647215000821607 4.2
6624.6 161.7491228435649 23.661376167782098 4.2
6628.8 161.45645875327153 23.648521830324338 4.2
6633.0 161.43186350710187 23.674891644708037 4.2
6637.2 161.83760608314876 23.764462721419434 4.2
6641.4 161.99215355990214 23.817271097394226 4.2
6645.6 161.6057688708615 23.79052357661679 4.2
6649.8 161.3050958189888 23.77628511584186 4.2
6654.0 161.49967833007918 23.83504630611313 4.2
6658.2 161.4788254738762 23.862063660202985 4.2
6662.4 161.31689260071377 23.868218230160604 4.2
6666.6 161.45684388706454 23.919054039456665 4.2
6670.8 161.79660873860246 23.999599811563662 4.2
6675.0 161.47850301966955 23.982585420352542 4.2
6679.2 160.96533531588503 23.936464280378356 4.2
6683.4 160.71423524855498 23.929190107445365 4.2
6687.6 160.60115952257263 23.942417521121016 4.2
6691.8 160.46464126810704 23.952122271284214 4.2
6696.0 160.24126499234987 23.94881339187745 4.2
6700.2 160.01685176518703 23.945284424342166 4.2
6704.4 159.78699152054224 23.94087394617782 4.2
6708.6 159.67225509912186 23.9536665714573 4.2
6712.8 159.4754508292632 23.95410781836575 4.2
6717.0 159.12065510407294 23.930732929079554 4.2
6721.2 158.85892424607582 23.921257167203603 4.2
6725.4 158.88431122741574 23.95499033656762 4.2
6729.6 159.06357997607893 24.011981495447092 4.2
6733.8 159.13467742105053 24.05270916449791 4.2
6738.0 158.93049697445497 24.051823046267693 4.2
6742.2 158.69746600240364 24.046507022394312 4.2
6746.4 158.63575507126376 24.06711316219125 4.2
6750.6 158.6121691815792 24.093505913354846 4.2
6754.8 158.3158019908273 24.078420799240515 4.2
6759.0 157.72784214588253 24.01883838849237 4.2
6763.2 157.279744054526 23.98037664432487 4.2
6767.4 157.31189426842067 24.015077914392258 4.2
6771.6 157.4282479342067 24.06268024441088 4.2
6775.8 157.34759079810996 24.08019502821402 4.2
6780.0 156.94730655973842 24.048721889535596 4.2
6784.2 156.19818013791334 23.96359659314256 4.2
6788.4 155.6060237331523 23.90231689821124 4.2
6792.6 155.8063569890867 23.962713757880326 4.2
6796.8 156.42575984564073 24.087736959979086 4.2
6801.0 156.48175384171194 24.126148686582532 4.2
6805.2 156.11458109862954 24.099276248380654 4.2
6809.4 155.5491212333283 24.04163503269307 4.2
6813.6 155.07578428072267 23.998052550060805 4.2
6817.8 154.98038684508444 24.0128661458331 4.2
6822.0 155.2894045145327 24.090399382181747 4.2
6826.2 155.43443460688684 24.14259783458288 4.2
6830.4 155.0618566725285 24.11437442841957 4.2
6834.6 154.4653419692853 24.05115847901871 4.2
6838.8 153.89958498098147 23.99252743038187 4.2
6843.0 153.67533719589224 23.987003582762306 4.2
6847.2 153.79960779910132 24.035878499290277 4.2
6851.4 153.68185997251183 24.046949979503015 4.2
6855.6 151.90718451929038 23.7984131620401 4.2
6859.8 153.02498548216838 24.002915707858296 4.2
6864.0 152.64504281286003 23.972647530087745 4.2
6868.2 152.09515798259045 23.9155294570987 4.2
6872.4 151.83937113675833 23.904518484339505 4.2
6876.6 152.05535829275308 23.967790504833552 4.2
6880.8 152.61857189864855 24.08596217531579 4.2
6885.0 152.40013984987598 24.080860397783795 4.2
6889.2 152.0294305852763 24.051601521811197 4.2
6893.4 152.0639596577638 24.086405859221962 4.2
6897.6 152.08179986605373 24.118594728008073 4.2
6901.8 151.77229957057378 24.09883232739534 4.2
6906.0 151.44122246766614 24.075537955966393 4.2
6910.2 151.32546610493938 24.086405859221962 4.2
6914.4 151.37991419523175 24.124371071742893 4.2
6918.6 151.14326849885433 24.115929189713036 4.2
6922.8 150.61273142568822 24.060464091717005 4.2
6927.0 149.7817427622423 23.956755470513468 4.2
6931.2 148.5704345110695 23.79183832586292 4.2
6935.4 147.61491013981038 23.667478975862203 4.2
6939.6 147.36840328127255 23.656582208272752 4.2
6943.8 147.46428441511017 23.700635981523526 4.2
6948.0 147.8337641840627 23.788770690638092 4.2
6952.2 148.08420563902885 23.857888248717295 4.2
6956.4 148.17814780166609 23.901876605317817 4.2
6960.6 148.45263149275604 23.975076411802224 4.2
6964.8 149.0060681615875 24.093505913354846 4.2
6969.0 149.6898405171197 24.23326882163724 4.2
6973.2 150.02133014036508 24.316216417097944 4.2
6977.4 149.64906678491593 24.285105808291615 4.2
6981.6 148.97566365889313 24.204939418426406 4.2
6985.8 148.47213684211567 24.152161274603763 4.2
6990.0 148.071304743828 24.115929189713036 4.2
6994.2 147.65126122027098 24.076424947902066 4.2
6998.4 147.3505400826274 24.056253963894243 4.2
7002.6 147.07627292439895 24.040306479552005 4.2
7006.8 146.79045347103383 24.022378196138895 4.2
7011.0 146.70513673345005 24.03720680772516 4.2
7015.2 146.7685962788977 24.076424947902066 4.2
7019.4 146.93906499439254 24.133260455880702 4.2
7023.6 147.07190384490943 24.18399252866162 4.2
7027.8 146.91511093140736 24.18711112895932 4.2
7032.0 146.74912843524888 24.188670579912348 4.2
7036.2 146.59558929916417 24.192235416799676 4.2
7040.4 146.32906115922026 24.17708848744636 4.2
7044.6 145.90983886536227 24.136594819351203 4.2
7048.8 145.90926785290526 24.16528936918766 4.2
7053.0 146.34082094983486 24.265653956842446 4.2
7057.2 146.5333248268502 24.32652078876834 4.2
7061.4 146.1664261170185 24.294501937346332 4.2
7065.6 145.64888355311075 24.237286694457104 4.2
7069.8 145.32321545261516 24.211851412790175 4.2
7074.0 145.35539102217183 24.245994371022086 4.2
7078.2 145.65037097341352 24.32405630271182 4.2
7082.4 145.72576782953803 24.36553770801632 4.2
7086.6 145.37221741271372 24.335260524269888 4.2
7090.8 144.99158006465012 24.300320410422348 4.2
7095.0 144.89601956189514 24.31308117042243 4.2
7099.2 144.99413385085302 24.358357489524003 4.2
7103.4 144.98554747758703 24.385743422034363 4.2
7107.6 144.4918319509772 24.33145051000375 4.2
7111.8 143.80639030158585 24.24465452487887 4.2
7116.0 143.5282454535393 24.226350713035995 4.2
7120.2 143.76887329524644 24.295620766268133 4.2
7124.4 143.7370292950944 24.31890409317878 4.2
7128.6 143.57299570290428 24.319800051219445 4.2
7132.8 143.62074034322137 24.35656276553779 4.2
7137.0 143.8910763319513 24.431155054273233 4.2
7141.2 143.629239880973 24.415408783055852 4.2
7145.4 142.8736577700382 24.315544544490873 4.2
7149.6 142.02270002715298 24.19914378339202 4.2
7153.8 141.23933563250213 24.093949736222893 4.2
7158.0 140.2832654420194 23.95896207085064 4.2
7162.2 140.51813149016 24.02724628348056 4.2
7166.4 141.66128094944952 24.251131133882073 4.2
7170.6 142.26506320661565 24.38304835900612 4.2
7174.8 142.14436763926238 24.39090979216551 4.2
7179.0 142.16259686008294 24.422605818804758 4.2
7183.2 141.86437126083192 24.399897390887503 4.2
7187.4 141.02679108960356 24.284211128410348 4.2
7191.6 140.69355624435227 24.25515196827078 4.2
7195.8 140.99349839773822 24.335260524269888 4.2
7200.0 141.35665571124238 24.426430106902682 4.2
7204.2 141.39489596066653 24.461551547048725 4.2
7208.4 141.31995768706074 24.477102133717565 4.2
7212.6 140.87098771018253 24.427779998613357 4.2
7216.8 139.7719148920882 24.265430462939353 4.2
7221.0 139.45129919957634 24.237956404689786 4.2
7225.2 139.43169542165077 24.262748696656146 4.2
7229.4 139.83785228864411 24.361722953447448 4.2
7233.6 139.82482206593102 24.387764914791212 4.2
7237.8 140.0335498474844 24.452541238279796 4.2
7242.0 140.3408859252085 24.534657518310492 4.2
7246.2 140.56869770814725 24.602996226175886 4.2
7250.4 140.4731498404028 24.614782350769833 4.2
7254.6 139.88215411798154 24.53962941804152 4.2
7258.8 139.10399202422911 24.43138007456325 4.2
7263.0 138.57253644182424 24.36621096200443 4.2
7267.2 138.5208123028347 24.385294224177294 4.2
7271.4 138.5317061501681 24.415408783055852 4.2
7275.6 138.37945829112272 24.416758065688633 4.2
7279.8 138.12565763069708 24.400122123282475 4.2
7284.0 138.00962648159802 24.407764256408786 4.2
7288.2 137.92553936879455 24.421031285975687 4.2
7292.4 138.02453412238796 24.466733977909747 4.2
7296.6 137.88981121398814 24.47101594456995 4.2
7300.8 137.86446881978446 24.494692962117966 4.2
7305.0 137.9014441190223 24.5294607001983 4.2
7309.2 137.15434284337277 24.42463036732545 4.2
7313.4 136.56977687267428 24.348488143871055 4.2
7317.6 135.83382256854622 24.245101132033074 4.2
7321.8 135.5393914540506 24.22032687279582 4.2
7326.0 135.1996060250074 24.187333901511366 4.2
7330.2 134.7328840327729 24.131482317045837 4.2
7334.4 134.09484156440212 24.044735275553357 4.2
7338.6 134.22790801102897 24.096168973200832 4.2
7342.8 134.66720802042275 24.20271016378157 4.2
7347.0 134.75260668496082 24.245771058189835 4.2
7351.2 134.46113649404825 24.220996114405043 4.2
7355.4 134.2977274956083 24.219211511206115 4.2
7359.6 134.38439277115734 24.26252522951117 4.2
7363.8 134.3944348999505 24.29204069507521 4.2
7368.0 134.33402277130367 24.308826839371395 4.2
7372.2 134.4345932202269 24.35476817378706 4.2
7376.4 134.59605668781668 24.411811060548846 4.2
7380.6 134.65854481278777 24.450964775505124 4.2
7384.8 134.63555929440184 24.47462239247399 4.2
7389.0 134.63374351724488 24.502139040808956 4.2
7393.2 134.74117958335725 24.549576240345058 4.2
7397.4 134.9556430127235 24.616596101779184 4.2
7401.6 134.88076874967697 24.63088406210358 4.2
7405.8 134.2830806278231 24.549576240345058 4.2
7410.0 133.55890161214828 24.444885085366664 4.2
7414.2 133.41500001617118 24.446235996965115 4.2
7418.4 133.58102179504675 24.504395875142414 4.2
7422.6 133.6832946092898 24.5509329375506 4.2
7426.8 133.5370559473368 24.551837444007262 4.2
7431.0 133.19218150002897 24.516134765000736 4.2
7435.2 132.8862189371652 24.48747468319128 4.2
7439.4 132.60424707155923 24.46312869239978 4.2
7443.6 132.34977285908292 24.443759382727016 4.2
7447.8 132.18471626981176 24.440832798466435 4.2
7452.0 132.2597088307197 24.482287859130032 4.2
7456.2 132.56905402157548 24.567219153324807 4.2
7460.4 132.83760225265004 24.64472633862613 4.2
7464.6 132.60019837332493 24.62838874142629 4.2
7468.8 132.08685346404627 24.56065812852689 4.2
7473.0 131.73321473590354 24.522458034800255 4.2
7477.2 131.82544927122942 24.567219153324807 4.2
7481.4 132.0819597444204 24.64268354643249 4.2
7485.6 132.2671579211998 24.704951179581258 4.2
7489.8 132.27105360346175 24.733410184912703 4.2
7494.0 132.03889379327535 24.717696762768394 4.2
7498.2 131.75139258352735 24.691529906993903 4.2
7502.4 131.42101708468599 24.65721374871231 4.2
7506.6 131.08913741930212 24.622491715610273 4.2
7510.8 130.86179090231215 24.607302040335085 4.2
7515.0 130.73241529023213 24.610475227697666 4.2
7519.2 131.84206041946305 24.84711671417585 4.2
7523.4 131.7385712906854 24.85535669465393 4.2
7527.6 131.8208742345301 24.8986614449819 4.2
7531.8 131.7284847695161 24.908983215444263 4.2
7536.0 131.28994764749274 24.853754262244212 4.2
7540.2 130.6710930040363 24.76418273423871 4.2
7544.4 130.164286442562 24.695623759441933 4.2
7548.6 130.190840043198 24.728171267926427 4.2
7552.8 130.6102574388093 24.83544808441553 4.2
7557.0 130.71770376635206 24.883530584656906 4.2
7561.2 130.21583596704423 24.81555542054883 4.2
7565.4 129.57626712754035 24.72111187467656 4.2
7569.6 129.2692988759254 24.689938036547037 4.2
7573.8 129.08910492823918 24.6828895581122 4.2
7578.0 128.1952851888314 24.539177385525964 4.2
7582.2 128.90530268209199 24.702448355266895 4.2
7586.4 129.64201710513038 24.87115762934614 4.2
7590.6 129.72421235772813 24.914489909173696 4.2
7594.8 130.27844652350936 25.04863128504626 4.2
7599.0 131.42693071486624 25.297406533902468 4.2
7603.2 131.54078384237485 25.34731721813097 4.2
7607.4 130.1501731632153 25.10706806802732 4.2
7611.6 128.4213821734171 24.800931909408582 4.2
7615.8 128.1817492211215 24.781979877322662 4.2
7620.0 129.1704914845661 25.0006902858548 4.2
7624.2 129.29469145569942 25.052322859764555 4.2
7628.4 128.77582467448426 24.979284822076135 4.2
7632.6 128.71117314159207 24.99424370086616 4.2
7636.8 128.53175001136523 24.98687821059983 4.2
7641.0 128.2226816124406 24.95422002481077 4.2
7645.2 128.01343536803677 24.940893046873512 4.2
7649.4 127.94711912793329 24.955369235572807 4.2
7653.6 127.9963934768267 24.99240212477851 4.2
7657.8 128.07407133134228 25.03502330395887 4.2
7662.0 128.01149200780134 25.050246282046782 4.2
7666.2 127.60772448920414 24.99861798794186 4.2
7670.4 127.00278074775859 24.90737732571643 4.2
7674.6 126.69566520383816 24.874364841699318 4.2
7678.8 126.7367430763375 24.909671485594323 4.2
7683.0 127.05729008647317 24.9999995007973 4.2
7687.2 126.06917011167016 24.832703320937807 4.2
7691.4 125.60717811434063 24.768744885455618 4.2
7695.6 125.0824222282964 24.69221216860399 4.2
7699.8 125.38869009057869 24.77969747773493 4.2
7704.0 125.51993523278864 24.832703320937807 4.2
7708.2 125.48138561644775 24.852151933144 4.2
7712.4 125.70083505664667 24.922752232437983 4.2
7716.6 126.12502853220974 25.03410099660518 4.2
7720.8 126.38299689596424 25.112618552890712 4.2
7725.0 126.43528112262699 25.150348076811557 4.2
7729.2 126.34328491112939 25.15938378692715 4.2
7733.4 126.04461805141358 25.12719441447783 4.2
7737.6 125.69230918013928 25.084185282523844 4.2
7741.8 125.47388913424092 25.067787238935633 4.2
7746.0 125.34709386403483 25.06963436980841 4.2
7750.2 125.14440413816007 25.056245754022807 4.2
7754.4 125.07106710602018 25.06871078735942 4.2
7758.6 125.30676858676716 25.143168160613083 4.2
7762.8 125.56380284660318 25.222027797774427 4.2
7767.0 125.7565586778961 25.28808834149406 4.2
7771.2 125.59405497745148 25.282731935136127 4.2
7775.4 125.05347781162338 25.20112914925603 4.2
7779.6 124.7988890818048 25.17700116527097 4.2
7783.8 124.92055865892029 25.228765497919476 4.2
7788.0 124.87553705663272 25.24689652021957 4.2
7792.2 124.54809030425996 25.207861266629223 4.2
7796.4 124.25819168718392 25.176305508630936 4.2
7800.6 124.17702112546928 25.18697435631671 4.2
7804.8 124.18744652650443 25.216220879824007 4.2
7809.0 124.01733913347988 25.208789975665752 4.2
7813.2 123.70845184371319 25.173059365119393 4.2
7817.4 123.7144947425594 25.201361261302203 4.2
7821.6 124.05036611633966 25.29694054274494 4.2
7825.8 124.07028087295164 25.32818093699295 4.2
7830.0 123.58157635806282 25.255501689262793 4.2
7834.2 123.04045988942245 25.17190012958724 4.2
7838.4 122.78870257540227 25.147336894625038 4.2
7842.6 122.83584695359473 25.18395878896601 4.2
7846.8 123.00764045528972 25.246198932326184 4.2
7851.0 122.96324056228171 25.264109791297575 4.2
7855.2 122.67350123308333 25.231554038226065 4.2
7859.4 122.45780472724788 25.214130716660346 4.2
7863.6 122.36196050518303 25.221330897019747 4.2
7867.8 122.17507984760269 25.209718718918026 4.2
7872.0 121.97057856046496 25.1943988297902 4.2
7876.2 122.0258336882306 25.23271602098528 4.2
7880.4 122.05982137055406 25.26666952251741 4.2
7884.6 121.69645384545878 25.21831121625467 4.2
7888.8 121.21137090191431 25.144557661826788 4.2
7893.0 121.22970521109227 25.17514612361159 4.2
7897.2 121.56679890829179 25.272022525888303 4.2
7901.4 121.56852813964557 25.29927058437348 4.2
7905.6 121.184641280036 25.246198932326184 4.2
7909.8 120.77199762602064 25.18697435631671 4.2
7914.0 120.74166568924066 25.207396924941488 4.2
7918.2 120.95179572769415 25.278075112725546 4.2
7922.4 120.72124971431123 25.256664774877695 4.2
7926.6 120.2705698884283 25.18906226831317 4.2
7930.8 120.29269613332082 25.22040172596711 4.2
7935.0 120.74228558143848 25.341481454546493 4.2
7939.2 120.9059766518556 25.402707058337874 4.2
7943.4 120.54366445352504 25.353387837860623 4.2
7947.6 119.96353438515979 25.258060548319605 4.2
7951.8 119.4192551422992 25.170045463772414 4.2
7956.0 119.19326211023726 25.148958255616744 4.2
7960.2 119.25079848067597 25.187670307751972 4.2
7964.4 119.23922024588502 25.21180851634252 4.2
7968.6 119.24528078762582 25.239689041391316 4.2
7972.8 119.50759731912447 25.321883128571617 4.2
7977.0 119.61071063035583 25.370440042989085 4.2
7981.2 119.24189436969313 25.318851408963674 4.2
7985.4 118.91917943514088 25.27691104115085 4.2
7989.6 119.01430942631556 25.323748982611214 4.2
7993.8 119.10080535243455 25.368804402999363 4.2
7998.0 118.73491758248868 25.317452276187687 4.2
8002.2 118.05121237677675 25.198111887190805 4.2
8006.4 117.6355770907083 25.135758784175522 4.2
8010.6 117.86562464471777 25.211344101944224 4.2
8014.8 118.18867822362863 25.306961244545548 4.2
8019.0 118.08339412064343 25.31092401213044 4.2
8023.2 117.80887753311164 25.278540756365597 4.2
8027.4 117.43875715100921 25.225512590403035 4.2
8031.6 116.89962355132869 25.135990294135606 4.2
8035.8 116.52497442406775 25.081644038528875 4.2
8040.0 116.66085559107745 25.137147875920643 4.2
8044.2 117.05003157659951 25.24736158952343 4.2
8048.4 117.20176444784282 25.306495077385577 4.2
8052.6 117.19281904376304 25.330980465706944 4.2
8056.8 117.24007532667636 25.367636153282646 4.2
8061.0 117.21937796078318 25.389608252284134 4.2
8065.2 117.07359966487336 25.3844641409247 4.2
8069.4 116.78922238150385 25.349184946292592 4.2
8073.6 116.55497003181809 25.324681961187636 4.2
8077.8 116.58617723313343 25.35782497939116 4.2
8082.0 116.71201376660713 25.411599382350705 4.2
8086.2 116.66384807181272 25.427519731933085 4.2
8090.4 116.48480211988873 25.414876286331925 4.2
8094.6 116.14338232003665 25.366701592244258 4.2
8098.8 115.60694009139006 25.275747023182394 4.2
8103.0 115.31812619124523 25.238759194012097 4.2
8107.2 115.2899579616171 25.258758463965876 4.2
8111.4 114.89512920593272 25.198343971446626 4.2
8115.6 114.18787416520561 25.069172574330764 4.2
8119.8 113.7194080370945 24.99217193730825 4.2
8124.0 113.29569952909186 24.92481824134519 4.2
8128.2 113.26624221319695 24.94410925182329 4.2
8132.4 114.02387376960539 25.136916355299093 4.2
8136.6 114.41087894480782 25.24829175383265 4.2
8140.8 114.42978557291796 25.278540756365597 4.2
8145.0 114.22024238271361 25.258293184725545 4.2
8149.2 113.97439661057511 25.22992735225912 4.2
8153.4 113.77838282118289 25.212505153980253 4.2
8157.6 113.84984459253224 25.25433865720873 4.2
8161.8 114.10517932404069 25.33704717282483 4.2
8166.0 114.20957187529226 25.38633460627359 4.2
8170.2 113.78155873411245 25.31721909490868 4.2
8174.4 113.63640450554259 25.31092401213044 4.2
8178.6 113.79713241228005 25.372776854483522 4.2
8182.8 114.05054941325064 25.455404347610074 4.2
8187.0 113.86642195227728 25.440403781120693 4.2
8191.2 113.42327806260907 25.36740250979497 4.2
8195.4 113.19961346438325 25.34334875269732 4.2
8199.6 113.11805294396186 25.351052812078578 4.2
8203.8 112.38157811072142 25.21180851634252 4.2
8208.0 111.44242637733565 25.02672376089348 4.2
8212.2 111.21777935844585 25.001841636700725 4.2
8216.4 112.19102268716969 25.246431459482306 4.2
8220.6 112.9884943220906 25.451887796455328 4.2
8224.8 113.30434445476186 25.549123169396132 4.2
8229.0 113.1459804416165 25.539477029872923 4.2
8233.2 112.36625946444221 25.389374406427095 4.2
8237.4 111.7441879716036 25.274583058817512 4.2
8241.6 111.22904018820361 25.183726837202002 4.2
8245.8 110.4545627960484 25.033870425075886 4.2
8250.0 110.61788679898677 25.096433067520124 4.2
8254.2 110.48397206572824 25.09157945641684 4.2
8258.4 109.84832171165989 24.972613749288886 4.2
8262.6 109.36032630006176 24.88696860893713 4.2
8266.8 109.61611179940051 24.970543778629615 4.2
8271.0 110.04066672446628 25.092734992960125 4.2
8275.2 110.67059809217531 25.262015658640074 4.2
8279.4 110.9408591074789 25.349418421989327 4.2
8283.6 110.7355369465262 25.32818093699295 4.2
8287.8 110.47569193455683 25.294377744810067 4.2
8292.0 109.94276825095547 25.197879805072542 4.2
8296.2 109.6899474100638 25.16540939706503 4.2
8300.4 108.74748235587153 24.974453867261428 4.2
8304.6 108.51151241845676 24.94548775233121 4.2
8308.8 108.9694212263881 25.076100399768688 4.2
8313.0 109.33461845156073 25.18558251113461 4.2
8317.2 109.2513884266201 25.19184642021394 4.2
8321.4 109.16425560226531 25.197183571542336 4.2
8325.6 108.70516300672192 25.116550888733464 4.2
8329.8 108.69163122865339 25.138768579981058 4.2
8334.0 108.12603122735028 25.03317872322992 4.2
8338.2 107.72602596292545 24.965714514318908 4.2
8342.4 107.75743267198045 24.99815750062246 4.2
8346.6 107.77897591097249 25.02833734541839 4.2
8350.8 107.99535829065206 25.103830851745933 4.2
8355.0 108.0508894536972 25.142010301590073 4.2
8359.2 108.09057381856425 25.176537392041666 4.2
8363.4 107.88362177240361 25.153591291632548 4.2
8367.6 107.64340629046038 25.12279762895016 4.2
8371.8 107.68112036069658 25.156834924676076 4.2
8376.0 107.92844436736908 25.239921508588647 4.2
8380.2 108.04793911706913 25.293212922488497 4.2
8384.4 107.77084203904164 25.253640863684346 4.2
8388.6 107.36983421316414 25.184886617386706 4.2
8392.8 107.24363025863802 25.180479736810682 4.2
8397.0 107.26077938789034 25.209718718918026 4.2
8401.2 107.14073153491718 25.20670042844718 4.2
8405.4 107.02382867323868 25.204378912452672 4.2
8409.6 107.1338164881392 25.255501689262793 4.2
8413.8 107.02885661043658 25.2559669170814 4.2
8418.0 106.69090816196483 25.201361261302203 4.2
8422.2 106.90011050005246 25.27597982248754 4.2
8426.4 107.53085831377084 25.450481312020013 4.2
8430.6 107.66543177125 25.50774108182686 4.2
8434.8 106.91623970045676 25.3554895449521 4.2
8439.0 105.99741667520992 25.162628166930574 4.2
8443.2 105.81984012473706 25.145484038629373 4.2
8447.4 106.035462764597 25.221795495383297 4.2
8451.6 106.21243997895077 25.2890200062597 4.2
8455.8 106.61635974108974 25.410429161897742 4.2
8460.0 106.98638879400987 25.52395674736452 4.2
8464.2 106.74742835540034 25.492240085182193 4.2
8468.4 105.88599640538372 25.311623388468576 4.2
8472.6 105.11866770120282 25.153127949625492 4.2
8476.8 104.93427867209391 25.13390678125554 4.2
8481.0 105.19016305305261 25.22016943855259 4.2
8485.2 105.21776880685464 25.251780175211742 4.2
8489.4 104.48627841434383 25.10105642714773 4.2
8493.6 103.66058275770992 24.92734359592658 4.2
8497.8 103.40088209163717 24.88949012863609 4.2
8502.0 103.62082685186179 24.967094208810952 4.2
8506.2 104.04424791176454 25.093890582719265 4.2
8510.4 104.33867294925699 25.18975827744037 4.2
8514.6 104.43756892369322 25.238526737519624 4.2
8518.8 104.70330975158687 25.32771437895519 4.2
8523.0 104.89729227162462 25.39966566190232 4.2
8527.2 104.59534489563083 25.351519800030122 4.2
8531.4 103.81895318027607 25.188134286058844 4.2
8535.6 102.45405342722698 24.881467998068196 4.2
8539.8 100.79937869936548 24.5037188030166 4.2
8544.0 100.04854459712605 24.345124508277827 4.2
8548.2 100.85743182668803 24.566087817123055 4.2
8552.4 102.30414850860817 24.94296055959072 4.2
8556.6 103.30249102824088 25.211111897953117 4.2
8560.8 103.27151605178295 25.228300771165124 4.2
8565.0 102.83631836743548 25.146642057627773 4.2
8569.2 102.86809481172766 25.1790882505246 4.2
8573.4 103.19890316781508 25.284827785100628 4.2
8577.6 103.35171198451152 25.34708376178695 4.2
8581.8 103.14602041788297 25.321416686542705 4.2
8586.0 102.6671452929652 25.228533133472126 4.2
8590.2 102.148196683375 25.125574456607588 4.2
8594.4 101.81367864156955 25.067787238935633 4.2
8598.6 101.77515253447011 25.082799117518928 4.2
8602.8 101.81355499604604 25.116782221781477 4.2
8607.0 101.6318073376693 25.096433067520124 4.2
8611.2 101.45136682950475 25.07633136025221 4.2
8615.4 101.4542776234793 25.101518809953056 4.2
8619.6 101.60218079227565 25.162628166930574 4.2
8623.8 101.86380690108395 25.25201275377325 4.2
8628.0 102.03495607533304 25.31908460527692 4.2
8632.2 102.03337841025404 25.34334875269732 4.2
8636.4 102.00553952479626 25.36109494899755 4.2
8640.6 101.93268244220285 25.367636153282646 4.2
8644.8 101.66029235861672 25.324448713321072 4.2
8649.0 101.04095922360166 25.194630879847754 4.2
8653.2 100.23047107303765 25.016814023669955 4.2
8657.4 99.34872252912372 24.82081285076528 4.2
8661.6 98.331577663245 24.590536274035667 4.2
8665.8 97.6436333900751 24.44218348612125 4.2
8670.0 98.03001289536263 24.562694121100744 4.2
8674.2 99.09834279467208 24.854441006340817 4.2
8678.4 99.99491779190426 25.103599637983894 4.2
8682.6 100.31310350655559 25.207861266629223 4.2
8686.8 99.9911606208891 25.151274666945053 4.2
8691.0 99.68957738026664 25.099669329834665 4.2
8695.2 99.97746097548985 25.196487357249516 4.2
8699.4 100.24867800836537 25.289252927814307 4.2
8703.6 99.79927991072265 25.20020072244958 4.2
8707.8 99.16453127607562 25.064093385470116 4.2
8712.0 99.05616754111213 25.060861710191624 4.2
8716.2 98.98351703474466 25.066632851252635 4.2
8720.4 98.49188339136745 24.966174404011312 4.2
8724.6 98.24041876929796 24.926425255566652 4.2
8728.8 98.61527024264575 25.045632281132 4.2
8733.0 99.04449326987861 25.178856343619497 4.2
8737.2 98.95293964077122 25.17978398405549 4.2
8741.4 98.41816589898366 25.067787238935633 4.2
8745.6 97.85477770426624 24.94824498189384 4.2
8749.8 97.42827254895501 24.863370406575257 4.2
8754.0 97.22818309666312 24.836134322686554 4.2
8758.2 97.13405914860188 24.835905574489313 4.2
8762.4 97.00968745846997 24.827900714757124 4.2
8766.6 97.07220001261369 24.867721789282783 4.2
8770.8 97.21266270796728 24.927573186302794 4.2
8775.0 97.2207583656222 24.953530523756296 4.2
8779.2 97.158179587913 24.96134598473086 4.2
8783.4 96.86166551691828 24.908983215444263 4.2
8787.6 96.61947967511271 24.87047042335876 4.2
8791.8 96.84153278481905 24.95146213489848 4.2
8796.0 97.07665724472088 25.03594564529224 4.2
8800.2 96.79839802912525 24.98802892536153 4.2
8804.4 96.22362734222325 24.863370406575257 4.2
8808.6 95.8533899239663 24.79133991375854 4.2
8812.8 95.674769862188 24.768744885455618 4.2
8817.0 95.77398831915644 24.81806970474397 4.2
8821.2 96.11472266120008 24.930098820012113 4.2
8825.4 96.03829870239295 24.934002575446726 4.2
8829.6 95.56683333459296 24.835219342538547 4.2
8833.8 95.26428884771077 24.78015394083533 4.2
8838.0 95.05112474622737 24.748221821340863 4.2
8842.2 94.89265259427381 24.7304489215561 4.2
8846.4 94.98961108066705 24.77924102304281 4.2
8850.6 95.24009675439103 24.868179873865863 4.2
8854.8 95.10771373623126 24.857188172489085 4.2
8859.0 94.48347360105848 24.71746910541637 4.2
8863.2 93.77955249260958 24.55658664965338 4.2
8867.4 93.30408444621219 24.45524398236935 4.2
8871.6 93.2930626032441 24.475524087494488 4.2
8875.8 93.44460648275046 24.53849935236498 4.2
8880.0 93.47324571533606 24.569255689784658 4.2
8884.2 93.82543815084237 24.685163040950208 4.2
8888.4 94.49527066550804 24.884905737371664 4.2
8892.6 94.56006006456914 24.925506949039022 4.2
8896.8 94.30996837844451 24.883072217306093 4.2
8901.0 94.62799813557189 24.990560684378202 4.2
8905.2 94.54833807869373 24.993092699909855 4.2
8909.4 93.34957379887892 24.699490798885225 4.2
8913.6 92.50111601645717 24.498077262784182 4.2
8917.8 92.94580611067519 24.639052333946314 4.2
8922.0 93.41590314308739 24.787001896439687 4.2
8926.2 92.7837727965906 24.642456579974535 4.2
8930.4 91.78155919303457 24.39922320612182 4.2
8934.6 91.46249129249011 24.337277832171463 4.2
8938.8 91.51974767483871 24.37541396449021 4.2
8943.0 91.23947827148825 24.323608241163015 4.2
8947.2 90.63479649098706 24.185106268319892 4.2
8951.4 90.5714511324337 24.19089854140397 4.2
8955.6 89.78832696530773 24.004242194651667 4.2
8959.8 88.93006786917032 23.797098049465138 4.2
8964.0 88.96794494536326 23.829558715688258 4.2
8968.2 89.29408366624797 23.939330470748978 4.2
8972.4 89.28530804509325 23.959403415306685 4.2
8976.6 89.29055205481951 23.983248092831918 4.2
8980.8 89.32133490519779 24.01397200464895 4.2
8985.0 89.9806429023637 24.213858490508247 4.2
8989.2 90.50804174331286 24.378557249171436 4.2
8993.4 90.48017559399817 24.39383039856578 4.2
8997.6 91.08437663764661 24.579667290748798 4.2
9001.8 91.32854430053395 24.6685714302769 4.2
9006.0 90.68122315174232 24.516586373051833 4.2
9010.2 89.76280025009554 24.29092203101798 4.2
9014.4 89.24576243375782 24.173525882528374 4.2
9018.6 89.70961737548194 24.32181607750192 4.2
9022.8 90.55544998032302 24.57400826474402 4.2
9027.0 91.3167338985439 24.803673161185873 4.2
9031.2 91.21081465178369 24.79796256186112 4.2
9035.4 89.54441166848201 24.367557525790424 4.2
9039.6 88.3028717507919 24.052044572764913 4.2
9043.8 88.57748715197985 24.149269602584795 4.2
9048.0 88.48304726746638 24.145933488149232 4.2
9052.2 88.44086331105615 24.156833168548676 4.2
9056.4 87.15615501508262 23.828022416786197 4.2
9060.6 87.29539588084545 23.88823154765108 4.2
9064.8 87.61627831006297 23.998273581310773 4.2
9069.0 87.05835383364173 23.867558736029885 4.2
9073.2 86.48171362008142 23.731434996232007 4.2
9077.4 86.19584037056156 23.674891644708037 4.2
9081.6 85.62814106156428 23.540733998976265 4.2
9085.8 85.56554270874028 23.545287620963887 4.2
9090.0 85.25846087064986 23.48248210222048 4.2
9094.2 85.17894421447473 23.482265821563523 4.2
9098.4 85.25487116562493 23.52491159209843 4.2
9102.6 85.18249123695472 23.526645035503982 4.2
9106.8 84.8675484464473 23.461296063071583 4.2
9111.0 84.81353433747061 23.467995701659856 4.2
9115.2 85.2135876893452 23.600434570667854 4.2
9119.4 85.60846774730754 23.731653571832258 4.2
9123.6 85.86591093937375 23.82495011611326 4.2
9127.8 85.37781250867357 23.711334650829215 4.2
9132.0 84.36794076797408 23.45243818823516 4.2
9136.2 83.63615493637252 23.27040811587388 4.2
9140.4 84.66713251352566 23.578924943155357 4.2
9144.6 84.67902088752315 23.603912715506002 4.2
9148.8 84.25602908894759 23.507584181097673 4.2
9153.0 83.70633554151308 23.37566636184193 4.2
9157.2 83.37116217695345 23.30343810549823 4.2
9161.4 83.66379565763265 23.406689819810428 4.2
9165.6 83.96445135744065 23.512347946452433 4.2
9169.8 84.22199562379052 23.606086816327633 4.2
9174.0 84.42747154876139 23.685360541563345 4.2
9178.2 84.49017712726764 23.724660151048074 4.2
9182.4 83.96781262919438 23.59956511454271 4.2
9186.6 83.91500812679449 23.606304237423345 4.2
9190.8 83.8576376168621 23.611740415686246 4.2
9195.0 83.68541758455774 23.58478926024876 4.2
9199.2 83.52666332134532 23.56155774830548 4.2
9203.4 84.6620263776393 23.903637825555332 4.2
9207.6 86.10975750766993 24.33458812546216 4.2
9211.8 87.4146562551643 24.725893824066546 4.2
9216.0 87.21362187065513 24.691529906993903 4.2
9220.2 85.63761651433013 24.267441982173306 4.2
9224.4 82.58877043759284 23.424805847546292 4.2
9228.6 81.51876839668026 23.142378909559614 4.2
9232.8 81.17202840693984 23.06492251687528 4.2
9237.0 84.98208213444704 24.169518579490568 4.2
9241.2 84.2598178293083 23.98589896585958 4.2
9245.4 86.53461058057398 24.65585117837438 4.2
9249.6 85.10191848431883 24.26967719911351 4.2
9253.8 84.13816513209713 24.0166262735965 4.2
9258.0 84.05022915231866 24.01330848324825 4.2
9262.2 84.0738519522987 24.04185646535439 4.2
9266.4 83.22142885275167 23.819684236543313 4.2
9270.6 82.33975470976533 23.588699615241655 4.2
9274.8 82.50041782121865 23.656146441937906 4.2
9279.0 81.90660128878577 23.50715115938283 4.2
9283.2 80.98821749126759 23.26462196910856 4.2
9287.4 80.74598810794957 23.216032336388835 4.2
9291.6 81.02597097360231 23.31760816331487 4.2
9295.8 81.57925073097408 23.498059545709424 4.2
9300.0 82.02294485196533 23.647215000821607 4.2
9304.2 82.10302909063445 23.691687743263223 4.2
9308.4 81.90589866682227 23.656146441937906 4.2
9312.6 81.83731197643857 23.657671659228733 4.2
9316.8 81.54394329360838 23.594131739423766 4.2
9321.0 80.91037960976794 23.43192669400604 4.2
9325.2 81.26750837860061 23.556567047703023 4.2
9329.4 83.04888897182724 24.09461548585454 4.2
9333.6 84.11450335047581 24.4257551890209 4.2
9337.8 83.61344531945188 24.302110990166007 4.2
9342.0 83.5082780961139 24.29338315994712 4.2
9346.2 83.47551635391571 24.30569254548181 4.2
9350.4 82.07310705344929 23.918833737842085 4.2
9354.6 80.57249475781704 23.502604912927726 4.2
9358.8 80.68279265604664 23.55591616469393 4.2
9363.0 81.9081671628101 23.93514153902765 4.2
9367.2 81.86337939163536 23.943520135583096 4.2
9371.4 80.92604275869087 23.690596725844554 4.2
9375.6 81.58514955908417 23.90495882589859 4.2
9379.8 82.9617869958699 24.33010594151026 4.2
9384.0 82.69157359635427 24.27258328892973 4.2
9388.2 81.25546665420724 23.87239544951454 4.2
9392.4 80.31045658471393 23.615872748401575 4.2
9396.6 80.2763790273934 23.626968375693306 4.2
9400.8 80.6416913994972 23.755709182363013 4.2
9405.0 81.23808080646589 23.95278410202385 4.2
9409.2 81.10280127400698 23.93425975206904 4.2
9413.4 80.18926409708496 23.68579684604675 4.2
9417.6 79.26998461073481 23.435164157943202 4.2
9421.8 79.56929178168495 23.54463704961238 4.2
9426.0 79.9139106765359 23.6676969624034 4.2
9430.2 80.35102988315445 23.818367948517615 4.2
9434.4 81.46155268993951 24.169073364605612 4.2
9438.6 81.58796329427187 24.228135842290136 4.2
9442.8 80.08877888248038 23.804112823082242 4.2
9447.0 79.30588647674413 23.592393323597296 4.2
9451.2 80.29182838891015 23.90694046329581 4.2
9455.4 80.65317024031705 24.035878499290277 4.2
9459.6 80.0334815271735 23.87239544951454 4.2
9463.8 78.18332698785954 23.3412440763703 4.2
9468.0 77.28669859193714 23.09404458919262 4.2
9472.2 77.41757009847991 23.153678574188902 4.2
9476.4 78.07832476262688 23.37200658502424 4.2
9480.6 78.84562639315287 23.6226165281116 4.2
9484.8 79.44396281648591 23.8229752748654 4.2
9489.0 79.7701413209432 23.94197648955382 4.2
9493.2 79.29393922449881 23.820123015383206 4.2
9497.4 78.7255667375427 23.670312957504084 4.2
9501.6 79.33919100241343 23.87591367494205 4.2
9505.8 80.04531343505587 24.10971074592893 4.2
9510.0 80.09994554692906 24.147490284196067 4.2
9514.2 79.96366693508628 24.12770420701475 4.2
9518.4 79.90930464864044 24.132593638463824 4.2
9522.6 80.40187387007832 24.302782491584924 4.2
9526.8 81.34430608823477 24.60934189952574 4.2
9531.0 82.70053434486785 25.041711048556518 4.2
9535.2 84.08560265470605 25.48355425355934 4.2
9539.4 82.3430852599476 24.977444348159 4.2
9543.6 79.24662908989598 24.05935609191072 4.2
9547.8 78.11719283562616 23.73733724411818 4.2
9552.0 79.23783979198308 24.09905428686583 4.2
9556.2 80.00456971908561 24.353646621089002 4.2
9560.4 79.52673053152755 24.229474775551992 4.2
9564.6 79.27123611092983 24.172857952552206 4.2
9568.8 80.26945235406161 24.49875417902613 4.2
9573.0 79.41766918676609 24.260067226755933 4.2
9577.2 79.03148474652124 24.163286317345978 4.2
9581.4 78.94766910252197 24.158835685447112 4.2
9585.6 78.7217337306306 24.110821064705927 4.2
9589.8 78.34046680549805 24.015077914392258 4.2
9594.0 78.06670089982305 23.952122271284214 4.2
9598.2 77.28686020321604 23.733620842830646 4.2
9602.4 76.66721166387791 23.563944978865322 4.2
9606.6 76.48809399898711 23.529462153465264 4.2
9610.8 76.51351879891409 23.557868867676323 4.2
9615.0 76.50726510432013 23.576536194996113 4.2
9619.2 76.27168581065096 23.52447825120363 4.2
9623.4 75.69726339359111 23.367701698814574 4.2
9627.6 75.25323569668454 23.2509124045722 4.2
9631.8 75.13639301575252 23.235070791258405 4.2
9636.0 74.83756908529752 23.162850280474373 4.2
9640.2 74.82748810687549 23.17992358854646 4.2
9644.4 75.12471301661215 23.292279882725428 4.2
9648.6 75.5691696223397 23.450494224362355 4.2
9652.8 76.15854508137946 23.653967730666498 4.2
9657.0 76.75183931681367 23.858986970372694 4.2
9661.2 76.59053608857926 23.829558715688258 4.2
9665.4 75.70308726497872 23.573930563913507 4.2
9669.6 74.84800627170378 23.32791907153095 4.2
9673.8 74.36473693860616 23.197436789974407 4.2
9678.0 74.38374143191233 23.223517507387808 4.2
9682.2 74.62926354567045 23.320400250868015 4.2
9686.4 74.76811921834494 23.384064485969457 4.2
9690.6 74.37310610877785 23.28069815250856 4.2
9694.8 75.02319343293186 23.50455319659398 4.2
9699.0 75.51814891010308 23.680125514602974 4.2
9703.2 75.48823803022138 23.69125133026668 4.2
9707.4 75.59819110555398 23.746302723978772 4.2
9711.6 75.49108752051312 23.733183657404776 4.2
9715.8 74.08394867609617 23.310951457330113 4.2
9720.0 72.34303502449009 22.78284733419261 4.2
9724.2 72.62422145583339 22.891170493058343 4.2
9728.4 73.66927851604578 23.240635533197423 4.2
9732.6 74.32920801234528 23.469076467686676 4.2
9736.8 74.36434480389052 23.500440342702525 4.2
9741.0 73.4389008183288 23.22800976833244 4.2
9745.2 72.8463408615426 23.06046179675149 4.2
9749.4 72.51861090659551 22.976506692224426 4.2
9753.6 72.7095359274594 23.056851369472675 4.2
9757.8 72.85467580160591 23.12277749019353 4.2
9762.0 72.49760306996839 23.02926090204028 4.2
9766.2 73.07385632897345 23.232288919967395 4.2
9770.4 72.355003112035 23.023534716112966 4.2
9774.6 71.830893163361 22.87641676658592 4.2
9778.8 72.59891447408205 23.14088691334896 4.2
9783.0 73.42790674280351 23.425237352390653 4.2
9787.2 73.02983651226269 23.318252461539757 4.2
9791.4 71.97466780784106 23.00106789835265 4.2
9795.6 71.94144713893544 23.01017915202839 4.2
9799.8 72.2874375003035 23.140673778885475 4.2
9804.0 71.5429179907432 22.921973177627137 4.2
9808.2 71.9241318832191 23.06386036239754 4.2
9812.4 72.54421191796968 23.282628040881256 4.2
9816.6 72.72890763727348 23.36189136016799 4.2
9820.8 72.9127571664495 23.440992720275627 4.2
9825.0 73.31420619290991 23.590220483934885 4.2
9829.2 73.50094295634433 23.67053097014696 4.2
9833.4 73.62441270517873 23.730560713961736 4.2
9837.6 74.05304732050669 23.889111638836546 4.2
9841.8 74.16793443731802 23.94660772622531 4.2
9846.0 73.61894540173041 23.789647117482865 4.2
9850.2 73.29108610543715 23.703910571585585 4.2
9854.4 73.59984186573955 23.824072388681913 4.2
9858.6 74.75543322298608 24.218765380952156 4.2
9862.8 75.5671079847418 24.502590391046713 4.2
9867.0 74.6062134273473 24.21162841442435 4.2
9871.2 73.31913831747259 23.814200182958068 4.2
9875.4 73.18867140651608 23.792057457801143 4.2
9879.6 73.25993547252321 23.835485367935615 4.2
9883.8 73.42185573648682 23.908481850396186 4.2
9888.0 73.7293388059055 24.029016741637676 4.2
9892.2 74.10089919751461 24.170631652583506 4.2
9896.4 74.36606014141655 24.27772568492498 4.2
9900.6 74.35980211496094 24.296292088353255 4.2
9904.8 73.84376534180136 24.148157513227968 4.2
9909.0 73.8253641601955 24.16261867029535 4.2
9913.2 75.40593307695735 24.700855780904547 4.2
9917.4 76.40144887732794 25.04816987645596 4.2
9921.6 73.76762932171859 24.205162355183624 4.2
9925.8 70.8347253702608 23.262479316913332 4.2
9930.0 73.06590329451193 24.01552029255006 4.2
9934.2 77.78062998218466 25.586801504295693 4.2
9938.4 78.55834224345865 25.864494803483563 4.2
9942.6 77.24054319966427 25.452122218084416 4.2
9946.8 76.32494207125835 25.171668288886874 4.2
9951.0 74.57612306200032 24.61568920956914 4.2
9955.2 72.15480807814957 23.836583057876474 4.2
9959.4 72.12318615000153 23.846244909404916 4.2
9963.6 73.91093338028675 24.45794702519373 4.2
9967.8 72.9240237458236 24.15171637944943 4.2
9972.0 69.81628166300214 23.14195261511252 4.2
9976.2 70.02594210460077 23.231005091709783 4.2
9980.4 72.91575208513876 24.210067483372743 4.2
9984.6 72.6005503273225 24.12570427059317 4.2
9988.8 67.76705608169782 22.538447627689983 4.2
9993.0 67.612264209581 22.505880056565687 4.2
9997.2 72.75393599791846 24.237733165889406 4.2
10001.4 75.0515491099754 25.024188338245512 4.2
10005.6 74.48537027678711 24.856272416703078 4.2
10009.8 74.73541566973877 24.960656286781553 4.2
10014.0 75.30331248152474 25.171436450321828 4.2
10018.2 76.03925612690787 25.438763630547278 4.2
10022.4 76.78595522526628 25.710113861961467 4.2
10026.6 77.09991078812824 25.836875947216623 4.2
10030.8 76.61999373963368 25.69756658299281 4.2
10035.0 77.52869987236166 26.02411683268054 4.2
10039.2 78.18924906135915 26.267818087092333 4.2
10043.4 74.76317478534925 25.137842450580354 4.2
10047.6 73.24341415220653 24.647450324972016 4.2
10051.8 75.73656028722469 25.50774108182686 4.2
10056.0 77.97703640373433 26.284274857105924 4.2
10060.2 76.2914774181513 25.737597213308025 4.2
10064.4 75.23457579749805 25.402239127490873 4.2
10068.6 75.65873560415454 25.566777975492528 4.2
10072.8 75.4447168391987 25.51573012188612 4.2
10077.0 74.76369164159868 25.306495077385577 4.2
10081.2 74.33079763780168 25.18094358266112 4.2
10085.4 74.22308469625916 25.16540939706503 4.2
10089.6 72.7473799629425 24.68561776264589 4.2
10093.8 71.19735570737717 24.17976078569035 4.2
10098.0 73.47955576010945 24.9756040098476 4.2
10102.2 77.4292994867618 26.34001391157192 4.2
10106.4 73.02444895483895 24.862225432418104 4.2
10110.6 67.79214830837925 23.100001069531142 4.2
10114.8 70.37633640789902 24.000484005783367 4.2
10119.0 75.66483039058683 25.825456083504804 4.2
10123.2 74.17774394587201 25.338914144233662 4.2
10127.4 62.88648598405206 21.499680200512735 4.2
10131.6 60.735859824054295 20.781648743649516 4.2
10135.8 62.66098100844628 21.45813632172457 4.2
10140.0 61.43407799139469 21.055424418146682 4.2
10144.2 73.20178117879938 25.109380620949292 4.2
10148.4 90.96579123736811 31.228562972415972 4.2
10152.6 90.1194853722475 30.963639324693453 4.2
10156.8 73.73665855211526 25.355723078716395 4.2
10161.0 61.08806263290733 21.02364429546734 4.2
10165.2 59.833636561573975 20.608956378418615 4.2
10169.4 67.5097647435991 23.27212280607941 4.2
10173.6 72.09081546963895 24.87184485432219 4.2
10177.8 65.73148285803292 22.696557992323367 4.2
10182.0 62.552845353544406 21.616829642969442 4.2
10186.2 71.98945017888154 24.898432120891233 4.2
10190.4 76.69777965769518 26.548745236286052 4.2
10194.6 67.59660342405988 23.417687165076508 4.2
10198.8 62.56264539836403 21.691620612588835 4.2
10203.0 68.76532207273436 23.861843883486774 4.2
10207.2 69.6998760648405 24.206054122746615 4.2
10211.4 68.72941975033405 23.888671589190942 4.2
